race_encp,race_date,track,race_no,grade,syumoku,syabanBgColorInfo,syabanCharColorInfo,syaban,wakuban,sensyuRegistNo,sensyuName,ketujyouTuikaHojyuColorInfo,ketujyouTuikaHojyu,huKen,prevKyuhan,kyuhan,kyakusitu,heikinTokuten,nigeCnt,makuriCnt,sasiCnt,markCnt,backCnt
hHQoBSTIFmBY5TBll3-vbvZj4iS8P2rLLxGiTwIK8eIPrfqZc0nl15pmTRqyG1QB,20240301,玉野,1,G3,Ｓ級選抜,base_color_1_bk,base_color_1,1,1,014399,佐川　翔吾,,,大　阪,S2,S2,逃,98.39,2,2,2,0,2
hHQoBSTIFmBY5TBll3-vbvZj4iS8P2rLLxGiTwIK8eIPrfqZc0nl15pmTRqyG1QB,20240301,玉野,1,G3,Ｓ級選抜,base_color_2_bk,base_color_2,2,2,013495,友定　祐己,color_blue,追加,岡　山,S2,S2,追,98.37,0,0,4,0,0
hHQoBSTIFmBY5TBll3-vbvZj4iS8P2rLLxGiTwIK8eIPrfqZc0nl15pmTRqyG1QB,20240301,玉野,1,G3,Ｓ級選抜,base_color_3_bk,base_color_3,3,3,014081,田中　晴基,,,千　葉,S2,S1,追,103.58,0,0,1,3,1
hHQoBSTIFmBY5TBll3-vbvZj4iS8P2rLLxGiTwIK8eIPrfqZc0nl15pmTRqyG1QB,20240301,玉野,1,G3,Ｓ級選抜,base_color_4_bk,base_color_4,4,4,014981,磯島　康祐,,,青　森,S2,S2,逃,96.04,1,0,1,1,3
hHQoBSTIFmBY5TBll3-vbvZj4iS8P2rLLxGiTwIK8eIPrfqZc0nl15pmTRqyG1QB,20240301,玉野,1,G3,Ｓ級選抜,base_color_5_bk,base_color_5,5,4,014253,伊藤　信,,,大　阪,S1,S1,逃,104.52,1,7,0,0,1
hHQoBSTIFmBY5TBll3-vbvZj4iS8P2rLLxGiTwIK8eIPrfqZc0nl15pmTRqyG1QB,20240301,玉野,1,G3,Ｓ級選抜,base_color_6_bk,base_color_6,6,5,015060,滝本　泰行,color_blue,補充,岡　山,A1,S2,逃,94.32,1,1,4,0,7
hHQoBSTIFmBY5TBll3-vbvZj4iS8P2rLLxGiTwIK8eIPrfqZc0nl15pmTRqyG1QB,20240301,玉野,1,G3,Ｓ級選抜,base_color_7_bk,base_color_7,7,5,012786,佐藤　康紀,,,青　森,S2,S2,追,99.69,0,0,1,0,0
hHQoBSTIFmBY5TBll3-vbvZj4iS8P2rLLxGiTwIK8eIPrfqZc0nl15pmTRqyG1QB,20240301,玉野,1,G3,Ｓ級選抜,base_color_8_bk,base_color_8,8,6,014983,高木　翔,,,岩　手,A1,S2,両,94.44,0,0,2,1,0
hHQoBSTIFmBY5TBll3-vbvZj4iS8P2rLLxGiTwIK8eIPrfqZc0nl15pmTRqyG1QB,20240301,玉野,1,G3,Ｓ級選抜,base_color_9_bk,base_color_9,9,6,015619,日高　裕太,,,静　岡,S2,S2,逃,100.30,7,0,0,0,9
hHQoBSTIFmBY5TBll3-vbiNJ4pwpl2Ncd-fOmJnzJMCsqjEl6F72TDl1dKPKKv90,20240301,玉野,2,G3,Ｓ級選抜,base_color_1_bk,base_color_1,1,1,014082,高橋　雅之,,,千　葉,S2,S2,追,98.76,0,0,1,2,0
hHQoBSTIFmBY5TBll3-vbiNJ4pwpl2Ncd-fOmJnzJMCsqjEl6F72TDl1dKPKKv90,20240301,玉野,2,G3,Ｓ級選抜,base_color_2_bk,base_color_2,2,2,015183,小森　貴大,color_blue,追加,福　井,S1,S1,逃,102.04,1,3,1,0,11
hHQoBSTIFmBY5TBll3-vbiNJ4pwpl2Ncd-fOmJnzJMCsqjEl6F72TDl1dKPKKv90,20240301,玉野,2,G3,Ｓ級選抜,base_color_3_bk,base_color_3,3,3,015043,大矢　崇弘,,,東　京,S2,S2,逃,99.72,2,1,1,0,3
hHQoBSTIFmBY5TBll3-vbiNJ4pwpl2Ncd-fOmJnzJMCsqjEl6F72TDl1dKPKKv90,20240301,玉野,2,G3,Ｓ級選抜,base_color_4_bk,base_color_4,4,4,014590,近藤　夏樹,,,千　葉,A1,S2,逃,93.71,0,3,2,0,1
hHQoBSTIFmBY5TBll3-vbiNJ4pwpl2Ncd-fOmJnzJMCsqjEl6F72TDl1dKPKKv90,20240301,玉野,2,G3,Ｓ級選抜,base_color_5_bk,base_color_5,5,4,012421,小沼　良,,,埼　玉,A1,S2,追,102.00,0,0,1,1,0
hHQoBSTIFmBY5TBll3-vbiNJ4pwpl2Ncd-fOmJnzJMCsqjEl6F72TDl1dKPKKv90,20240301,玉野,2,G3,Ｓ級選抜,base_color_6_bk,base_color_6,6,5,013204,佐野　梅一,,,京　都,A1,S2,追,90.75,0,0,2,2,0
hHQoBSTIFmBY5TBll3-vbiNJ4pwpl2Ncd-fOmJnzJMCsqjEl6F72TDl1dKPKKv90,20240301,玉野,2,G3,Ｓ級選抜,base_color_7_bk,base_color_7,7,5,013724,渡辺　十夢,,,福　井,S1,S2,追,103.45,0,0,5,3,0
hHQoBSTIFmBY5TBll3-vbiNJ4pwpl2Ncd-fOmJnzJMCsqjEl6F72TDl1dKPKKv90,20240301,玉野,2,G3,Ｓ級選抜,base_color_8_bk,base_color_8,8,6,014164,田中　孝彦,,,静　岡,A1,S2,追,93.64,0,0,4,3,0
hHQoBSTIFmBY5TBll3-vbiNJ4pwpl2Ncd-fOmJnzJMCsqjEl6F72TDl1dKPKKv90,20240301,玉野,2,G3,Ｓ級選抜,base_color_9_bk,base_color_9,9,6,014221,古川　尚耶,,,栃　木,S2,S2,追,95.59,0,0,4,2,1
hHQoBSTIFmBY5TBll3-vbs7BujxvlGf-Pcmq_w2CKy3w4baqU1h7aqlw6KhXUuhf,20240301,玉野,3,G3,Ｓ級選抜,base_color_1_bk,base_color_1,1,1,014258,片山　智晴,,,岡　山,A1,S2,追,97.40,0,0,1,0,0
hHQoBSTIFmBY5TBll3-vbs7BujxvlGf-Pcmq_w2CKy3w4baqU1h7aqlw6KhXUuhf,20240301,玉野,3,G3,Ｓ級選抜,base_color_2_bk,base_color_2,2,2,014465,村上　直久,,,神奈川,S2,S2,逃,98.17,3,2,0,0,4
hHQoBSTIFmBY5TBll3-vbs7BujxvlGf-Pcmq_w2CKy3w4baqU1h7aqlw6KhXUuhf,20240301,玉野,3,G3,Ｓ級選抜,base_color_3_bk,base_color_3,3,3,014394,不破　将登,,,岐　阜,S2,S2,両,99.96,0,1,3,5,1
hHQoBSTIFmBY5TBll3-vbs7BujxvlGf-Pcmq_w2CKy3w4baqU1h7aqlw6KhXUuhf,20240301,玉野,3,G3,Ｓ級選抜,base_color_4_bk,base_color_4,4,4,015327,阿部架惟都,,,宮　城,S2,S2,逃,96.92,2,0,0,0,5
hHQoBSTIFmBY5TBll3-vbs7BujxvlGf-Pcmq_w2CKy3w4baqU1h7aqlw6KhXUuhf,20240301,玉野,3,G3,Ｓ級選抜,base_color_5_bk,base_color_5,5,4,015276,佐伯　亮輔,,,岡　山,A1,S2,逃,97.00,5,3,0,0,11
hHQoBSTIFmBY5TBll3-vbs7BujxvlGf-Pcmq_w2CKy3w4baqU1h7aqlw6KhXUuhf,20240301,玉野,3,G3,Ｓ級選抜,base_color_6_bk,base_color_6,6,5,014455,小野　裕次,,,千　葉,A1,S2,追,92.76,0,0,2,0,0
hHQoBSTIFmBY5TBll3-vbs7BujxvlGf-Pcmq_w2CKy3w4baqU1h7aqlw6KhXUuhf,20240301,玉野,3,G3,Ｓ級選抜,base_color_7_bk,base_color_7,7,5,014996,岡本　総,,,愛　知,S1,S1,追,105.23,1,1,3,1,3
hHQoBSTIFmBY5TBll3-vbs7BujxvlGf-Pcmq_w2CKy3w4baqU1h7aqlw6KhXUuhf,20240301,玉野,3,G3,Ｓ級選抜,base_color_8_bk,base_color_8,8,6,014710,花田　将司,,,千　葉,A1,S2,両,95.14,0,5,4,1,3
hHQoBSTIFmBY5TBll3-vbs7BujxvlGf-Pcmq_w2CKy3w4baqU1h7aqlw6KhXUuhf,20240301,玉野,3,G3,Ｓ級選抜,base_color_9_bk,base_color_9,9,6,013306,齋藤登志信,,,宮　城,S1,S2,追,100.90,0,0,2,1,1
hHQoBSTIFmBY5TBll3-vbhwW1lTJffsBMcoou7pODqBHyFa-ihNfuHbanC2utugr,20240301,玉野,4,G3,Ｓ級選抜,base_color_1_bk,base_color_1,1,1,015208,金ヶ江勇気,,,佐　賀,S2,S1,逃,101.37,1,7,0,1,4
hHQoBSTIFmBY5TBll3-vbhwW1lTJffsBMcoou7pODqBHyFa-ihNfuHbanC2utugr,20240301,玉野,4,G3,Ｓ級選抜,base_color_2_bk,base_color_2,2,2,015235,嵯峨昇喜郎,,,青　森,S1,S2,逃,98.25,1,1,1,2,5
hHQoBSTIFmBY5TBll3-vbhwW1lTJffsBMcoou7pODqBHyFa-ihNfuHbanC2utugr,20240301,玉野,4,G3,Ｓ級選抜,base_color_3_bk,base_color_3,3,3,014757,藤井　昭吾,,,滋　賀,S2,S2,両,100.30,0,3,2,0,0
hHQoBSTIFmBY5TBll3-vbhwW1lTJffsBMcoou7pODqBHyFa-ihNfuHbanC2utugr,20240301,玉野,4,G3,Ｓ級選抜,base_color_4_bk,base_color_4,4,4,013912,金成　和幸,,,福　島,S2,S2,追,97.10,0,0,1,1,0
hHQoBSTIFmBY5TBll3-vbhwW1lTJffsBMcoou7pODqBHyFa-ihNfuHbanC2utugr,20240301,玉野,4,G3,Ｓ級選抜,base_color_5_bk,base_color_5,5,4,014720,高橋　広大,,,埼　玉,S2,S2,追,101.45,0,0,2,2,0
hHQoBSTIFmBY5TBll3-vbhwW1lTJffsBMcoou7pODqBHyFa-ihNfuHbanC2utugr,20240301,玉野,4,G3,Ｓ級選抜,base_color_6_bk,base_color_6,6,5,013810,良永　浩一,color_blue,追加,福　岡,A1,S2,追,93.35,0,1,1,2,0
hHQoBSTIFmBY5TBll3-vbhwW1lTJffsBMcoou7pODqBHyFa-ihNfuHbanC2utugr,20240301,玉野,4,G3,Ｓ級選抜,base_color_7_bk,base_color_7,7,5,015517,橋本　壮史,color_blue,追加,茨　城,S2,S1,逃,104.45,3,3,0,0,13
hHQoBSTIFmBY5TBll3-vbhwW1lTJffsBMcoou7pODqBHyFa-ihNfuHbanC2utugr,20240301,玉野,4,G3,Ｓ級選抜,base_color_8_bk,base_color_8,8,6,015632,常次　勇人,,,大　阪,A2,S2,逃,94.09,5,4,0,0,14
hHQoBSTIFmBY5TBll3-vbhwW1lTJffsBMcoou7pODqBHyFa-ihNfuHbanC2utugr,20240301,玉野,4,G3,Ｓ級選抜,base_color_9_bk,base_color_9,9,6,014511,内藤　高裕,,,東　京,S2,S2,追,100.57,0,0,1,0,0
hHQoBSTIFmBY5TBll3-vbuYbjPPKJ-efi-F6_W7uzJcoeiva3rhlqrf7Y8F-T-Hh,20240301,玉野,5,G3,Ｓ級選抜,base_color_1_bk,base_color_1,1,1,013990,荻原　尚人,color_blue,追加,宮　城,S2,S2,追,104.85,0,0,7,1,0
hHQoBSTIFmBY5TBll3-vbuYbjPPKJ-efi-F6_W7uzJcoeiva3rhlqrf7Y8F-T-Hh,20240301,玉野,5,G3,Ｓ級選抜,base_color_2_bk,base_color_2,2,2,015466,久田　裕也,,,徳　島,S2,S2,逃,105.17,4,7,1,0,9
hHQoBSTIFmBY5TBll3-vbuYbjPPKJ-efi-F6_W7uzJcoeiva3rhlqrf7Y8F-T-Hh,20240301,玉野,5,G3,Ｓ級選抜,base_color_3_bk,base_color_3,3,3,013335,坂上　樹大,,,石　川,A1,S2,追,97.68,0,2,7,1,1
hHQoBSTIFmBY5TBll3-vbuYbjPPKJ-efi-F6_W7uzJcoeiva3rhlqrf7Y8F-T-Hh,20240301,玉野,5,G3,Ｓ級選抜,base_color_4_bk,base_color_4,4,4,013482,松崎　貴久,,,富　山,A1,S2,追,94.82,0,0,6,3,0
hHQoBSTIFmBY5TBll3-vbuYbjPPKJ-efi-F6_W7uzJcoeiva3rhlqrf7Y8F-T-Hh,20240301,玉野,5,G3,Ｓ級選抜,base_color_5_bk,base_color_5,5,4,013230,開坂　秀明,,,青　森,S2,S2,追,96.03,0,0,0,1,0
hHQoBSTIFmBY5TBll3-vbuYbjPPKJ-efi-F6_W7uzJcoeiva3rhlqrf7Y8F-T-Hh,20240301,玉野,5,G3,Ｓ級選抜,base_color_6_bk,base_color_6,6,5,013883,高津　晃治,color_blue,補充,岡　山,A1,S2,追,92.80,0,0,2,1,0
hHQoBSTIFmBY5TBll3-vbuYbjPPKJ-efi-F6_W7uzJcoeiva3rhlqrf7Y8F-T-Hh,20240301,玉野,5,G3,Ｓ級選抜,base_color_7_bk,base_color_7,7,5,014168,高橋　和也,,,愛　知,S2,S2,両,99.52,0,4,1,1,2
hHQoBSTIFmBY5TBll3-vbuYbjPPKJ-efi-F6_W7uzJcoeiva3rhlqrf7Y8F-T-Hh,20240301,玉野,5,G3,Ｓ級選抜,base_color_8_bk,base_color_8,8,6,015508,菅野　航基,,,宮　城,A1,S2,逃,94.00,6,0,0,0,14
hHQoBSTIFmBY5TBll3-vbuYbjPPKJ-efi-F6_W7uzJcoeiva3rhlqrf7Y8F-T-Hh,20240301,玉野,5,G3,Ｓ級選抜,base_color_9_bk,base_color_9,9,6,014554,山形　一気,,,徳　島,S1,S2,両,104.88,0,1,6,1,0
hHQoBSTIFmBY5TBll3-vbq0OLn9Rn0g5JM5drKCQ-5Deja0S8BQGychFrhCHkZl9,20240301,玉野,6,G3,Ｓ級二次予選,base_color_1_bk,base_color_1,1,1,014016,石塚　孝幸,,,神奈川,S2,S2,追,104.78,0,0,5,1,0
hHQoBSTIFmBY5TBll3-vbq0OLn9Rn0g5JM5drKCQ-5Deja0S8BQGychFrhCHkZl9,20240301,玉野,6,G3,Ｓ級二次予選,base_color_2_bk,base_color_2,2,2,015061,取鳥　雄吾,,,岡　山,S1,S1,逃,111.25,5,6,1,1,11
hHQoBSTIFmBY5TBll3-vbq0OLn9Rn0g5JM5drKCQ-5Deja0S8BQGychFrhCHkZl9,20240301,玉野,6,G3,Ｓ級二次予選,base_color_3_bk,base_color_3,3,3,014635,中本　匠栄,,,熊　本,S1,S1,追,106.90,0,0,0,0,0
hHQoBSTIFmBY5TBll3-vbq0OLn9Rn0g5JM5drKCQ-5Deja0S8BQGychFrhCHkZl9,20240301,玉野,6,G3,Ｓ級二次予選,base_color_4_bk,base_color_4,4,4,014177,小堺　浩二,,,石　川,S2,S2,両,99.75,0,8,2,0,1
hHQoBSTIFmBY5TBll3-vbq0OLn9Rn0g5JM5drKCQ-5Deja0S8BQGychFrhCHkZl9,20240301,玉野,6,G3,Ｓ級二次予選,base_color_5_bk,base_color_5,5,4,015373,晝田宗一郎,,,岡　山,S2,S2,逃,103.92,2,9,2,0,9
hHQoBSTIFmBY5TBll3-vbq0OLn9Rn0g5JM5drKCQ-5Deja0S8BQGychFrhCHkZl9,20240301,玉野,6,G3,Ｓ級二次予選,base_color_6_bk,base_color_6,6,5,015361,高田　修汰,,,福　井,S2,S2,逃,94.26,1,0,0,0,15
hHQoBSTIFmBY5TBll3-vbq0OLn9Rn0g5JM5drKCQ-5Deja0S8BQGychFrhCHkZl9,20240301,玉野,6,G3,Ｓ級二次予選,base_color_7_bk,base_color_7,7,5,015381,岩谷　拓磨,,,福　岡,S1,S1,逃,106.31,1,9,1,0,10
hHQoBSTIFmBY5TBll3-vbq0OLn9Rn0g5JM5drKCQ-5Deja0S8BQGychFrhCHkZl9,20240301,玉野,6,G3,Ｓ級二次予選,base_color_8_bk,base_color_8,8,6,013653,森安　崇之,,,香　川,S2,S2,追,94.82,0,0,2,0,0
hHQoBSTIFmBY5TBll3-vbq0OLn9Rn0g5JM5drKCQ-5Deja0S8BQGychFrhCHkZl9,20240301,玉野,6,G3,Ｓ級二次予選,base_color_9_bk,base_color_9,9,6,015289,橋本　瑠偉,color_blue,追加,栃　木,S2,S1,逃,104.61,3,5,1,0,5
hHQoBSTIFmBY5TBll3-vbsfa3o63ptoIY9_n-pQz2pRPOg4w3STOnvGT1FF8QzRd,20240301,玉野,7,G3,Ｓ級二次予選,base_color_1_bk,base_color_1,1,1,015040,隅田　洋介,,,岡　山,S1,S1,両,111.90,0,0,3,1,0
hHQoBSTIFmBY5TBll3-vbsfa3o63ptoIY9_n-pQz2pRPOg4w3STOnvGT1FF8QzRd,20240301,玉野,7,G3,Ｓ級二次予選,base_color_2_bk,base_color_2,2,2,014458,近藤　保,,,千　葉,S1,S1,追,103.51,0,3,6,3,0
hHQoBSTIFmBY5TBll3-vbsfa3o63ptoIY9_n-pQz2pRPOg4w3STOnvGT1FF8QzRd,20240301,玉野,7,G3,Ｓ級二次予選,base_color_3_bk,base_color_3,3,3,014113,北津留　翼,,,福　岡,S1,S1,逃,112.48,0,11,2,0,9
hHQoBSTIFmBY5TBll3-vbsfa3o63ptoIY9_n-pQz2pRPOg4w3STOnvGT1FF8QzRd,20240301,玉野,7,G3,Ｓ級二次予選,base_color_4_bk,base_color_4,4,4,012948,小林　潤二,,,群　馬,S2,S2,追,102.00,0,0,4,1,0
hHQoBSTIFmBY5TBll3-vbsfa3o63ptoIY9_n-pQz2pRPOg4w3STOnvGT1FF8QzRd,20240301,玉野,7,G3,Ｓ級二次予選,base_color_5_bk,base_color_5,5,4,015436,青野　将大,,,神奈川,S1,S1,逃,107.50,7,3,0,0,12
hHQoBSTIFmBY5TBll3-vbsfa3o63ptoIY9_n-pQz2pRPOg4w3STOnvGT1FF8QzRd,20240301,玉野,7,G3,Ｓ級二次予選,base_color_6_bk,base_color_6,6,5,013924,阿久津　修,,,栃　木,S2,S2,追,95.76,0,0,0,3,0
hHQoBSTIFmBY5TBll3-vbsfa3o63ptoIY9_n-pQz2pRPOg4w3STOnvGT1FF8QzRd,20240301,玉野,7,G3,Ｓ級二次予選,base_color_7_bk,base_color_7,7,5,013963,柏野　智典,,,岡　山,S1,S1,追,106.53,0,0,4,1,0
hHQoBSTIFmBY5TBll3-vbsfa3o63ptoIY9_n-pQz2pRPOg4w3STOnvGT1FF8QzRd,20240301,玉野,7,G3,Ｓ級二次予選,base_color_8_bk,base_color_8,8,6,014574,佐伯　翔,,,福　島,S2,S2,追,98.28,0,0,2,3,0
hHQoBSTIFmBY5TBll3-vbsfa3o63ptoIY9_n-pQz2pRPOg4w3STOnvGT1FF8QzRd,20240301,玉野,7,G3,Ｓ級二次予選,base_color_9_bk,base_color_9,9,6,015522,堀江　省吾,,,長　野,S2,S2,逃,103.71,4,5,0,0,13
hHQoBSTIFmBY5TBll3-vbnrFxVw4ch6ECHRRpg_rVMmOEFfZlCfQ3RxcSDVn1sFA,20240301,玉野,8,G3,Ｓ級二次予選,base_color_1_bk,base_color_1,1,1,015661,東矢　圭吾,,,熊　本,S2,S2,逃,105.95,5,1,1,0,9
hHQoBSTIFmBY5TBll3-vbnrFxVw4ch6ECHRRpg_rVMmOEFfZlCfQ3RxcSDVn1sFA,20240301,玉野,8,G3,Ｓ級二次予選,base_color_2_bk,base_color_2,2,2,014384,佐藤　龍二,,,神奈川,S2,S2,両,102.51,0,3,5,3,0
hHQoBSTIFmBY5TBll3-vbnrFxVw4ch6ECHRRpg_rVMmOEFfZlCfQ3RxcSDVn1sFA,20240301,玉野,8,G3,Ｓ級二次予選,base_color_3_bk,base_color_3,3,3,013841,平原　康多,,,埼　玉,S1,S1,両,113.47,0,0,8,2,0
hHQoBSTIFmBY5TBll3-vbnrFxVw4ch6ECHRRpg_rVMmOEFfZlCfQ3RxcSDVn1sFA,20240301,玉野,8,G3,Ｓ級二次予選,base_color_4_bk,base_color_4,4,4,014264,松尾信太郎,,,福　岡,S2,S2,追,101.19,0,2,3,4,0
hHQoBSTIFmBY5TBll3-vbnrFxVw4ch6ECHRRpg_rVMmOEFfZlCfQ3RxcSDVn1sFA,20240301,玉野,8,G3,Ｓ級二次予選,base_color_5_bk,base_color_5,5,4,015248,森田　優弥,,,埼　玉,S2,S2,逃,109.57,10,3,1,0,15
hHQoBSTIFmBY5TBll3-vbnrFxVw4ch6ECHRRpg_rVMmOEFfZlCfQ3RxcSDVn1sFA,20240301,玉野,8,G3,Ｓ級二次予選,base_color_6_bk,base_color_6,6,5,015035,阿部　拓真,,,宮　城,S2,S1,両,97.62,0,0,2,0,3
hHQoBSTIFmBY5TBll3-vbnrFxVw4ch6ECHRRpg_rVMmOEFfZlCfQ3RxcSDVn1sFA,20240301,玉野,8,G3,Ｓ級二次予選,base_color_7_bk,base_color_7,7,5,014117,小岩　大介,,,大　分,S1,S1,追,109.87,0,0,7,4,0
hHQoBSTIFmBY5TBll3-vbnrFxVw4ch6ECHRRpg_rVMmOEFfZlCfQ3RxcSDVn1sFA,20240301,玉野,8,G3,Ｓ級二次予選,base_color_8_bk,base_color_8,8,6,014004,松永　将,,,茨　城,S2,S2,追,98.26,0,0,3,1,0
hHQoBSTIFmBY5TBll3-vbnrFxVw4ch6ECHRRpg_rVMmOEFfZlCfQ3RxcSDVn1sFA,20240301,玉野,8,G3,Ｓ級二次予選,base_color_9_bk,base_color_9,9,6,012819,齊藤　竜也,,,神奈川,S1,S2,追,101.81,0,0,1,0,0
hHQoBSTIFmBY5TBll3-vbnPqlXpuzoVUlmo7x90FOEquihUOy_W_rBZ_JKJGTks5,20240301,玉野,9,G3,Ｓ級二次予選,base_color_1_bk,base_color_1,1,1,014939,長尾　拳太,,,岐　阜,S2,S2,両,101.45,0,1,2,2,2
hHQoBSTIFmBY5TBll3-vbnPqlXpuzoVUlmo7x90FOEquihUOy_W_rBZ_JKJGTks5,20240301,玉野,9,G3,Ｓ級二次予選,base_color_2_bk,base_color_2,2,2,015518,吉田　有希,,,茨　城,S1,S1,逃,108.11,6,1,0,1,7
hHQoBSTIFmBY5TBll3-vbnPqlXpuzoVUlmo7x90FOEquihUOy_W_rBZ_JKJGTks5,20240301,玉野,9,G3,Ｓ級二次予選,base_color_3_bk,base_color_3,3,3,012339,内藤　宣彦,,,秋　田,S1,S1,追,106.90,0,0,6,1,0
hHQoBSTIFmBY5TBll3-vbnPqlXpuzoVUlmo7x90FOEquihUOy_W_rBZ_JKJGTks5,20240301,玉野,9,G3,Ｓ級二次予選,base_color_4_bk,base_color_4,4,4,014588,柿澤　大貴,,,長　野,S1,S1,追,100.16,0,1,0,2,1
hHQoBSTIFmBY5TBll3-vbnPqlXpuzoVUlmo7x90FOEquihUOy_W_rBZ_JKJGTks5,20240301,玉野,9,G3,Ｓ級二次予選,base_color_5_bk,base_color_5,5,4,014714,橋本　智昭,color_blue,追加,宮　城,S2,S2,逃,101.00,1,2,2,2,4
hHQoBSTIFmBY5TBll3-vbnPqlXpuzoVUlmo7x90FOEquihUOy_W_rBZ_JKJGTks5,20240301,玉野,9,G3,Ｓ級二次予選,base_color_6_bk,base_color_6,6,5,013045,岩本　和也,,,石　川,A1,S2,追,96.15,0,1,3,2,0
hHQoBSTIFmBY5TBll3-vbnPqlXpuzoVUlmo7x90FOEquihUOy_W_rBZ_JKJGTks5,20240301,玉野,9,G3,Ｓ級二次予選,base_color_7_bk,base_color_7,7,5,014441,芦澤　辰弘,,,茨　城,S2,S2,追,105.54,0,1,7,4,0
hHQoBSTIFmBY5TBll3-vbnPqlXpuzoVUlmo7x90FOEquihUOy_W_rBZ_JKJGTks5,20240301,玉野,9,G3,Ｓ級二次予選,base_color_8_bk,base_color_8,8,6,014440,渡辺　正光,,,福　島,S2,S2,追,97.13,0,0,1,1,1
hHQoBSTIFmBY5TBll3-vbnPqlXpuzoVUlmo7x90FOEquihUOy_W_rBZ_JKJGTks5,20240301,玉野,9,G3,Ｓ級二次予選,base_color_9_bk,base_color_9,9,6,015451,山口　拳矢,,,岐　阜,SS,SS,逃,113.22,0,2,0,0,1
hHQoBSTIFmBY5TBll3-vbo4jpqz7K0n2JUiZpRnh0PQCnfblvO-yy413yzhWEpoo,20240301,玉野,10,G3,Ｓ級二次予選,base_color_1_bk,base_color_1,1,1,014356,佐藤　一伸,,,福　島,S2,S1,両,104.55,2,4,4,1,3
hHQoBSTIFmBY5TBll3-vbo4jpqz7K0n2JUiZpRnh0PQCnfblvO-yy413yzhWEpoo,20240301,玉野,10,G3,Ｓ級二次予選,base_color_2_bk,base_color_2,2,2,013880,岩津　裕介,,,岡　山,S1,S1,追,108.57,0,0,1,1,0
hHQoBSTIFmBY5TBll3-vbo4jpqz7K0n2JUiZpRnh0PQCnfblvO-yy413yzhWEpoo,20240301,玉野,10,G3,Ｓ級二次予選,base_color_3_bk,base_color_3,3,3,013791,村上　博幸,,,京　都,S1,S1,追,112.00,0,0,5,3,0
hHQoBSTIFmBY5TBll3-vbo4jpqz7K0n2JUiZpRnh0PQCnfblvO-yy413yzhWEpoo,20240301,玉野,10,G3,Ｓ級二次予選,base_color_4_bk,base_color_4,4,4,014795,櫻井　正孝,,,宮　城,S1,S1,追,103.78,0,0,3,0,0
hHQoBSTIFmBY5TBll3-vbo4jpqz7K0n2JUiZpRnh0PQCnfblvO-yy413yzhWEpoo,20240301,玉野,10,G3,Ｓ級二次予選,base_color_5_bk,base_color_5,5,4,015465,石原　颯,,,香　川,S1,S2,逃,104.28,9,5,0,0,13
hHQoBSTIFmBY5TBll3-vbo4jpqz7K0n2JUiZpRnh0PQCnfblvO-yy413yzhWEpoo,20240301,玉野,10,G3,Ｓ級二次予選,base_color_6_bk,base_color_6,6,5,013274,八日市屋浩,,,石　川,S2,S2,追,99.37,0,0,2,5,0
hHQoBSTIFmBY5TBll3-vbo4jpqz7K0n2JUiZpRnh0PQCnfblvO-yy413yzhWEpoo,20240301,玉野,10,G3,Ｓ級二次予選,base_color_7_bk,base_color_7,7,5,015009,清水　裕友,,,山　口,SS,SS,逃,118.64,0,7,2,2,1
hHQoBSTIFmBY5TBll3-vbo4jpqz7K0n2JUiZpRnh0PQCnfblvO-yy413yzhWEpoo,20240301,玉野,10,G3,Ｓ級二次予選,base_color_8_bk,base_color_8,8,6,013604,庄子　信弘,,,宮　城,S2,S2,追,100.63,0,0,2,0,0
hHQoBSTIFmBY5TBll3-vbo4jpqz7K0n2JUiZpRnh0PQCnfblvO-yy413yzhWEpoo,20240301,玉野,10,G3,Ｓ級二次予選,base_color_9_bk,base_color_9,9,6,015274,福永　大智,,,大　阪,S1,S1,逃,108.13,1,6,0,0,11
hHQoBSTIFmBY5TBll3-vbseJiQeMamxQSBkhuBaiVht1ioo9tJyLPqOvQ3p-6tCX,20240301,玉野,11,G3,Ｓ級二次予選,base_color_1_bk,base_color_1,1,1,015242,眞杉　匠,,,栃　木,SS,SS,逃,117.80,0,1,0,0,0
hHQoBSTIFmBY5TBll3-vbseJiQeMamxQSBkhuBaiVht1ioo9tJyLPqOvQ3p-6tCX,20240301,玉野,11,G3,Ｓ級二次予選,base_color_2_bk,base_color_2,2,2,014317,山田　久徳,,,京　都,S1,S1,両,107.91,4,3,3,0,6
hHQoBSTIFmBY5TBll3-vbseJiQeMamxQSBkhuBaiVht1ioo9tJyLPqOvQ3p-6tCX,20240301,玉野,11,G3,Ｓ級二次予選,base_color_3_bk,base_color_3,3,3,015120,竹内　翼,,,広　島,S1,S2,逃,101.80,2,4,1,0,7
hHQoBSTIFmBY5TBll3-vbseJiQeMamxQSBkhuBaiVht1ioo9tJyLPqOvQ3p-6tCX,20240301,玉野,11,G3,Ｓ級二次予選,base_color_4_bk,base_color_4,4,4,013685,岡田　征陽,,,東　京,S2,S2,追,99.33,0,0,2,2,0
hHQoBSTIFmBY5TBll3-vbseJiQeMamxQSBkhuBaiVht1ioo9tJyLPqOvQ3p-6tCX,20240301,玉野,11,G3,Ｓ級二次予選,base_color_5_bk,base_color_5,5,4,015291,山口　敦也,,,佐　賀,S1,S2,両,105.10,0,1,1,1,0
hHQoBSTIFmBY5TBll3-vbseJiQeMamxQSBkhuBaiVht1ioo9tJyLPqOvQ3p-6tCX,20240301,玉野,11,G3,Ｓ級二次予選,base_color_6_bk,base_color_6,6,5,013438,前反祐一郎,,,広　島,S2,S2,追,94.00,0,0,0,0,0
hHQoBSTIFmBY5TBll3-vbseJiQeMamxQSBkhuBaiVht1ioo9tJyLPqOvQ3p-6tCX,20240301,玉野,11,G3,Ｓ級二次予選,base_color_7_bk,base_color_7,7,5,015385,立部　楓真,,,佐　賀,S2,S2,逃,102.40,3,5,0,0,11
hHQoBSTIFmBY5TBll3-vbseJiQeMamxQSBkhuBaiVht1ioo9tJyLPqOvQ3p-6tCX,20240301,玉野,11,G3,Ｓ級二次予選,base_color_8_bk,base_color_8,8,6,014845,表原　周,,,大　阪,S2,S2,追,98.46,0,1,2,3,0
hHQoBSTIFmBY5TBll3-vbseJiQeMamxQSBkhuBaiVht1ioo9tJyLPqOvQ3p-6tCX,20240301,玉野,11,G3,Ｓ級二次予選,base_color_9_bk,base_color_9,9,6,014809,恩田　淳平,,,群　馬,S2,S1,追,108.68,0,1,7,2,0
hHQoBSTIFmBY5TBll3-vboaMRfZQdfSmJsFlOqDqhhTIphPrWq-WIwYsk_BaN1t8,20240301,玉野,12,G3,Ｓ級二次予選,base_color_1_bk,base_color_1,1,1,014681,松浦　悠士,,,広　島,SS,SS,両,118.62,0,3,7,0,0
hHQoBSTIFmBY5TBll3-vboaMRfZQdfSmJsFlOqDqhhTIphPrWq-WIwYsk_BaN1t8,20240301,玉野,12,G3,Ｓ級二次予選,base_color_2_bk,base_color_2,2,2,014564,塚本　大樹,,,熊　本,S1,S2,追,105.44,0,0,0,2,0
hHQoBSTIFmBY5TBll3-vboaMRfZQdfSmJsFlOqDqhhTIphPrWq-WIwYsk_BaN1t8,20240301,玉野,12,G3,Ｓ級二次予選,base_color_3_bk,base_color_3,3,3,014507,長島　大介,,,栃　木,S1,S1,逃,108.05,2,3,2,0,5
hHQoBSTIFmBY5TBll3-vboaMRfZQdfSmJsFlOqDqhhTIphPrWq-WIwYsk_BaN1t8,20240301,玉野,12,G3,Ｓ級二次予選,base_color_4_bk,base_color_4,4,4,015546,山根　将太,,,岡　山,S1,S1,逃,103.07,4,2,1,0,8
hHQoBSTIFmBY5TBll3-vboaMRfZQdfSmJsFlOqDqhhTIphPrWq-WIwYsk_BaN1t8,20240301,玉野,12,G3,Ｓ級二次予選,base_color_5_bk,base_color_5,5,4,014358,須永　優太,,,福　島,S1,S2,追,103.13,0,0,5,0,0
hHQoBSTIFmBY5TBll3-vboaMRfZQdfSmJsFlOqDqhhTIphPrWq-WIwYsk_BaN1t8,20240301,玉野,12,G3,Ｓ級二次予選,base_color_6_bk,base_color_6,6,5,014641,箱田　優樹,,,青　森,S2,S2,両,98.46,0,1,0,0,1
hHQoBSTIFmBY5TBll3-vboaMRfZQdfSmJsFlOqDqhhTIphPrWq-WIwYsk_BaN1t8,20240301,玉野,12,G3,Ｓ級二次予選,base_color_7_bk,base_color_7,7,5,015195,久保田泰弘,,,山　口,S2,S2,追,103.54,0,0,4,1,0
hHQoBSTIFmBY5TBll3-vboaMRfZQdfSmJsFlOqDqhhTIphPrWq-WIwYsk_BaN1t8,20240301,玉野,12,G3,Ｓ級二次予選,base_color_8_bk,base_color_8,8,6,014451,武藤　篤弘,,,埼　玉,S2,S2,追,101.80,0,0,3,1,0
hHQoBSTIFmBY5TBll3-vboaMRfZQdfSmJsFlOqDqhhTIphPrWq-WIwYsk_BaN1t8,20240301,玉野,12,G3,Ｓ級二次予選,base_color_9_bk,base_color_9,9,6,015207,林　慶次郎,,,福　岡,S2,S2,逃,103.95,3,4,1,0,10
4y6dPhGvcrSladdkbHuti7lkNiKRIIkVSuXE5W0nuw6ixTo5TDGF2vhUg5E9v5Mt,20240301,いわき平,1,F1,Ａ級予選,base_color_1_bk,base_color_1,1,,014334,高倉　俊宏,,,福　岡,A2,A2,両,85.95,2,3,3,1,2
4y6dPhGvcrSladdkbHuti7lkNiKRIIkVSuXE5W0nuw6ixTo5TDGF2vhUg5E9v5Mt,20240301,いわき平,1,F1,Ａ級予選,base_color_2_bk,base_color_2,2,,013914,小谷田公則,,,福　島,A2,A2,追,83.96,0,0,4,5,0
4y6dPhGvcrSladdkbHuti7lkNiKRIIkVSuXE5W0nuw6ixTo5TDGF2vhUg5E9v5Mt,20240301,いわき平,1,F1,Ａ級予選,base_color_3_bk,base_color_3,3,,013553,小島　雅章,,,埼　玉,A1,A1,追,84.60,0,0,5,2,0
4y6dPhGvcrSladdkbHuti7lkNiKRIIkVSuXE5W0nuw6ixTo5TDGF2vhUg5E9v5Mt,20240301,いわき平,1,F1,Ａ級予選,base_color_4_bk,base_color_4,4,,014731,山崎　輝夫,,,埼　玉,A1,A1,両,89.36,1,0,8,3,1
4y6dPhGvcrSladdkbHuti7lkNiKRIIkVSuXE5W0nuw6ixTo5TDGF2vhUg5E9v5Mt,20240301,いわき平,1,F1,Ａ級予選,base_color_5_bk,base_color_5,5,,011451,重　一徳,,,鹿児島,A2,A2,追,81.04,0,0,2,2,0
4y6dPhGvcrSladdkbHuti7lkNiKRIIkVSuXE5W0nuw6ixTo5TDGF2vhUg5E9v5Mt,20240301,いわき平,1,F1,Ａ級予選,base_color_6_bk,base_color_6,6,,015155,三浦　大輝,,,宮　城,A2,A2,逃,80.20,1,0,0,0,4
4y6dPhGvcrSladdkbHuti7lkNiKRIIkVSuXE5W0nuw6ixTo5TDGF2vhUg5E9v5Mt,20240301,いわき平,1,F1,Ａ級予選,base_color_7_bk,base_color_7,7,,014579,齋藤　一茂,,,群　馬,A2,A2,逃,85.29,6,2,1,0,13
4y6dPhGvcrSladdkbHuti18L8ih9zi5aABSaWqOVoYw0GS8xXAIyC_aPwv2qpAuf,20240301,いわき平,2,F1,Ａ級予選,base_color_1_bk,base_color_1,1,,012466,郡　英治,,,広　島,A1,A2,追,84.66,0,0,2,2,0
4y6dPhGvcrSladdkbHuti18L8ih9zi5aABSaWqOVoYw0GS8xXAIyC_aPwv2qpAuf,20240301,いわき平,2,F1,Ａ級予選,base_color_2_bk,base_color_2,2,,014263,樫山　恭柄,,,福　岡,A1,A1,追,90.91,0,0,4,7,0
4y6dPhGvcrSladdkbHuti18L8ih9zi5aABSaWqOVoYw0GS8xXAIyC_aPwv2qpAuf,20240301,いわき平,2,F1,Ａ級予選,base_color_3_bk,base_color_3,3,,013099,大橋　直人,,,埼　玉,A2,A2,追,82.64,0,0,0,0,0
4y6dPhGvcrSladdkbHuti18L8ih9zi5aABSaWqOVoYw0GS8xXAIyC_aPwv2qpAuf,20240301,いわき平,2,F1,Ａ級予選,base_color_4_bk,base_color_4,4,,015371,田上　晃也,,,岡　山,A1,A1,逃,81.86,4,1,2,0,16
4y6dPhGvcrSladdkbHuti18L8ih9zi5aABSaWqOVoYw0GS8xXAIyC_aPwv2qpAuf,20240301,いわき平,2,F1,Ａ級予選,base_color_5_bk,base_color_5,5,,015556,上野　恭哉,,,福　岡,A1,A2,逃,88.00,1,3,3,1,4
4y6dPhGvcrSladdkbHuti18L8ih9zi5aABSaWqOVoYw0GS8xXAIyC_aPwv2qpAuf,20240301,いわき平,2,F1,Ａ級予選,base_color_6_bk,base_color_6,6,,012586,佐藤　和典,,,神奈川,A2,A2,追,77.33,0,0,0,0,0
4y6dPhGvcrSladdkbHuti18L8ih9zi5aABSaWqOVoYw0GS8xXAIyC_aPwv2qpAuf,20240301,いわき平,2,F1,Ａ級予選,base_color_7_bk,base_color_7,7,,013399,塚本　勝士,,,栃　木,A2,A1,両,78.86,0,0,0,0,0
4y6dPhGvcrSladdkbHuti6Kug5XxBb-88bjOUPWuVYvCT_UK6j-huS-n1dcbhF2E,20240301,いわき平,3,F1,Ａ級予選,base_color_1_bk,base_color_1,1,,012794,宇賀神浩幸,,,栃　木,A1,A2,追,84.83,0,0,1,2,0
4y6dPhGvcrSladdkbHuti6Kug5XxBb-88bjOUPWuVYvCT_UK6j-huS-n1dcbhF2E,20240301,いわき平,3,F1,Ａ級予選,base_color_2_bk,base_color_2,2,,014019,長崎　達也,,,神奈川,A3,A2,両,75.62,0,0,3,1,0
4y6dPhGvcrSladdkbHuti6Kug5XxBb-88bjOUPWuVYvCT_UK6j-huS-n1dcbhF2E,20240301,いわき平,3,F1,Ａ級予選,base_color_3_bk,base_color_3,3,,015200,谷口　幸司,,,高　知,A1,A1,両,88.33,0,0,4,3,0
4y6dPhGvcrSladdkbHuti6Kug5XxBb-88bjOUPWuVYvCT_UK6j-huS-n1dcbhF2E,20240301,いわき平,3,F1,Ａ級予選,base_color_4_bk,base_color_4,4,,015650,田代　匠,color_blue,追加,福　岡,A2,A2,逃,86.13,3,1,1,0,10
4y6dPhGvcrSladdkbHuti6Kug5XxBb-88bjOUPWuVYvCT_UK6j-huS-n1dcbhF2E,20240301,いわき平,3,F1,Ａ級予選,base_color_5_bk,base_color_5,5,,014805,吉田　元輝,,,茨　城,A2,A2,両,84.95,0,1,2,3,3
4y6dPhGvcrSladdkbHuti6Kug5XxBb-88bjOUPWuVYvCT_UK6j-huS-n1dcbhF2E,20240301,いわき平,3,F1,Ａ級予選,base_color_6_bk,base_color_6,6,,014772,細田　純平,,,広　島,A3,A2,逃,73.50,1,0,0,0,6
4y6dPhGvcrSladdkbHuti6Kug5XxBb-88bjOUPWuVYvCT_UK6j-huS-n1dcbhF2E,20240301,いわき平,3,F1,Ａ級予選,base_color_7_bk,base_color_7,7,,014304,大竹　哲也,,,静　岡,A1,A1,追,83.75,0,0,4,1,0
4y6dPhGvcrSladdkbHuti4bukhD9S7UNUf0T4WpniAxYT1c_pIOK7xaFH0ebray-,20240301,いわき平,4,F1,Ａ級予選,base_color_1_bk,base_color_1,1,,015513,菊池　翔,,,福　島,A1,A1,逃,89.66,2,3,1,1,5
4y6dPhGvcrSladdkbHuti4bukhD9S7UNUf0T4WpniAxYT1c_pIOK7xaFH0ebray-,20240301,いわき平,4,F1,Ａ級予選,base_color_2_bk,base_color_2,2,,011487,宮倉　勇,,,千　葉,A1,A1,追,84.20,0,1,3,0,0
4y6dPhGvcrSladdkbHuti4bukhD9S7UNUf0T4WpniAxYT1c_pIOK7xaFH0ebray-,20240301,いわき平,4,F1,Ａ級予選,base_color_3_bk,base_color_3,3,,013742,葛西雄太郎,,,愛　媛,A1,A2,両,79.95,6,0,0,0,13
4y6dPhGvcrSladdkbHuti4bukhD9S7UNUf0T4WpniAxYT1c_pIOK7xaFH0ebray-,20240301,いわき平,4,F1,Ａ級予選,base_color_4_bk,base_color_4,4,,014850,岡田　啓渡,,,愛　媛,A1,A2,両,83.46,0,0,3,0,1
4y6dPhGvcrSladdkbHuti4bukhD9S7UNUf0T4WpniAxYT1c_pIOK7xaFH0ebray-,20240301,いわき平,4,F1,Ａ級予選,base_color_5_bk,base_color_5,5,,012261,岡部　芳幸,,,福　島,A1,A1,追,90.85,0,1,3,3,1
4y6dPhGvcrSladdkbHuti4bukhD9S7UNUf0T4WpniAxYT1c_pIOK7xaFH0ebray-,20240301,いわき平,4,F1,Ａ級予選,base_color_6_bk,base_color_6,6,,014278,白川　将太,,,青　森,A1,A2,追,79.47,0,0,0,0,0
4y6dPhGvcrSladdkbHuti4bukhD9S7UNUf0T4WpniAxYT1c_pIOK7xaFH0ebray-,20240301,いわき平,4,F1,Ａ級予選,base_color_7_bk,base_color_7,7,,014937,田中　誇士,,,静　岡,A2,A2,両,82.09,6,1,0,0,7
4y6dPhGvcrSladdkbHuti3uPT0QHqiTVFJEeoZvsb6OQiCmwZIts2DdbBJleFQXt,20240301,いわき平,5,F1,Ａ級初日特選,base_color_1_bk,base_color_1,1,,015529,塚本　瑠羽,,,神奈川,A2,A1,逃,91.23,3,4,0,0,5
4y6dPhGvcrSladdkbHuti3uPT0QHqiTVFJEeoZvsb6OQiCmwZIts2DdbBJleFQXt,20240301,いわき平,5,F1,Ａ級初日特選,base_color_2_bk,base_color_2,2,,013493,立花　成泰,,,岡　山,S2,A1,追,91.36,0,0,2,2,0
4y6dPhGvcrSladdkbHuti3uPT0QHqiTVFJEeoZvsb6OQiCmwZIts2DdbBJleFQXt,20240301,いわき平,5,F1,Ａ級初日特選,base_color_3_bk,base_color_3,3,,015339,土田　武志,,,茨　城,A1,A1,逃,92.66,3,0,1,0,4
4y6dPhGvcrSladdkbHuti3uPT0QHqiTVFJEeoZvsb6OQiCmwZIts2DdbBJleFQXt,20240301,いわき平,5,F1,Ａ級初日特選,base_color_4_bk,base_color_4,4,,013824,上吹越直樹,,,鹿児島,S2,A1,追,94.05,0,0,4,1,0
4y6dPhGvcrSladdkbHuti3uPT0QHqiTVFJEeoZvsb6OQiCmwZIts2DdbBJleFQXt,20240301,いわき平,5,F1,Ａ級初日特選,base_color_5_bk,base_color_5,5,,015285,久樹　克門,,,徳　島,A1,A1,逃,93.71,1,5,4,1,3
4y6dPhGvcrSladdkbHuti3uPT0QHqiTVFJEeoZvsb6OQiCmwZIts2DdbBJleFQXt,20240301,いわき平,5,F1,Ａ級初日特選,base_color_6_bk,base_color_6,6,,012164,堀　政美,,,茨　城,A1,A1,追,90.96,0,1,3,5,0
4y6dPhGvcrSladdkbHuti3uPT0QHqiTVFJEeoZvsb6OQiCmwZIts2DdbBJleFQXt,20240301,いわき平,5,F1,Ａ級初日特選,base_color_7_bk,base_color_7,7,,014378,加賀山　淳,,,千　葉,A1,A1,逃,95.50,5,6,2,0,6
4y6dPhGvcrSladdkbHuti2dhX3NrOj1GmYKU94apwMGgANkz7_1sTYQe-2Y5YHDv,20240301,いわき平,6,F1,Ｓ級予選,base_color_1_bk,base_color_1,1,,014622,高市　訓但,,,愛　媛,S2,S2,追,96.55,0,0,2,2,0
4y6dPhGvcrSladdkbHuti2dhX3NrOj1GmYKU94apwMGgANkz7_1sTYQe-2Y5YHDv,20240301,いわき平,6,F1,Ｓ級予選,base_color_2_bk,base_color_2,2,,014080,近藤　隆司,,,千　葉,S1,S2,逃,100.03,3,2,2,1,3
4y6dPhGvcrSladdkbHuti2dhX3NrOj1GmYKU94apwMGgANkz7_1sTYQe-2Y5YHDv,20240301,いわき平,6,F1,Ｓ級予選,base_color_3_bk,base_color_3,3,,015346,鈴木　薫,,,東　京,S2,S2,逃,99.42,3,0,1,1,10
4y6dPhGvcrSladdkbHuti2dhX3NrOj1GmYKU94apwMGgANkz7_1sTYQe-2Y5YHDv,20240301,いわき平,6,F1,Ｓ級予選,base_color_4_bk,base_color_4,4,,014448,相川　永伍,,,埼　玉,S2,S2,追,99.00,0,1,1,3,0
4y6dPhGvcrSladdkbHuti2dhX3NrOj1GmYKU94apwMGgANkz7_1sTYQe-2Y5YHDv,20240301,いわき平,6,F1,Ｓ級予選,base_color_5_bk,base_color_5,5,,014225,伊藤　亮,color_blue,追加,埼　玉,S2,S2,追,96.26,0,0,1,1,0
4y6dPhGvcrSladdkbHuti2dhX3NrOj1GmYKU94apwMGgANkz7_1sTYQe-2Y5YHDv,20240301,いわき平,6,F1,Ｓ級予選,base_color_6_bk,base_color_6,6,,015389,宮崎　大空,,,熊　本,A1,S2,両,95.93,0,1,2,2,0
4y6dPhGvcrSladdkbHuti2dhX3NrOj1GmYKU94apwMGgANkz7_1sTYQe-2Y5YHDv,20240301,いわき平,6,F1,Ｓ級予選,base_color_7_bk,base_color_7,7,,013765,海老根恵太,,,千　葉,A1,S2,追,103.85,0,0,5,2,0
4y6dPhGvcrSladdkbHutiyQktH0p2tRL5aKqkjCJMcCdLY_6j6QwaIbdu0nk_xXs,20240301,いわき平,7,F1,Ｓ級予選,base_color_1_bk,base_color_1,1,,014262,稲吉　悠大,,,福　岡,S2,S2,追,102.16,0,1,1,3,0
4y6dPhGvcrSladdkbHutiyQktH0p2tRL5aKqkjCJMcCdLY_6j6QwaIbdu0nk_xXs,20240301,いわき平,7,F1,Ｓ級予選,base_color_2_bk,base_color_2,2,,015507,上遠野拓馬,,,宮　城,A1,S2,逃,93.35,1,1,0,0,12
4y6dPhGvcrSladdkbHutiyQktH0p2tRL5aKqkjCJMcCdLY_6j6QwaIbdu0nk_xXs,20240301,いわき平,7,F1,Ｓ級予選,base_color_3_bk,base_color_3,3,,013291,三宅　達也,,,岡　山,S2,S1,追,99.83,1,1,7,1,2
4y6dPhGvcrSladdkbHutiyQktH0p2tRL5aKqkjCJMcCdLY_6j6QwaIbdu0nk_xXs,20240301,いわき平,7,F1,Ｓ級予選,base_color_4_bk,base_color_4,4,,015191,奥村　諭志,color_blue,追加,岡　山,S2,S2,逃,97.50,3,2,1,0,6
4y6dPhGvcrSladdkbHutiyQktH0p2tRL5aKqkjCJMcCdLY_6j6QwaIbdu0nk_xXs,20240301,いわき平,7,F1,Ｓ級予選,base_color_5_bk,base_color_5,5,,013670,小橋　秀幸,,,青　森,S2,S2,追,100.08,0,0,2,1,0
4y6dPhGvcrSladdkbHutiyQktH0p2tRL5aKqkjCJMcCdLY_6j6QwaIbdu0nk_xXs,20240301,いわき平,7,F1,Ｓ級予選,base_color_6_bk,base_color_6,6,,015348,寺沼　伊織,,,東　京,S2,S2,両,93.04,0,0,0,0,0
4y6dPhGvcrSladdkbHutiyQktH0p2tRL5aKqkjCJMcCdLY_6j6QwaIbdu0nk_xXs,20240301,いわき平,7,F1,Ｓ級予選,base_color_7_bk,base_color_7,7,,014045,吉本　卓仁,,,福　岡,S1,S1,両,104.08,0,5,2,3,4
4y6dPhGvcrSladdkbHuti_zq0lVkkvtssBA3hyvalHThUMzSs5c5ieD_7nQ5rgUZ,20240301,いわき平,8,F1,Ｓ級予選,base_color_1_bk,base_color_1,1,,014640,新山　将史,,,青　森,S1,S1,追,105.36,0,0,5,2,0
4y6dPhGvcrSladdkbHuti_zq0lVkkvtssBA3hyvalHThUMzSs5c5ieD_7nQ5rgUZ,20240301,いわき平,8,F1,Ｓ級予選,base_color_2_bk,base_color_2,2,,012501,金子　真也,,,群　馬,S1,S2,追,98.00,0,0,0,0,0
4y6dPhGvcrSladdkbHuti_zq0lVkkvtssBA3hyvalHThUMzSs5c5ieD_7nQ5rgUZ,20240301,いわき平,8,F1,Ｓ級予選,base_color_3_bk,base_color_3,3,,015525,鈴木　浩太,,,千　葉,S2,S2,逃,99.05,6,1,0,0,9
4y6dPhGvcrSladdkbHuti_zq0lVkkvtssBA3hyvalHThUMzSs5c5ieD_7nQ5rgUZ,20240301,いわき平,8,F1,Ｓ級予選,base_color_4_bk,base_color_4,4,,015239,佐々木堅次,,,福　島,S2,S2,逃,102.45,1,6,1,1,1
4y6dPhGvcrSladdkbHuti_zq0lVkkvtssBA3hyvalHThUMzSs5c5ieD_7nQ5rgUZ,20240301,いわき平,8,F1,Ｓ級予選,base_color_5_bk,base_color_5,5,,013252,中村　浩士,,,千　葉,S2,S1,追,102.23,0,0,3,2,0
4y6dPhGvcrSladdkbHuti_zq0lVkkvtssBA3hyvalHThUMzSs5c5ieD_7nQ5rgUZ,20240301,いわき平,8,F1,Ｓ級予選,base_color_6_bk,base_color_6,6,,014212,山崎　将幸,,,宮　城,A1,S2,追,94.29,0,0,0,0,0
4y6dPhGvcrSladdkbHuti_zq0lVkkvtssBA3hyvalHThUMzSs5c5ieD_7nQ5rgUZ,20240301,いわき平,8,F1,Ｓ級予選,base_color_7_bk,base_color_7,7,,013618,櫻井　学,,,群　馬,A1,S2,両,96.42,0,3,4,1,1
4y6dPhGvcrSladdkbHuti9WKlg3hVw-kEK1vMObKdYlNmTZzvM1iGHFLae6gGKtd,20240301,いわき平,9,F1,Ｓ級予選,base_color_1_bk,base_color_1,1,,015440,長田　龍拳,color_blue,追加,静　岡,A1,S2,逃,97.65,4,0,1,0,10
4y6dPhGvcrSladdkbHuti9WKlg3hVw-kEK1vMObKdYlNmTZzvM1iGHFLae6gGKtd,20240301,いわき平,9,F1,Ｓ級予選,base_color_2_bk,base_color_2,2,,013886,大屋　健司,,,広　島,S2,S2,追,98.23,0,1,4,0,0
4y6dPhGvcrSladdkbHuti9WKlg3hVw-kEK1vMObKdYlNmTZzvM1iGHFLae6gGKtd,20240301,いわき平,9,F1,Ｓ級予選,base_color_3_bk,base_color_3,3,,014506,磯田　旭,,,栃　木,S1,S1,追,97.83,0,0,1,2,0
4y6dPhGvcrSladdkbHuti9WKlg3hVw-kEK1vMObKdYlNmTZzvM1iGHFLae6gGKtd,20240301,いわき平,9,F1,Ｓ級予選,base_color_4_bk,base_color_4,4,,014548,棚橋　勉,,,岡　山,S2,S2,追,98.75,0,0,1,3,0
4y6dPhGvcrSladdkbHuti9WKlg3hVw-kEK1vMObKdYlNmTZzvM1iGHFLae6gGKtd,20240301,いわき平,9,F1,Ｓ級予選,base_color_5_bk,base_color_5,5,,015038,山岸　佳太,,,茨　城,S1,S1,両,102.33,0,2,0,0,1
4y6dPhGvcrSladdkbHuti9WKlg3hVw-kEK1vMObKdYlNmTZzvM1iGHFLae6gGKtd,20240301,いわき平,9,F1,Ｓ級予選,base_color_6_bk,base_color_6,6,,013631,勝瀬　卓也,,,神奈川,S2,S2,追,95.59,0,0,1,1,0
4y6dPhGvcrSladdkbHuti9WKlg3hVw-kEK1vMObKdYlNmTZzvM1iGHFLae6gGKtd,20240301,いわき平,9,F1,Ｓ級予選,base_color_7_bk,base_color_7,7,,014141,中川　貴徳,,,栃　木,S2,S2,追,102.30,0,0,5,1,0
4y6dPhGvcrSladdkbHuti69UrxSCI5K_W2iSGSOBnJkl3I_mxpoct_SKQ6xp8zcS,20240301,いわき平,10,F1,Ｓ級予選,base_color_1_bk,base_color_1,1,,015350,山本　修平,,,東　京,S2,S2,逃,97.78,2,3,1,0,4
4y6dPhGvcrSladdkbHuti69UrxSCI5K_W2iSGSOBnJkl3I_mxpoct_SKQ6xp8zcS,20240301,いわき平,10,F1,Ｓ級予選,base_color_2_bk,base_color_2,2,,014127,永澤　剛,,,青　森,S1,S2,追,111.25,0,0,10,3,0
4y6dPhGvcrSladdkbHuti69UrxSCI5K_W2iSGSOBnJkl3I_mxpoct_SKQ6xp8zcS,20240301,いわき平,10,F1,Ｓ級予選,base_color_3_bk,base_color_3,3,,014350,佐藤　雅春,,,宮　城,S2,S2,両,97.70,0,0,2,4,0
4y6dPhGvcrSladdkbHuti69UrxSCI5K_W2iSGSOBnJkl3I_mxpoct_SKQ6xp8zcS,20240301,いわき平,10,F1,Ｓ級予選,base_color_4_bk,base_color_4,4,,014065,鰐淵　圭佑,,,群　馬,A1,S2,追,95.10,0,0,3,0,0
4y6dPhGvcrSladdkbHuti69UrxSCI5K_W2iSGSOBnJkl3I_mxpoct_SKQ6xp8zcS,20240301,いわき平,10,F1,Ｓ級予選,base_color_5_bk,base_color_5,5,,014163,内田　英介,,,東　京,S2,S2,追,98.76,0,0,2,1,0
4y6dPhGvcrSladdkbHuti69UrxSCI5K_W2iSGSOBnJkl3I_mxpoct_SKQ6xp8zcS,20240301,いわき平,10,F1,Ｓ級予選,base_color_6_bk,base_color_6,6,,015278,田中　和磨,,,岡　山,A1,S2,逃,89.29,0,1,2,0,8
4y6dPhGvcrSladdkbHuti69UrxSCI5K_W2iSGSOBnJkl3I_mxpoct_SKQ6xp8zcS,20240301,いわき平,10,F1,Ｓ級予選,base_color_7_bk,base_color_7,7,,014791,木村　弘,,,青　森,S2,S2,逃,102.05,4,2,0,0,14
4y6dPhGvcrSladdkbHutizwy8WgftMH4UC7yzV8oq9NJ4YeKKhoZVo3Xt-HNX1yX,20240301,いわき平,11,F1,Ｓ級予選,base_color_1_bk,base_color_1,1,,014052,飯野　祐太,,,福　島,S1,S1,両,104.57,0,2,3,3,1
4y6dPhGvcrSladdkbHutizwy8WgftMH4UC7yzV8oq9NJ4YeKKhoZVo3Xt-HNX1yX,20240301,いわき平,11,F1,Ｓ級予選,base_color_2_bk,base_color_2,2,,014685,掛水　泰範,,,高　知,S2,S2,両,97.35,0,0,1,1,0
4y6dPhGvcrSladdkbHutizwy8WgftMH4UC7yzV8oq9NJ4YeKKhoZVo3Xt-HNX1yX,20240301,いわき平,11,F1,Ｓ級予選,base_color_3_bk,base_color_3,3,,015442,仁藤　秀,,,静　岡,A1,S2,逃,96.50,2,6,0,0,4
4y6dPhGvcrSladdkbHutizwy8WgftMH4UC7yzV8oq9NJ4YeKKhoZVo3Xt-HNX1yX,20240301,いわき平,11,F1,Ｓ級予選,base_color_4_bk,base_color_4,4,,015246,黒沢　征治,,,埼　玉,S2,S1,逃,105.46,5,1,0,2,11
4y6dPhGvcrSladdkbHutizwy8WgftMH4UC7yzV8oq9NJ4YeKKhoZVo3Xt-HNX1yX,20240301,いわき平,11,F1,Ｓ級予選,base_color_5_bk,base_color_5,5,,012487,紺野　哲也,,,宮　城,S2,S2,追,98.08,0,0,3,1,0
4y6dPhGvcrSladdkbHutizwy8WgftMH4UC7yzV8oq9NJ4YeKKhoZVo3Xt-HNX1yX,20240301,いわき平,11,F1,Ｓ級予選,base_color_6_bk,base_color_6,6,,013146,八谷　誠賢,,,福　岡,A1,S2,逃,95.26,1,4,1,0,0
4y6dPhGvcrSladdkbHutizwy8WgftMH4UC7yzV8oq9NJ4YeKKhoZVo3Xt-HNX1yX,20240301,いわき平,11,F1,Ｓ級予選,base_color_7_bk,base_color_7,7,,013766,武井　大介,color_blue,追加,千　葉,S2,S2,追,98.30,0,0,1,2,0
4y6dPhGvcrSladdkbHuti1iOAtdM3Bo4JpOq8Cd28VatMsG-shMYViSWkNvM_BUW,20240301,いわき平,12,F1,Ｓ級初日特選,base_color_1_bk,base_color_1,1,,013772,岡村　潤,,,静　岡,S1,S1,追,108.53,0,0,8,7,0
4y6dPhGvcrSladdkbHuti1iOAtdM3Bo4JpOq8Cd28VatMsG-shMYViSWkNvM_BUW,20240301,いわき平,12,F1,Ｓ級初日特選,base_color_2_bk,base_color_2,2,,014129,菅田　壱道,,,宮　城,S1,S1,両,110.00,0,3,6,1,2
4y6dPhGvcrSladdkbHuti1iOAtdM3Bo4JpOq8Cd28VatMsG-shMYViSWkNvM_BUW,20240301,いわき平,12,F1,Ｓ級初日特選,base_color_3_bk,base_color_3,3,,013140,小倉　竜二,,,徳　島,S1,S1,追,109.62,0,0,7,4,0
4y6dPhGvcrSladdkbHuti1iOAtdM3Bo4JpOq8Cd28VatMsG-shMYViSWkNvM_BUW,20240301,いわき平,12,F1,Ｓ級初日特選,base_color_4_bk,base_color_4,4,,014730,中田　健太,,,埼　玉,S1,S1,追,110.62,0,0,5,3,0
4y6dPhGvcrSladdkbHuti1iOAtdM3Bo4JpOq8Cd28VatMsG-shMYViSWkNvM_BUW,20240301,いわき平,12,F1,Ｓ級初日特選,base_color_5_bk,base_color_5,5,,015475,伊藤　旭,,,熊　本,S1,S1,逃,109.12,0,5,4,0,5
4y6dPhGvcrSladdkbHuti1iOAtdM3Bo4JpOq8Cd28VatMsG-shMYViSWkNvM_BUW,20240301,いわき平,12,F1,Ｓ級初日特選,base_color_6_bk,base_color_6,6,,013945,福田　知也,,,神奈川,S1,S1,追,106.00,0,1,10,1,0
4y6dPhGvcrSladdkbHuti1iOAtdM3Bo4JpOq8Cd28VatMsG-shMYViSWkNvM_BUW,20240301,いわき平,12,F1,Ｓ級初日特選,base_color_7_bk,base_color_7,7,,013920,山崎　芳仁,,,福　島,S1,S1,両,109.75,0,5,2,1,4
II_18ke30tFAZvFi9_0G4CzCE4v6edtyv_37GC35PtTHPJfqydTW53BaOp0_o5bO,20240301,大宮,1,F1,Ａ級予選,base_color_1_bk,base_color_1,1,,014665,小峰　烈,,,長　野,A1,A2,両,88.38,0,0,7,1,0
II_18ke30tFAZvFi9_0G4CzCE4v6edtyv_37GC35PtTHPJfqydTW53BaOp0_o5bO,20240301,大宮,1,F1,Ａ級予選,base_color_2_bk,base_color_2,2,,014950,市村　昌樹,,,兵　庫,A1,A1,追,87.41,1,4,3,1,1
II_18ke30tFAZvFi9_0G4CzCE4v6edtyv_37GC35PtTHPJfqydTW53BaOp0_o5bO,20240301,大宮,1,F1,Ａ級予選,base_color_3_bk,base_color_3,3,,012436,渡邊　秀明,,,神奈川,A1,A2,追,80.38,0,0,2,1,0
II_18ke30tFAZvFi9_0G4CzCE4v6edtyv_37GC35PtTHPJfqydTW53BaOp0_o5bO,20240301,大宮,1,F1,Ａ級予選,base_color_4_bk,base_color_4,4,,013839,若林　耕司,color_blue,追加,群　馬,A2,A2,追,81.83,0,1,4,0,0
II_18ke30tFAZvFi9_0G4CzCE4v6edtyv_37GC35PtTHPJfqydTW53BaOp0_o5bO,20240301,大宮,1,F1,Ａ級予選,base_color_5_bk,base_color_5,5,,014079,江本　博明,,,千　葉,A2,A2,追,84.26,0,0,1,1,0
II_18ke30tFAZvFi9_0G4CzCE4v6edtyv_37GC35PtTHPJfqydTW53BaOp0_o5bO,20240301,大宮,1,F1,Ａ級予選,base_color_6_bk,base_color_6,6,,014519,湯浅　大輔,color_blue,追加,千　葉,A2,A2,逃,79.42,0,1,2,0,6
II_18ke30tFAZvFi9_0G4CzCE4v6edtyv_37GC35PtTHPJfqydTW53BaOp0_o5bO,20240301,大宮,1,F1,Ａ級予選,base_color_7_bk,base_color_7,7,,015108,吉田　篤史,,,奈　良,S2,A1,逃,85.66,0,0,0,0,1
II_18ke30tFAZvFi9_0G4HjJOTY73cCT7iCsOfQn95VbKuvoby3Ezh0sB7lhH9uU,20240301,大宮,2,F1,Ａ級予選,base_color_1_bk,base_color_1,1,,012656,柴田　健,,,神奈川,A2,A2,追,80.80,0,0,1,2,0
II_18ke30tFAZvFi9_0G4HjJOTY73cCT7iCsOfQn95VbKuvoby3Ezh0sB7lhH9uU,20240301,大宮,2,F1,Ａ級予選,base_color_2_bk,base_color_2,2,,014597,上田　隼,,,岐　阜,A1,A1,追,89.23,0,1,6,2,1
II_18ke30tFAZvFi9_0G4HjJOTY73cCT7iCsOfQn95VbKuvoby3Ezh0sB7lhH9uU,20240301,大宮,2,F1,Ａ級予選,base_color_3_bk,base_color_3,3,,013479,田中　秀治,,,岐　阜,A1,A1,追,84.66,0,0,4,3,0
II_18ke30tFAZvFi9_0G4HjJOTY73cCT7iCsOfQn95VbKuvoby3Ezh0sB7lhH9uU,20240301,大宮,2,F1,Ａ級予選,base_color_4_bk,base_color_4,4,,014532,柴田　竜史,,,静　岡,A1,A1,追,86.51,0,0,4,4,0
II_18ke30tFAZvFi9_0G4HjJOTY73cCT7iCsOfQn95VbKuvoby3Ezh0sB7lhH9uU,20240301,大宮,2,F1,Ａ級予選,base_color_5_bk,base_color_5,5,,015533,岩城　佑典,,,愛　知,A2,A2,逃,86.05,2,3,2,1,9
II_18ke30tFAZvFi9_0G4HjJOTY73cCT7iCsOfQn95VbKuvoby3Ezh0sB7lhH9uU,20240301,大宮,2,F1,Ａ級予選,base_color_6_bk,base_color_6,6,,012944,渡邊　恭典,,,栃　木,A2,A2,追,78.50,0,0,0,0,0
II_18ke30tFAZvFi9_0G4HjJOTY73cCT7iCsOfQn95VbKuvoby3Ezh0sB7lhH9uU,20240301,大宮,2,F1,Ａ級予選,base_color_7_bk,base_color_7,7,,015099,吉竹　尚城,,,静　岡,A2,A2,逃,85.82,5,5,1,0,9
II_18ke30tFAZvFi9_0G4KRAnIpj0FwTGhcs85nN6TJjH4KlnSYa1zHnuqcqhvCn,20240301,大宮,3,F1,Ａ級予選,base_color_1_bk,base_color_1,1,,013980,森田　康嗣,,,北海道,A1,A1,両,85.66,1,3,3,3,8
II_18ke30tFAZvFi9_0G4KRAnIpj0FwTGhcs85nN6TJjH4KlnSYa1zHnuqcqhvCn,20240301,大宮,3,F1,Ａ級予選,base_color_2_bk,base_color_2,2,,013127,北浦　弘幹,,,和歌山,A2,A2,追,83.54,0,0,1,2,0
II_18ke30tFAZvFi9_0G4KRAnIpj0FwTGhcs85nN6TJjH4KlnSYa1zHnuqcqhvCn,20240301,大宮,3,F1,Ａ級予選,base_color_3_bk,base_color_3,3,,013755,佐藤　悦夫,,,栃　木,A1,A1,追,88.60,0,0,5,1,0
II_18ke30tFAZvFi9_0G4KRAnIpj0FwTGhcs85nN6TJjH4KlnSYa1zHnuqcqhvCn,20240301,大宮,3,F1,Ａ級予選,base_color_4_bk,base_color_4,4,,015189,山本　隼人,,,大　阪,A2,A2,逃,81.60,1,0,0,2,2
II_18ke30tFAZvFi9_0G4KRAnIpj0FwTGhcs85nN6TJjH4KlnSYa1zHnuqcqhvCn,20240301,大宮,3,F1,Ａ級予選,base_color_5_bk,base_color_5,5,,013171,岩橋　則明,,,埼　玉,A2,A2,追,81.83,0,0,0,2,0
II_18ke30tFAZvFi9_0G4KRAnIpj0FwTGhcs85nN6TJjH4KlnSYa1zHnuqcqhvCn,20240301,大宮,3,F1,Ａ級予選,base_color_6_bk,base_color_6,6,,012893,吉野　猛,,,愛　知,A3,A2,追,78.80,0,0,3,5,0
II_18ke30tFAZvFi9_0G4KRAnIpj0FwTGhcs85nN6TJjH4KlnSYa1zHnuqcqhvCn,20240301,大宮,3,F1,Ａ級予選,base_color_7_bk,base_color_7,7,,013838,山田　武,,,群　馬,A3,A2,追,79.27,0,0,2,1,0
II_18ke30tFAZvFi9_0G4NncE4LC-1R50O-H759MGFDdZA7XNv7-O8FkKpc2btiS,20240301,大宮,4,F1,Ａ級予選,base_color_1_bk,base_color_1,1,,013131,藤野　一良,,,大　阪,A1,A1,両,87.48,0,1,4,2,0
II_18ke30tFAZvFi9_0G4NncE4LC-1R50O-H759MGFDdZA7XNv7-O8FkKpc2btiS,20240301,大宮,4,F1,Ａ級予選,base_color_2_bk,base_color_2,2,,014058,佐藤　謙,,,栃　木,A3,A2,追,80.15,0,0,6,2,0
II_18ke30tFAZvFi9_0G4NncE4LC-1R50O-H759MGFDdZA7XNv7-O8FkKpc2btiS,20240301,大宮,4,F1,Ａ級予選,base_color_3_bk,base_color_3,3,,015414,大森　光明,,,北海道,A2,A2,両,83.25,1,4,1,0,5
II_18ke30tFAZvFi9_0G4NncE4LC-1R50O-H759MGFDdZA7XNv7-O8FkKpc2btiS,20240301,大宮,4,F1,Ａ級予選,base_color_4_bk,base_color_4,4,,014204,大崎　和也,,,青　森,A1,A1,追,85.87,0,0,4,1,0
II_18ke30tFAZvFi9_0G4NncE4LC-1R50O-H759MGFDdZA7XNv7-O8FkKpc2btiS,20240301,大宮,4,F1,Ａ級予選,base_color_5_bk,base_color_5,5,,012710,大内　達也,,,宮　城,A2,A2,追,80.93,0,0,0,1,0
II_18ke30tFAZvFi9_0G4NncE4LC-1R50O-H759MGFDdZA7XNv7-O8FkKpc2btiS,20240301,大宮,4,F1,Ａ級予選,base_color_6_bk,base_color_6,6,,014808,村上　貴彦,,,栃　木,A3,A2,両,77.61,0,6,0,0,1
II_18ke30tFAZvFi9_0G4NncE4LC-1R50O-H759MGFDdZA7XNv7-O8FkKpc2btiS,20240301,大宮,4,F1,Ａ級予選,base_color_7_bk,base_color_7,7,,015003,小笹　隼人,,,奈　良,A1,A1,逃,89.72,0,2,6,0,4
II_18ke30tFAZvFi9_0G4GzZfwy9h8b5nF8Cgj1GyMe24u_sZeYkk22EdRYtH1JV,20240301,大宮,5,F1,Ａ級初日特選,base_color_1_bk,base_color_1,1,,014748,山口　智弘,,,愛　知,A1,A1,追,91.77,0,1,7,4,0
II_18ke30tFAZvFi9_0G4GzZfwy9h8b5nF8Cgj1GyMe24u_sZeYkk22EdRYtH1JV,20240301,大宮,5,F1,Ａ級初日特選,base_color_2_bk,base_color_2,2,,015604,安彦　統賀,,,埼　玉,A1,A1,逃,94.62,7,4,4,1,14
II_18ke30tFAZvFi9_0G4GzZfwy9h8b5nF8Cgj1GyMe24u_sZeYkk22EdRYtH1JV,20240301,大宮,5,F1,Ａ級初日特選,base_color_3_bk,base_color_3,3,,013711,小林　則之,,,静　岡,S2,A1,両,93.13,2,2,0,0,5
II_18ke30tFAZvFi9_0G4GzZfwy9h8b5nF8Cgj1GyMe24u_sZeYkk22EdRYtH1JV,20240301,大宮,5,F1,Ａ級初日特選,base_color_4_bk,base_color_4,4,,014876,冨尾　享平,,,大　阪,S2,A1,両,91.85,0,0,2,2,0
II_18ke30tFAZvFi9_0G4GzZfwy9h8b5nF8Cgj1GyMe24u_sZeYkk22EdRYtH1JV,20240301,大宮,5,F1,Ａ級初日特選,base_color_5_bk,base_color_5,5,,013695,岡本　英之,,,千　葉,A1,A1,追,91.57,0,3,3,1,0
II_18ke30tFAZvFi9_0G4GzZfwy9h8b5nF8Cgj1GyMe24u_sZeYkk22EdRYtH1JV,20240301,大宮,5,F1,Ａ級初日特選,base_color_6_bk,base_color_6,6,,014145,篠原　忍,,,愛　知,A1,A1,両,90.40,0,1,6,3,0
II_18ke30tFAZvFi9_0G4GzZfwy9h8b5nF8Cgj1GyMe24u_sZeYkk22EdRYtH1JV,20240301,大宮,5,F1,Ａ級初日特選,base_color_7_bk,base_color_7,7,,013546,田村　真広,,,群　馬,S2,A1,追,93.57,0,0,3,2,0
II_18ke30tFAZvFi9_0G4OOYs6eMD8EnXi6ZR86LY14nVRhtCGCCEbCfJ6rlUmr2,20240301,大宮,6,F1,Ｓ級予選,base_color_1_bk,base_color_1,1,,013328,萩原　孝之,color_blue,追加,静　岡,S2,S1,追,102.00,0,0,2,0,0
II_18ke30tFAZvFi9_0G4OOYs6eMD8EnXi6ZR86LY14nVRhtCGCCEbCfJ6rlUmr2,20240301,大宮,6,F1,Ｓ級予選,base_color_2_bk,base_color_2,2,,015347,武田　亮,,,東　京,S2,S2,逃,98.91,4,0,1,0,11
II_18ke30tFAZvFi9_0G4OOYs6eMD8EnXi6ZR86LY14nVRhtCGCCEbCfJ6rlUmr2,20240301,大宮,6,F1,Ｓ級予選,base_color_3_bk,base_color_3,3,,013747,伊藤　大志,,,青　森,S2,S2,追,95.96,0,0,2,1,0
II_18ke30tFAZvFi9_0G4OOYs6eMD8EnXi6ZR86LY14nVRhtCGCCEbCfJ6rlUmr2,20240301,大宮,6,F1,Ｓ級予選,base_color_4_bk,base_color_4,4,,015168,染谷　幸喜,,,千　葉,S2,S2,逃,100.03,3,3,1,2,8
II_18ke30tFAZvFi9_0G4OOYs6eMD8EnXi6ZR86LY14nVRhtCGCCEbCfJ6rlUmr2,20240301,大宮,6,F1,Ｓ級予選,base_color_5_bk,base_color_5,5,,014071,朝倉　佳弘,,,東　京,S1,S2,追,105.93,0,0,3,3,0
II_18ke30tFAZvFi9_0G4OOYs6eMD8EnXi6ZR86LY14nVRhtCGCCEbCfJ6rlUmr2,20240301,大宮,6,F1,Ｓ級予選,base_color_6_bk,base_color_6,6,,013635,柏木　伸介,,,静　岡,S2,S2,両,92.20,0,0,0,0,1
II_18ke30tFAZvFi9_0G4OOYs6eMD8EnXi6ZR86LY14nVRhtCGCCEbCfJ6rlUmr2,20240301,大宮,6,F1,Ｓ級予選,base_color_7_bk,base_color_7,7,,013535,平沼　由充,,,福　島,A1,S2,追,93.64,0,0,0,1,0
II_18ke30tFAZvFi9_0G4EPch6tp3s04H3N99nQcy-1I7f0MO_1n0jeka1DwBgAf,20240301,大宮,7,F1,Ｓ級予選,base_color_1_bk,base_color_1,1,,013900,大森　慶一,,,北海道,S1,S1,追,103.72,0,0,1,1,0
II_18ke30tFAZvFi9_0G4EPch6tp3s04H3N99nQcy-1I7f0MO_1n0jeka1DwBgAf,20240301,大宮,7,F1,Ｓ級予選,base_color_2_bk,base_color_2,2,,014806,岡田　泰地,color_blue,追加,栃　木,S1,S1,追,101.06,0,1,6,1,0
II_18ke30tFAZvFi9_0G4EPch6tp3s04H3N99nQcy-1I7f0MO_1n0jeka1DwBgAf,20240301,大宮,7,F1,Ｓ級予選,base_color_3_bk,base_color_3,3,,014767,藤井　栄二,,,兵　庫,S2,S2,逃,97.88,4,3,2,0,12
II_18ke30tFAZvFi9_0G4EPch6tp3s04H3N99nQcy-1I7f0MO_1n0jeka1DwBgAf,20240301,大宮,7,F1,Ｓ級予選,base_color_4_bk,base_color_4,4,,013197,鈴木　幸紀,,,三　重,A1,S2,追,96.76,0,0,2,3,0
II_18ke30tFAZvFi9_0G4EPch6tp3s04H3N99nQcy-1I7f0MO_1n0jeka1DwBgAf,20240301,大宮,7,F1,Ｓ級予選,base_color_5_bk,base_color_5,5,,015329,板垣　昴,,,福　島,S2,S2,逃,100.27,1,4,0,0,6
II_18ke30tFAZvFi9_0G4EPch6tp3s04H3N99nQcy-1I7f0MO_1n0jeka1DwBgAf,20240301,大宮,7,F1,Ｓ級予選,base_color_6_bk,base_color_6,6,,015041,伊藤慶太郎,,,埼　玉,S2,S2,逃,92.72,1,0,0,0,5
II_18ke30tFAZvFi9_0G4EPch6tp3s04H3N99nQcy-1I7f0MO_1n0jeka1DwBgAf,20240301,大宮,7,F1,Ｓ級予選,base_color_7_bk,base_color_7,7,,012533,澤田　義和,,,兵　庫,S2,S2,追,100.70,0,0,5,1,0
II_18ke30tFAZvFi9_0G4PVwaFr7BLZ6rsWPMDnqj1y4fk37qgnBlKOZ1AebjCtW,20240301,大宮,8,F1,Ｓ級予選,base_color_1_bk,base_color_1,1,,012592,水谷　良和,,,愛　知,S2,S2,追,99.78,0,0,1,2,0
II_18ke30tFAZvFi9_0G4PVwaFr7BLZ6rsWPMDnqj1y4fk37qgnBlKOZ1AebjCtW,20240301,大宮,8,F1,Ｓ級予選,base_color_2_bk,base_color_2,2,,014792,坂本　周輝,,,青　森,S2,S2,逃,100.70,1,1,4,0,4
II_18ke30tFAZvFi9_0G4PVwaFr7BLZ6rsWPMDnqj1y4fk37qgnBlKOZ1AebjCtW,20240301,大宮,8,F1,Ｓ級予選,base_color_3_bk,base_color_3,3,,015342,福田　滉,,,栃　木,A1,S2,追,96.75,0,0,3,0,0
II_18ke30tFAZvFi9_0G4PVwaFr7BLZ6rsWPMDnqj1y4fk37qgnBlKOZ1AebjCtW,20240301,大宮,8,F1,Ｓ級予選,base_color_4_bk,base_color_4,4,,015006,石塚輪太郎,,,和歌山,S1,S1,逃,105.25,2,3,0,0,7
II_18ke30tFAZvFi9_0G4PVwaFr7BLZ6rsWPMDnqj1y4fk37qgnBlKOZ1AebjCtW,20240301,大宮,8,F1,Ｓ級予選,base_color_5_bk,base_color_5,5,,013878,松岡　健介,,,兵　庫,S1,S2,両,103.84,0,1,5,2,0
II_18ke30tFAZvFi9_0G4PVwaFr7BLZ6rsWPMDnqj1y4fk37qgnBlKOZ1AebjCtW,20240301,大宮,8,F1,Ｓ級予選,base_color_6_bk,base_color_6,6,,015421,秋本耀太郎,color_blue,追加,栃　木,A1,S2,逃,92.00,2,1,0,0,9
II_18ke30tFAZvFi9_0G4PVwaFr7BLZ6rsWPMDnqj1y4fk37qgnBlKOZ1AebjCtW,20240301,大宮,8,F1,Ｓ級予選,base_color_7_bk,base_color_7,7,,014711,相澤　政宏,,,宮　城,S2,S2,追,97.85,0,0,1,1,0
II_18ke30tFAZvFi9_0G4BFxJQcSseLmAb_suLMN09fynVzFxyBcAXzbRQSUNhA8,20240301,大宮,9,F1,Ｓ級予選,base_color_1_bk,base_color_1,1,,015412,菊池　岳仁,,,長　野,S1,S1,逃,105.32,7,1,0,0,23
II_18ke30tFAZvFi9_0G4BFxJQcSseLmAb_suLMN09fynVzFxyBcAXzbRQSUNhA8,20240301,大宮,9,F1,Ｓ級予選,base_color_2_bk,base_color_2,2,,012669,伊藤　正樹,,,愛　知,S2,S2,追,100.38,0,0,4,5,0
II_18ke30tFAZvFi9_0G4BFxJQcSseLmAb_suLMN09fynVzFxyBcAXzbRQSUNhA8,20240301,大宮,9,F1,Ｓ級予選,base_color_3_bk,base_color_3,3,,015173,格清　洋介,,,静　岡,S2,S2,逃,97.70,2,3,3,0,9
II_18ke30tFAZvFi9_0G4BFxJQcSseLmAb_suLMN09fynVzFxyBcAXzbRQSUNhA8,20240301,大宮,9,F1,Ｓ級予選,base_color_4_bk,base_color_4,4,,015113,酒井　拳蔵,,,大　阪,S2,S2,両,97.95,1,4,0,1,5
II_18ke30tFAZvFi9_0G4BFxJQcSseLmAb_suLMN09fynVzFxyBcAXzbRQSUNhA8,20240301,大宮,9,F1,Ｓ級予選,base_color_5_bk,base_color_5,5,,013762,吉田　勇人,,,埼　玉,S2,S2,追,100.00,0,0,3,1,0
II_18ke30tFAZvFi9_0G4BFxJQcSseLmAb_suLMN09fynVzFxyBcAXzbRQSUNhA8,20240301,大宮,9,F1,Ｓ級予選,base_color_6_bk,base_color_6,6,,014740,須藤　悟,,,千　葉,S2,S2,追,95.75,0,0,2,0,0
II_18ke30tFAZvFi9_0G4BFxJQcSseLmAb_suLMN09fynVzFxyBcAXzbRQSUNhA8,20240301,大宮,9,F1,Ｓ級予選,base_color_7_bk,base_color_7,7,,014151,宿口　潤平,,,埼　玉,S2,S2,追,101.28,1,0,5,4,1
II_18ke30tFAZvFi9_0G4NYaWJqQ5okWJNAPGYC-bfIY7ygx1bmwDSZRmBlZNksu,20240301,大宮,10,F1,Ｓ級予選,base_color_1_bk,base_color_1,1,,014249,鷲田　幸司,,,福　井,S2,S2,追,100.26,0,0,5,3,0
II_18ke30tFAZvFi9_0G4NYaWJqQ5okWJNAPGYC-bfIY7ygx1bmwDSZRmBlZNksu,20240301,大宮,10,F1,Ｓ級予選,base_color_2_bk,base_color_2,2,,015259,小林　稜武,color_blue,追加,千　葉,S2,S2,逃,95.04,3,0,0,1,8
II_18ke30tFAZvFi9_0G4NYaWJqQ5okWJNAPGYC-bfIY7ygx1bmwDSZRmBlZNksu,20240301,大宮,10,F1,Ｓ級予選,base_color_3_bk,base_color_3,3,,013901,山田　敦也,,,北海道,S2,S2,追,96.32,0,0,1,1,0
II_18ke30tFAZvFi9_0G4NYaWJqQ5okWJNAPGYC-bfIY7ygx1bmwDSZRmBlZNksu,20240301,大宮,10,F1,Ｓ級予選,base_color_4_bk,base_color_4,4,,014942,清水　剛志,,,福　井,S2,S2,両,99.88,0,0,2,1,3
II_18ke30tFAZvFi9_0G4NYaWJqQ5okWJNAPGYC-bfIY7ygx1bmwDSZRmBlZNksu,20240301,大宮,10,F1,Ｓ級予選,base_color_5_bk,base_color_5,5,,015598,大川　剛,,,青　森,S2,S2,逃,104.23,4,1,0,0,11
II_18ke30tFAZvFi9_0G4NYaWJqQ5okWJNAPGYC-bfIY7ygx1bmwDSZRmBlZNksu,20240301,大宮,10,F1,Ｓ級予選,base_color_6_bk,base_color_6,6,,015258,栗本　尚宗,,,千　葉,A2,S2,逃,91.63,2,1,0,0,6
II_18ke30tFAZvFi9_0G4NYaWJqQ5okWJNAPGYC-bfIY7ygx1bmwDSZRmBlZNksu,20240301,大宮,10,F1,Ｓ級予選,base_color_7_bk,base_color_7,7,,014794,阿部　力也,,,宮　城,S1,S1,追,106.45,0,0,7,0,1
II_18ke30tFAZvFi9_0G4KFrYRGfYJyHUH0-g3R7wOS5Y_t_b1j1OaDNKP53OnKI,20240301,大宮,11,F1,Ｓ級予選,base_color_1_bk,base_color_1,1,,014537,西村　光太,,,三　重,S2,S1,追,102.54,0,0,7,2,0
II_18ke30tFAZvFi9_0G4KFrYRGfYJyHUH0-g3R7wOS5Y_t_b1j1OaDNKP53OnKI,20240301,大宮,11,F1,Ｓ級予選,base_color_2_bk,base_color_2,2,,014020,松坂　洋平,,,神奈川,S1,S2,両,106.15,0,1,8,1,1
II_18ke30tFAZvFi9_0G4KFrYRGfYJyHUH0-g3R7wOS5Y_t_b1j1OaDNKP53OnKI,20240301,大宮,11,F1,Ｓ級予選,base_color_3_bk,base_color_3,3,,014286,関　貴之,,,茨　城,S2,S2,追,97.68,0,0,3,2,0
II_18ke30tFAZvFi9_0G4KFrYRGfYJyHUH0-g3R7wOS5Y_t_b1j1OaDNKP53OnKI,20240301,大宮,11,F1,Ｓ級予選,base_color_4_bk,base_color_4,4,,013568,大木　雅也,color_blue,追加,静　岡,A1,S2,追,95.07,0,0,3,1,0
II_18ke30tFAZvFi9_0G4KFrYRGfYJyHUH0-g3R7wOS5Y_t_b1j1OaDNKP53OnKI,20240301,大宮,11,F1,Ｓ級予選,base_color_5_bk,base_color_5,5,,015002,神田　龍,,,三　重,A1,S2,逃,97.37,0,1,0,1,3
II_18ke30tFAZvFi9_0G4KFrYRGfYJyHUH0-g3R7wOS5Y_t_b1j1OaDNKP53OnKI,20240301,大宮,11,F1,Ｓ級予選,base_color_6_bk,base_color_6,6,,014053,鈴木謙太郎,,,茨　城,A1,S2,両,93.12,3,1,0,0,5
II_18ke30tFAZvFi9_0G4KFrYRGfYJyHUH0-g3R7wOS5Y_t_b1j1OaDNKP53OnKI,20240301,大宮,11,F1,Ｓ級予選,base_color_7_bk,base_color_7,7,,015169,野口　裕史,color_blue,追加,千　葉,S1,S1,逃,104.06,14,1,0,0,21
II_18ke30tFAZvFi9_0G4M3FdexFdC9Rtb1WYoPhrb5K9FCaMj5aS87wLDtjsSmE,20240301,大宮,12,F1,Ｓ級初日特選,base_color_1_bk,base_color_1,1,,015243,小林　泰正,,,群　馬,S2,S1,逃,111.32,3,8,3,0,9
II_18ke30tFAZvFi9_0G4M3FdexFdC9Rtb1WYoPhrb5K9FCaMj5aS87wLDtjsSmE,20240301,大宮,12,F1,Ｓ級初日特選,base_color_2_bk,base_color_2,2,,013917,成田　和也,,,福　島,S1,S1,追,108.00,0,0,2,3,0
II_18ke30tFAZvFi9_0G4M3FdexFdC9Rtb1WYoPhrb5K9FCaMj5aS87wLDtjsSmE,20240301,大宮,12,F1,Ｓ級初日特選,base_color_3_bk,base_color_3,3,,014239,鈴木　裕,,,千　葉,S1,S1,両,108.38,0,3,4,3,4
II_18ke30tFAZvFi9_0G4M3FdexFdC9Rtb1WYoPhrb5K9FCaMj5aS87wLDtjsSmE,20240301,大宮,12,F1,Ｓ級初日特選,base_color_4_bk,base_color_4,4,,014930,杉森　輝大,,,茨　城,S1,S1,両,108.61,0,5,4,1,0
II_18ke30tFAZvFi9_0G4M3FdexFdC9Rtb1WYoPhrb5K9FCaMj5aS87wLDtjsSmE,20240301,大宮,12,F1,Ｓ級初日特選,base_color_5_bk,base_color_5,5,,014140,神山　拓弥,,,栃　木,S1,S1,追,108.82,0,0,7,3,0
II_18ke30tFAZvFi9_0G4M3FdexFdC9Rtb1WYoPhrb5K9FCaMj5aS87wLDtjsSmE,20240301,大宮,12,F1,Ｓ級初日特選,base_color_6_bk,base_color_6,6,,014718,小松崎大地,,,福　島,S1,S1,逃,107.31,2,2,3,0,6
II_18ke30tFAZvFi9_0G4M3FdexFdC9Rtb1WYoPhrb5K9FCaMj5aS87wLDtjsSmE,20240301,大宮,12,F1,Ｓ級初日特選,base_color_7_bk,base_color_7,7,,014659,武藤　龍生,color_blue,追加,埼　玉,S1,S1,追,111.72,0,0,8,1,0
w57HAKWIMSmn3TMso-iDi2bEhgFOunGMQEdncA72U_RtG6cDFATht9QE1anEMyBJ,20240301,佐世保,1,F1,Ａ級一般,base_color_1_bk,base_color_1,1,,014422,前田　義和,,,鹿児島,A1,A1,両,85.44,1,2,1,0,1
w57HAKWIMSmn3TMso-iDi2bEhgFOunGMQEdncA72U_RtG6cDFATht9QE1anEMyBJ,20240301,佐世保,1,F1,Ａ級一般,base_color_2_bk,base_color_2,2,,014997,下岡　優季,,,愛　知,A1,A2,逃,81.09,3,0,0,0,21
w57HAKWIMSmn3TMso-iDi2bEhgFOunGMQEdncA72U_RtG6cDFATht9QE1anEMyBJ,20240301,佐世保,1,F1,Ａ級一般,base_color_3_bk,base_color_3,3,,012298,星島　太,,,岡　山,A2,A2,追,81.41,0,0,2,4,0
w57HAKWIMSmn3TMso-iDi2bEhgFOunGMQEdncA72U_RtG6cDFATht9QE1anEMyBJ,20240301,佐世保,1,F1,Ａ級一般,base_color_4_bk,base_color_4,4,,013075,平　総一,,,熊　本,A2,A1,追,79.03,0,0,0,0,0
w57HAKWIMSmn3TMso-iDi2bEhgFOunGMQEdncA72U_RtG6cDFATht9QE1anEMyBJ,20240301,佐世保,1,F1,Ａ級一般,base_color_5_bk,base_color_5,5,,011382,清水　広幸,,,愛　知,A1,A1,追,81.96,0,0,2,0,0
w57HAKWIMSmn3TMso-iDi2bEhgFOunGMQEdncA72U_RtG6cDFATht9QE1anEMyBJ,20240301,佐世保,1,F1,Ａ級一般,base_color_6_bk,base_color_6,6,,013441,篠原　英雄,,,高　知,A3,A2,追,72.00,0,0,2,1,1
w57HAKWIMSmn3TMso-iDi2bEhgFOunGMQEdncA72U_RtG6cDFATht9QE1anEMyBJ,20240301,佐世保,1,F1,Ａ級一般,base_color_7_bk,base_color_7,7,,013822,米原　大輔,,,沖　縄,A1,A1,追,80.12,0,0,1,0,0
w57HAKWIMSmn3TMso-iDi7jKs01GR17L4pJbAGUqK_AwVD4mOUCre1JxLpxRjIb9,20240301,佐世保,2,F1,Ａ級一般,base_color_1_bk,base_color_1,1,,014883,才迫　開,,,広　島,S1,A1,両,98.22,0,5,3,2,2
w57HAKWIMSmn3TMso-iDi7jKs01GR17L4pJbAGUqK_AwVD4mOUCre1JxLpxRjIb9,20240301,佐世保,2,F1,Ａ級一般,base_color_2_bk,base_color_2,2,,013767,松丸　裕紀,,,福　岡,A3,A2,追,77.69,0,0,0,3,0
w57HAKWIMSmn3TMso-iDi7jKs01GR17L4pJbAGUqK_AwVD4mOUCre1JxLpxRjIb9,20240301,佐世保,2,F1,Ａ級一般,base_color_3_bk,base_color_3,3,,014415,楢原　由将,,,福　岡,A1,A2,両,80.42,0,0,1,0,0
w57HAKWIMSmn3TMso-iDi7jKs01GR17L4pJbAGUqK_AwVD4mOUCre1JxLpxRjIb9,20240301,佐世保,2,F1,Ａ級一般,base_color_4_bk,base_color_4,4,,013434,石黒　健,,,広　島,A3,A2,逃,79.66,0,1,0,0,0
w57HAKWIMSmn3TMso-iDi7jKs01GR17L4pJbAGUqK_AwVD4mOUCre1JxLpxRjIb9,20240301,佐世保,2,F1,Ａ級一般,base_color_5_bk,base_color_5,5,,014489,高鍋　邦彰,,,福　岡,A2,A2,両,81.86,1,1,2,0,8
w57HAKWIMSmn3TMso-iDi7jKs01GR17L4pJbAGUqK_AwVD4mOUCre1JxLpxRjIb9,20240301,佐世保,2,F1,Ａ級一般,base_color_6_bk,base_color_6,6,,014555,水木　裕聡,,,高　知,A3,A2,追,73.32,0,0,3,4,1
w57HAKWIMSmn3TMso-iDi7jKs01GR17L4pJbAGUqK_AwVD4mOUCre1JxLpxRjIb9,20240301,佐世保,2,F1,Ａ級一般,base_color_7_bk,base_color_7,7,,014257,岡崎　克政,,,岡　山,A3,A2,逃,73.88,8,2,0,0,18
w57HAKWIMSmn3TMso-iDi40I0vej0LHK6ThAbkBIH26g3FWmCZxjxe3iMnhey6bJ,20240301,佐世保,3,F1,Ａ級特選,base_color_1_bk,base_color_1,1,,015001,堀　兼壽,,,岐　阜,A1,A1,逃,89.11,4,2,1,0,10
w57HAKWIMSmn3TMso-iDi40I0vej0LHK6ThAbkBIH26g3FWmCZxjxe3iMnhey6bJ,20240301,佐世保,3,F1,Ａ級特選,base_color_2_bk,base_color_2,2,,015011,吉岡伸太郎,,,愛　媛,A1,A1,逃,88.00,5,5,2,1,7
w57HAKWIMSmn3TMso-iDi40I0vej0LHK6ThAbkBIH26g3FWmCZxjxe3iMnhey6bJ,20240301,佐世保,3,F1,Ａ級特選,base_color_3_bk,base_color_3,3,,014704,阿部　充宏,,,山　口,A2,A2,両,83.13,0,0,1,0,1
w57HAKWIMSmn3TMso-iDi40I0vej0LHK6ThAbkBIH26g3FWmCZxjxe3iMnhey6bJ,20240301,佐世保,3,F1,Ａ級特選,base_color_4_bk,base_color_4,4,,013640,西村　豊,,,三　重,A1,A1,追,91.95,0,1,5,8,0
w57HAKWIMSmn3TMso-iDi40I0vej0LHK6ThAbkBIH26g3FWmCZxjxe3iMnhey6bJ,20240301,佐世保,3,F1,Ａ級特選,base_color_5_bk,base_color_5,5,,013735,井上　剛,,,岡　山,A1,A1,追,86.63,0,0,7,2,0
w57HAKWIMSmn3TMso-iDi40I0vej0LHK6ThAbkBIH26g3FWmCZxjxe3iMnhey6bJ,20240301,佐世保,3,F1,Ａ級特選,base_color_6_bk,base_color_6,6,,014614,高橋清太郎,,,岡　山,A1,A1,追,83.00,0,0,4,1,0
w57HAKWIMSmn3TMso-iDi40I0vej0LHK6ThAbkBIH26g3FWmCZxjxe3iMnhey6bJ,20240301,佐世保,3,F1,Ａ級特選,base_color_7_bk,base_color_7,7,,015005,野口　正則,,,奈　良,A1,A1,両,89.96,0,1,9,4,1
w57HAKWIMSmn3TMso-iDizHiKsTiESYCENV6SY1-vq5LIVbzZiwjTbeIrpGenRDd,20240301,佐世保,4,F1,Ａ級特選,base_color_1_bk,base_color_1,1,,015557,梶原　大地,color_blue,追加,福　岡,A2,A1,逃,81.24,3,4,0,1,16
w57HAKWIMSmn3TMso-iDizHiKsTiESYCENV6SY1-vq5LIVbzZiwjTbeIrpGenRDd,20240301,佐世保,4,F1,Ａ級特選,base_color_2_bk,base_color_2,2,,014400,志水　祐彦,,,大　阪,A1,A1,両,90.06,0,1,5,2,0
w57HAKWIMSmn3TMso-iDizHiKsTiESYCENV6SY1-vq5LIVbzZiwjTbeIrpGenRDd,20240301,佐世保,4,F1,Ａ級特選,base_color_3_bk,base_color_3,3,,015550,山崎　航,,,山　口,A2,A2,逃,87.18,6,6,0,1,17
w57HAKWIMSmn3TMso-iDizHiKsTiESYCENV6SY1-vq5LIVbzZiwjTbeIrpGenRDd,20240301,佐世保,4,F1,Ａ級特選,base_color_4_bk,base_color_4,4,,013809,杉山　剛,,,福　岡,A2,A2,両,81.32,1,1,2,2,1
w57HAKWIMSmn3TMso-iDizHiKsTiESYCENV6SY1-vq5LIVbzZiwjTbeIrpGenRDd,20240301,佐世保,4,F1,Ａ級特選,base_color_5_bk,base_color_5,5,,014676,柳原　司,color_blue,追加,大　阪,A2,A2,両,83.72,0,0,3,3,0
w57HAKWIMSmn3TMso-iDizHiKsTiESYCENV6SY1-vq5LIVbzZiwjTbeIrpGenRDd,20240301,佐世保,4,F1,Ａ級特選,base_color_6_bk,base_color_6,6,,015190,大中　拓磨,color_blue,追加,兵　庫,A2,A2,逃,79.00,2,1,0,0,20
w57HAKWIMSmn3TMso-iDizHiKsTiESYCENV6SY1-vq5LIVbzZiwjTbeIrpGenRDd,20240301,佐世保,4,F1,Ａ級特選,base_color_7_bk,base_color_7,7,,014036,篠原　龍馬,,,高　知,S2,A1,両,91.46,0,0,3,2,1
w57HAKWIMSmn3TMso-iDiwMSMdhnW-hcYmlLPcBB-uLa__dx93UzH9_7mPeutORQ,20240301,佐世保,5,F1,Ｓ級一般,base_color_1_bk,base_color_1,1,,014673,松田　大,,,富　山,A1,S2,両,92.15,0,1,0,1,1
w57HAKWIMSmn3TMso-iDiwMSMdhnW-hcYmlLPcBB-uLa__dx93UzH9_7mPeutORQ,20240301,佐世保,5,F1,Ｓ級一般,base_color_2_bk,base_color_2,2,,015211,平尾　一晃,,,長　崎,S2,S2,逃,96.33,4,3,0,0,7
w57HAKWIMSmn3TMso-iDiwMSMdhnW-hcYmlLPcBB-uLa__dx93UzH9_7mPeutORQ,20240301,佐世保,5,F1,Ｓ級一般,base_color_3_bk,base_color_3,3,,015204,吉田　智哉,,,愛　媛,S2,S2,逃,97.85,1,1,3,0,5
w57HAKWIMSmn3TMso-iDiwMSMdhnW-hcYmlLPcBB-uLa__dx93UzH9_7mPeutORQ,20240301,佐世保,5,F1,Ｓ級一般,base_color_4_bk,base_color_4,4,,014750,今藤　康裕,,,岐　阜,A1,S2,追,97.65,0,0,5,2,0
w57HAKWIMSmn3TMso-iDiwMSMdhnW-hcYmlLPcBB-uLa__dx93UzH9_7mPeutORQ,20240301,佐世保,5,F1,Ｓ級一般,base_color_5_bk,base_color_5,5,,013439,青井　賢治,,,徳　島,S2,S2,追,97.00,0,0,1,2,0
w57HAKWIMSmn3TMso-iDiwMSMdhnW-hcYmlLPcBB-uLa__dx93UzH9_7mPeutORQ,20240301,佐世保,5,F1,Ｓ級一般,base_color_6_bk,base_color_6,6,,013811,池田　浩士,,,佐　賀,A1,S2,追,90.27,0,0,3,4,0
w57HAKWIMSmn3TMso-iDiwMSMdhnW-hcYmlLPcBB-uLa__dx93UzH9_7mPeutORQ,20240301,佐世保,5,F1,Ｓ級一般,base_color_7_bk,base_color_7,7,,012972,金子　貴志,,,愛　知,S2,S2,追,91.97,0,0,0,0,0
w57HAKWIMSmn3TMso-iDi07UlPvzO6wQomg2B9MU28_WRMDgKuetrmU95EuEBOhU,20240301,佐世保,6,F1,Ｓ級一般,base_color_1_bk,base_color_1,1,,015547,米嶋　恵介,,,岡　山,A1,S2,逃,94.04,2,3,1,0,12
w57HAKWIMSmn3TMso-iDi07UlPvzO6wQomg2B9MU28_WRMDgKuetrmU95EuEBOhU,20240301,佐世保,6,F1,Ｓ級一般,base_color_2_bk,base_color_2,2,,015206,鶴　良生,,,福　岡,A1,S2,逃,95.70,11,5,1,0,13
w57HAKWIMSmn3TMso-iDi07UlPvzO6wQomg2B9MU28_WRMDgKuetrmU95EuEBOhU,20240301,佐世保,6,F1,Ｓ級一般,base_color_3_bk,base_color_3,3,,014313,小谷　実,,,京　都,A1,S2,両,95.73,0,0,1,1,0
w57HAKWIMSmn3TMso-iDi07UlPvzO6wQomg2B9MU28_WRMDgKuetrmU95EuEBOhU,20240301,佐世保,6,F1,Ｓ級一般,base_color_4_bk,base_color_4,4,,013642,西岡　正一,,,和歌山,A1,S2,追,94.67,0,0,5,7,0
w57HAKWIMSmn3TMso-iDi07UlPvzO6wQomg2B9MU28_WRMDgKuetrmU95EuEBOhU,20240301,佐世保,6,F1,Ｓ級一般,base_color_5_bk,base_color_5,5,,015461,土生　敦弘,,,大　阪,S2,S2,逃,99.00,1,7,1,0,8
w57HAKWIMSmn3TMso-iDi07UlPvzO6wQomg2B9MU28_WRMDgKuetrmU95EuEBOhU,20240301,佐世保,6,F1,Ｓ級一般,base_color_6_bk,base_color_6,6,,015483,谷元　奎心,,,山　口,A1,S2,逃,91.48,1,5,1,0,3
w57HAKWIMSmn3TMso-iDi07UlPvzO6wQomg2B9MU28_WRMDgKuetrmU95EuEBOhU,20240301,佐世保,6,F1,Ｓ級一般,base_color_7_bk,base_color_7,7,,014612,工藤　文彦,,,沖　縄,A1,S2,追,94.85,0,1,5,2,0
w57HAKWIMSmn3TMso-iDiwiCs0xcTzL7TXwwQtBmohRmCChBEjo52O3EcTztNw5s,20240301,佐世保,7,F1,Ｓ級一般,base_color_1_bk,base_color_1,1,,015296,上田　尭弥,,,熊　本,S1,S2,逃,100.00,6,3,0,0,18
w57HAKWIMSmn3TMso-iDiwiCs0xcTzL7TXwwQtBmohRmCChBEjo52O3EcTztNw5s,20240301,佐世保,7,F1,Ｓ級一般,base_color_2_bk,base_color_2,2,,015359,山口　聖矢,,,岐　阜,S2,S2,両,98.59,0,0,1,3,0
w57HAKWIMSmn3TMso-iDiwiCs0xcTzL7TXwwQtBmohRmCChBEjo52O3EcTztNw5s,20240301,佐世保,7,F1,Ｓ級一般,base_color_3_bk,base_color_3,3,,014475,高間　悠平,,,福　井,S2,S2,追,95.88,0,0,3,0,0
w57HAKWIMSmn3TMso-iDiwiCs0xcTzL7TXwwQtBmohRmCChBEjo52O3EcTztNw5s,20240301,佐世保,7,F1,Ｓ級一般,base_color_4_bk,base_color_4,4,,013129,原田　隆,,,大　阪,S2,S2,追,92.43,0,0,0,1,0
w57HAKWIMSmn3TMso-iDiwiCs0xcTzL7TXwwQtBmohRmCChBEjo52O3EcTztNw5s,20240301,佐世保,7,F1,Ｓ級一般,base_color_5_bk,base_color_5,5,,014830,大洞　翔平,,,岐　阜,A1,S2,追,94.12,0,1,4,1,1
w57HAKWIMSmn3TMso-iDiwiCs0xcTzL7TXwwQtBmohRmCChBEjo52O3EcTztNw5s,20240301,佐世保,7,F1,Ｓ級一般,base_color_6_bk,base_color_6,6,,014949,石口　慶多,color_blue,追加,兵　庫,A1,S2,逃,92.33,2,3,0,0,7
w57HAKWIMSmn3TMso-iDiwiCs0xcTzL7TXwwQtBmohRmCChBEjo52O3EcTztNw5s,20240301,佐世保,7,F1,Ｓ級一般,base_color_7_bk,base_color_7,7,,014194,桑原　亮,,,福　岡,S2,S2,追,95.37,0,0,2,1,0
w57HAKWIMSmn3TMso-iDi62LefpQIWMQXc04lBDl7R4W02XHTgt7ZJgH8wQe4fGb,20240301,佐世保,8,F1,Ｓ級特選,base_color_1_bk,base_color_1,1,,014879,月森　亮輔,,,岡　山,S2,S2,逃,101.48,3,3,4,1,5
w57HAKWIMSmn3TMso-iDi62LefpQIWMQXc04lBDl7R4W02XHTgt7ZJgH8wQe4fGb,20240301,佐世保,8,F1,Ｓ級特選,base_color_2_bk,base_color_2,2,,014028,山口　泰生,,,岐　阜,S1,S2,追,101.29,0,0,5,3,0
w57HAKWIMSmn3TMso-iDi62LefpQIWMQXc04lBDl7R4W02XHTgt7ZJgH8wQe4fGb,20240301,佐世保,8,F1,Ｓ級特選,base_color_3_bk,base_color_3,3,,014946,元砂　勇雪,,,奈　良,S2,S2,両,101.00,0,1,4,4,0
w57HAKWIMSmn3TMso-iDi62LefpQIWMQXc04lBDl7R4W02XHTgt7ZJgH8wQe4fGb,20240301,佐世保,8,F1,Ｓ級特選,base_color_4_bk,base_color_4,4,,014327,北村　信明,color_blue,追加,徳　島,S1,S2,追,103.52,0,0,6,1,0
w57HAKWIMSmn3TMso-iDi62LefpQIWMQXc04lBDl7R4W02XHTgt7ZJgH8wQe4fGb,20240301,佐世保,8,F1,Ｓ級特選,base_color_5_bk,base_color_5,5,,015362,脇本　勇希,,,福　井,S2,S2,逃,101.52,2,7,0,0,7
w57HAKWIMSmn3TMso-iDi62LefpQIWMQXc04lBDl7R4W02XHTgt7ZJgH8wQe4fGb,20240301,佐世保,8,F1,Ｓ級特選,base_color_6_bk,base_color_6,6,,014752,竹内　雄作,,,岐　阜,S1,S2,逃,99.91,11,2,0,0,18
w57HAKWIMSmn3TMso-iDi62LefpQIWMQXc04lBDl7R4W02XHTgt7ZJgH8wQe4fGb,20240301,佐世保,8,F1,Ｓ級特選,base_color_7_bk,base_color_7,7,,015004,畑段　嵐士,,,京　都,S2,S1,両,104.06,0,4,7,0,6
w57HAKWIMSmn3TMso-iDi3ArUIHEhfeI2D8-wEKwTc7U55yjX20V7j-bRMuqERnB,20240301,佐世保,9,F1,Ｓ級特選,base_color_1_bk,base_color_1,1,,015386,阪本　和也,color_blue,追加,長　崎,S2,S2,追,105.58,0,0,7,5,0
w57HAKWIMSmn3TMso-iDi3ArUIHEhfeI2D8-wEKwTc7U55yjX20V7j-bRMuqERnB,20240301,佐世保,9,F1,Ｓ級特選,base_color_2_bk,base_color_2,2,,014174,柴崎　淳,,,三　重,S1,S1,両,103.16,0,0,3,1,0
w57HAKWIMSmn3TMso-iDi3ArUIHEhfeI2D8-wEKwTc7U55yjX20V7j-bRMuqERnB,20240301,佐世保,9,F1,Ｓ級特選,base_color_3_bk,base_color_3,3,,012834,松田　治之,,,大　阪,S2,S2,両,101.00,0,0,6,0,0
w57HAKWIMSmn3TMso-iDi3ArUIHEhfeI2D8-wEKwTc7U55yjX20V7j-bRMuqERnB,20240301,佐世保,9,F1,Ｓ級特選,base_color_4_bk,base_color_4,4,,014409,山本　奨,,,岡　山,S2,S2,両,101.22,0,0,9,0,1
w57HAKWIMSmn3TMso-iDi3ArUIHEhfeI2D8-wEKwTc7U55yjX20V7j-bRMuqERnB,20240301,佐世保,9,F1,Ｓ級特選,base_color_5_bk,base_color_5,5,,014545,岡崎　智哉,,,大　阪,S1,S1,両,105.72,0,1,1,1,2
w57HAKWIMSmn3TMso-iDi3ArUIHEhfeI2D8-wEKwTc7U55yjX20V7j-bRMuqERnB,20240301,佐世保,9,F1,Ｓ級特選,base_color_6_bk,base_color_6,6,,015628,村田　祐樹,,,富　山,A1,S2,逃,98.72,15,4,0,0,18
w57HAKWIMSmn3TMso-iDi3ArUIHEhfeI2D8-wEKwTc7U55yjX20V7j-bRMuqERnB,20240301,佐世保,9,F1,Ｓ級特選,base_color_7_bk,base_color_7,7,,015473,青柳　靖起,color_blue,補充,佐　賀,S2,S2,逃,102.30,6,6,4,1,14
w57HAKWIMSmn3TMso-iDi_PE4cLBkZZ3ohkDr8xfeGpiI_ZrEmuGn8PYt0w7sh5X,20240301,佐世保,10,F1,Ｓ級特選,base_color_1_bk,base_color_1,1,,015272,中釜　章成,,,大　阪,S2,S2,逃,100.82,1,4,3,0,14
w57HAKWIMSmn3TMso-iDi_PE4cLBkZZ3ohkDr8xfeGpiI_ZrEmuGn8PYt0w7sh5X,20240301,佐世保,10,F1,Ｓ級特選,base_color_2_bk,base_color_2,2,,015479,松岡　辰泰,,,熊　本,S1,S1,逃,105.91,1,4,3,1,3
w57HAKWIMSmn3TMso-iDi_PE4cLBkZZ3ohkDr8xfeGpiI_ZrEmuGn8PYt0w7sh5X,20240301,佐世保,10,F1,Ｓ級特選,base_color_3_bk,base_color_3,3,,015123,清水　一幸,,,徳　島,S2,S2,追,104.17,0,1,7,3,0
w57HAKWIMSmn3TMso-iDi_PE4cLBkZZ3ohkDr8xfeGpiI_ZrEmuGn8PYt0w7sh5X,20240301,佐世保,10,F1,Ｓ級特選,base_color_4_bk,base_color_4,4,,014852,徳永　哲人,,,熊　本,A1,S2,両,98.93,0,5,6,5,0
w57HAKWIMSmn3TMso-iDi_PE4cLBkZZ3ohkDr8xfeGpiI_ZrEmuGn8PYt0w7sh5X,20240301,佐世保,10,F1,Ｓ級特選,base_color_5_bk,base_color_5,5,,014682,原田研太朗,,,徳　島,S1,S1,逃,105.29,1,11,0,0,3
w57HAKWIMSmn3TMso-iDi_PE4cLBkZZ3ohkDr8xfeGpiI_ZrEmuGn8PYt0w7sh5X,20240301,佐世保,10,F1,Ｓ級特選,base_color_6_bk,base_color_6,6,,014889,津村洸次郎,,,福　岡,S2,S2,両,97.96,2,4,2,0,5
w57HAKWIMSmn3TMso-iDi_PE4cLBkZZ3ohkDr8xfeGpiI_ZrEmuGn8PYt0w7sh5X,20240301,佐世保,10,F1,Ｓ級特選,base_color_7_bk,base_color_7,7,,014103,村田　雅一,color_blue,追加,兵　庫,S2,S1,追,104.44,0,0,6,3,0
w57HAKWIMSmn3TMso-iDi44X2PTS4GZEqzXItLo26boU4rp2-gKTxB-OcyskmCJc,20240301,佐世保,11,F1,Ａ級決勝,base_color_1_bk,base_color_1,1,,015654,梅崎　隆介,,,長　崎,A2,A1,逃,93.19,2,8,0,1,8
w57HAKWIMSmn3TMso-iDi44X2PTS4GZEqzXItLo26boU4rp2-gKTxB-OcyskmCJc,20240301,佐世保,11,F1,Ａ級決勝,base_color_2_bk,base_color_2,2,,015627,南儀　拓海,,,富　山,A2,A2,逃,83.60,9,2,0,0,20
w57HAKWIMSmn3TMso-iDi44X2PTS4GZEqzXItLo26boU4rp2-gKTxB-OcyskmCJc,20240301,佐世保,11,F1,Ａ級決勝,base_color_3_bk,base_color_3,3,,015299,曽我　圭佑,,,熊　本,S2,A1,逃,91.42,5,4,1,1,17
w57HAKWIMSmn3TMso-iDi44X2PTS4GZEqzXItLo26boU4rp2-gKTxB-OcyskmCJc,20240301,佐世保,11,F1,Ａ級決勝,base_color_4_bk,base_color_4,4,,014634,寺崎　祐樹,,,熊　本,A1,A1,追,90.72,0,0,7,5,0
w57HAKWIMSmn3TMso-iDi44X2PTS4GZEqzXItLo26boU4rp2-gKTxB-OcyskmCJc,20240301,佐世保,11,F1,Ａ級決勝,base_color_5_bk,base_color_5,5,,014567,仲松　勝太,,,沖　縄,A2,A2,追,84.90,0,0,2,3,0
w57HAKWIMSmn3TMso-iDi44X2PTS4GZEqzXItLo26boU4rp2-gKTxB-OcyskmCJc,20240301,佐世保,11,F1,Ａ級決勝,base_color_6_bk,base_color_6,6,,014782,山口幸太郎,,,長　崎,A2,A2,両,80.13,0,0,1,0,1
w57HAKWIMSmn3TMso-iDi44X2PTS4GZEqzXItLo26boU4rp2-gKTxB-OcyskmCJc,20240301,佐世保,11,F1,Ａ級決勝,base_color_7_bk,base_color_7,7,,015744,橋本　宇宙,color_blue,追加,佐　賀,A2,A2,逃,83.82,14,8,1,0,18
w57HAKWIMSmn3TMso-iDiz3rn63FeBzWjR3mbTasVXtCZUdH0_E0m8e34y-fhwjN,20240301,佐世保,12,F1,Ｓ級決勝,base_color_1_bk,base_color_1,1,,013516,荒井　崇博,,,長　崎,S1,S1,追,115.50,0,1,10,2,0
w57HAKWIMSmn3TMso-iDiz3rn63FeBzWjR3mbTasVXtCZUdH0_E0m8e34y-fhwjN,20240301,佐世保,12,F1,Ｓ級決勝,base_color_2_bk,base_color_2,2,,012596,志智　俊夫,,,岐　阜,S1,S1,追,107.68,0,0,7,2,0
w57HAKWIMSmn3TMso-iDiz3rn63FeBzWjR3mbTasVXtCZUdH0_E0m8e34y-fhwjN,20240301,佐世保,12,F1,Ｓ級決勝,base_color_3_bk,base_color_3,3,,015464,町田　太我,color_blue,追加,広　島,S1,S1,逃,110.43,19,2,0,0,26
w57HAKWIMSmn3TMso-iDiz3rn63FeBzWjR3mbTasVXtCZUdH0_E0m8e34y-fhwjN,20240301,佐世保,12,F1,Ｓ級決勝,base_color_4_bk,base_color_4,4,,015203,松本　貴治,,,愛　媛,S1,S1,逃,109.32,0,3,3,0,1
w57HAKWIMSmn3TMso-iDiz3rn63FeBzWjR3mbTasVXtCZUdH0_E0m8e34y-fhwjN,20240301,佐世保,12,F1,Ｓ級決勝,base_color_5_bk,base_color_5,5,,015390,伊藤　颯馬,,,沖　縄,S1,S1,逃,108.80,4,12,2,0,18
w57HAKWIMSmn3TMso-iDiz3rn63FeBzWjR3mbTasVXtCZUdH0_E0m8e34y-fhwjN,20240301,佐世保,12,F1,Ｓ級決勝,base_color_6_bk,base_color_6,6,,014769,坂本　修一,,,岡　山,S2,S2,追,105.37,0,1,7,6,0
w57HAKWIMSmn3TMso-iDiz3rn63FeBzWjR3mbTasVXtCZUdH0_E0m8e34y-fhwjN,20240301,佐世保,12,F1,Ｓ級決勝,base_color_7_bk,base_color_7,7,,014047,山田　英明,,,佐　賀,S1,S1,両,112.50,0,6,4,0,1
qB0b7MkHtkbTo5CbxWit42oodIJ008DIwHWPKtnynXUzFakc9QJFbTYcq2ZQRpXJ,20240301,川崎,1,F2,Ａ級チャレンジ一般,base_color_1_bk,base_color_1,1,,013211,河元　茂,,,奈　良,A3,A3,追,71.72,0,0,2,4,0
qB0b7MkHtkbTo5CbxWit42oodIJ008DIwHWPKtnynXUzFakc9QJFbTYcq2ZQRpXJ,20240301,川崎,1,F2,Ａ級チャレンジ一般,base_color_2_bk,base_color_2,2,,014662,櫻井　宏樹,,,東　京,A3,A3,両,69.95,6,1,0,0,7
qB0b7MkHtkbTo5CbxWit42oodIJ008DIwHWPKtnynXUzFakc9QJFbTYcq2ZQRpXJ,20240301,川崎,1,F2,Ａ級チャレンジ一般,base_color_3_bk,base_color_3,3,,014213,岡田　哲夫,,,福　島,A3,A3,追,68.52,0,0,3,2,0
qB0b7MkHtkbTo5CbxWit42oodIJ008DIwHWPKtnynXUzFakc9QJFbTYcq2ZQRpXJ,20240301,川崎,1,F2,Ａ級チャレンジ一般,base_color_4_bk,base_color_4,4,,013464,鈴木　浩,,,新　潟,A3,A3,両,68.14,2,1,2,0,2
qB0b7MkHtkbTo5CbxWit42oodIJ008DIwHWPKtnynXUzFakc9QJFbTYcq2ZQRpXJ,20240301,川崎,1,F2,Ａ級チャレンジ一般,base_color_5_bk,base_color_5,5,,012824,梶原　亜湖,,,静　岡,A3,A3,追,67.90,0,0,3,0,0
qB0b7MkHtkbTo5CbxWit42oodIJ008DIwHWPKtnynXUzFakc9QJFbTYcq2ZQRpXJ,20240301,川崎,1,F2,Ａ級チャレンジ一般,base_color_6_bk,base_color_6,6,,013986,石田　岳彦,color_blue,追加,岩　手,A3,A3,追,66.90,0,0,2,0,1
qB0b7MkHtkbTo5CbxWit42oodIJ008DIwHWPKtnynXUzFakc9QJFbTYcq2ZQRpXJ,20240301,川崎,1,F2,Ａ級チャレンジ一般,base_color_7_bk,base_color_7,7,,014276,坂本　敏也,,,北海道,A3,A3,両,66.73,1,0,2,1,5
qB0b7MkHtkbTo5CbxWit44Ez63vrZcYENBjGrWw0UMTVxRRr-RtyCK8UX7_VH28e,20240301,川崎,2,F2,Ａ級チャレンジ一般,base_color_1_bk,base_color_1,1,,013847,小林　大能,,,千　葉,A2,A3,両,78.48,0,1,4,6,0
qB0b7MkHtkbTo5CbxWit44Ez63vrZcYENBjGrWw0UMTVxRRr-RtyCK8UX7_VH28e,20240301,川崎,2,F2,Ａ級チャレンジ一般,base_color_2_bk,base_color_2,2,,014387,佐野　恭太,,,静　岡,A2,A3,両,76.15,1,0,1,2,2
qB0b7MkHtkbTo5CbxWit44Ez63vrZcYENBjGrWw0UMTVxRRr-RtyCK8UX7_VH28e,20240301,川崎,2,F2,Ａ級チャレンジ一般,base_color_3_bk,base_color_3,3,,015087,本馬　鎌,color_blue,追加,福　島,A3,A3,逃,70.08,2,2,2,1,9
qB0b7MkHtkbTo5CbxWit44Ez63vrZcYENBjGrWw0UMTVxRRr-RtyCK8UX7_VH28e,20240301,川崎,2,F2,Ａ級チャレンジ一般,base_color_4_bk,base_color_4,4,,013269,田島　高志,color_blue,追加,三　重,A3,A3,追,69.50,0,0,0,1,0
qB0b7MkHtkbTo5CbxWit44Ez63vrZcYENBjGrWw0UMTVxRRr-RtyCK8UX7_VH28e,20240301,川崎,2,F2,Ａ級チャレンジ一般,base_color_5_bk,base_color_5,5,,014719,佐川　拓也,,,福　島,A3,A3,逃,68.15,0,0,3,0,0
qB0b7MkHtkbTo5CbxWit44Ez63vrZcYENBjGrWw0UMTVxRRr-RtyCK8UX7_VH28e,20240301,川崎,2,F2,Ａ級チャレンジ一般,base_color_6_bk,base_color_6,6,,012954,井上　善裕,,,埼　玉,A3,A3,追,67.96,0,0,0,2,2
qB0b7MkHtkbTo5CbxWit44Ez63vrZcYENBjGrWw0UMTVxRRr-RtyCK8UX7_VH28e,20240301,川崎,2,F2,Ａ級チャレンジ一般,base_color_7_bk,base_color_7,7,,014569,小原　伸哉,,,北海道,A3,A3,追,66.09,0,0,0,0,0
qB0b7MkHtkbTo5CbxWit43UXVfvLXGojDnUZxuVHsR0UeB96UZYsA9EISwl8znQL,20240301,川崎,3,F2,Ａ級チャレンジ選抜,base_color_1_bk,base_color_1,1,,012675,岩見　潤,,,三　重,A2,A3,追,78.70,0,0,1,6,0
qB0b7MkHtkbTo5CbxWit43UXVfvLXGojDnUZxuVHsR0UeB96UZYsA9EISwl8znQL,20240301,川崎,3,F2,Ａ級チャレンジ選抜,base_color_2_bk,base_color_2,2,,014169,富安　保充,,,愛　知,A2,A3,追,78.50,0,1,3,2,0
qB0b7MkHtkbTo5CbxWit43UXVfvLXGojDnUZxuVHsR0UeB96UZYsA9EISwl8znQL,20240301,川崎,3,F2,Ａ級チャレンジ選抜,base_color_3_bk,base_color_3,3,,013728,伊狩　知人,,,奈　良,A2,A3,追,76.17,0,0,1,2,0
qB0b7MkHtkbTo5CbxWit43UXVfvLXGojDnUZxuVHsR0UeB96UZYsA9EISwl8znQL,20240301,川崎,3,F2,Ａ級チャレンジ選抜,base_color_4_bk,base_color_4,4,,012677,花村　直人,,,三　重,A2,A3,両,74.69,0,0,3,0,1
qB0b7MkHtkbTo5CbxWit43UXVfvLXGojDnUZxuVHsR0UeB96UZYsA9EISwl8znQL,20240301,川崎,3,F2,Ａ級チャレンジ選抜,base_color_5_bk,base_color_5,5,,012603,大川　栄二,,,和歌山,A3,A3,追,71.42,0,1,3,3,0
qB0b7MkHtkbTo5CbxWit43UXVfvLXGojDnUZxuVHsR0UeB96UZYsA9EISwl8znQL,20240301,川崎,3,F2,Ａ級チャレンジ選抜,base_color_6_bk,base_color_6,6,,012585,郷坪　和博,,,神奈川,A3,A3,追,69.90,0,0,1,1,0
qB0b7MkHtkbTo5CbxWit43UXVfvLXGojDnUZxuVHsR0UeB96UZYsA9EISwl8znQL,20240301,川崎,3,F2,Ａ級チャレンジ選抜,base_color_7_bk,base_color_7,7,,014745,吉竹　雄城,,,千　葉,A3,A3,追,69.40,0,0,6,1,0
qB0b7MkHtkbTo5CbxWit48xEyntyedcQBD59M28zz6ScHmqLcICWxUCZujUWJbTW,20240301,川崎,4,F2,Ａ級特一般,base_color_1_bk,base_color_1,1,,015247,小玉　勇一,,,埼　玉,A1,A2,逃,90.10,1,6,3,0,7
qB0b7MkHtkbTo5CbxWit48xEyntyedcQBD59M28zz6ScHmqLcICWxUCZujUWJbTW,20240301,川崎,4,F2,Ａ級特一般,base_color_2_bk,base_color_2,2,,013933,藤田　竜矢,,,埼　玉,A2,A2,両,82.61,0,0,1,5,0
qB0b7MkHtkbTo5CbxWit48xEyntyedcQBD59M28zz6ScHmqLcICWxUCZujUWJbTW,20240301,川崎,4,F2,Ａ級特一般,base_color_3_bk,base_color_3,3,,013413,鶴岡　與之,,,千　葉,A2,A1,追,81.16,0,0,1,4,0
qB0b7MkHtkbTo5CbxWit48xEyntyedcQBD59M28zz6ScHmqLcICWxUCZujUWJbTW,20240301,川崎,4,F2,Ａ級特一般,base_color_4_bk,base_color_4,4,,011347,渡邉　藤男,,,栃　木,A2,A2,追,80.62,0,0,1,0,0
qB0b7MkHtkbTo5CbxWit48xEyntyedcQBD59M28zz6ScHmqLcICWxUCZujUWJbTW,20240301,川崎,4,F2,Ａ級特一般,base_color_5_bk,base_color_5,5,,013232,柳　充,,,青　森,A2,A2,追,79.13,0,0,0,0,0
qB0b7MkHtkbTo5CbxWit48xEyntyedcQBD59M28zz6ScHmqLcICWxUCZujUWJbTW,20240301,川崎,4,F2,Ａ級特一般,base_color_6_bk,base_color_6,6,,013480,林　洋二,,,岐　阜,A3,A2,追,73.97,0,0,1,4,0
qB0b7MkHtkbTo5CbxWit48xEyntyedcQBD59M28zz6ScHmqLcICWxUCZujUWJbTW,20240301,川崎,4,F2,Ａ級特一般,base_color_7_bk,base_color_7,7,,015158,猪野　泰介,,,山　形,A3,A2,逃,72.29,10,1,0,0,15
qB0b7MkHtkbTo5CbxWit47dQCEVePakmSVvOQdJnbLspgwMMJwlb4em4ekSwr2do,20240301,川崎,5,F2,Ａ級特一般,base_color_1_bk,base_color_1,1,,015448,長屋　秀明,,,岐　阜,A1,A1,逃,92.37,6,7,1,0,15
qB0b7MkHtkbTo5CbxWit47dQCEVePakmSVvOQdJnbLspgwMMJwlb4em4ekSwr2do,20240301,川崎,5,F2,Ａ級特一般,base_color_2_bk,base_color_2,2,,013705,佐藤　有輝,color_blue,補充,神奈川,A2,A2,追,84.28,0,0,3,2,0
qB0b7MkHtkbTo5CbxWit47dQCEVePakmSVvOQdJnbLspgwMMJwlb4em4ekSwr2do,20240301,川崎,5,F2,Ａ級特一般,base_color_3_bk,base_color_3,3,,013484,表　大暁,,,富　山,A1,A1,追,83.33,0,0,3,2,0
qB0b7MkHtkbTo5CbxWit47dQCEVePakmSVvOQdJnbLspgwMMJwlb4em4ekSwr2do,20240301,川崎,5,F2,Ａ級特一般,base_color_4_bk,base_color_4,4,,013794,川西　亮介,,,和歌山,A2,A2,追,81.73,0,0,1,0,0
qB0b7MkHtkbTo5CbxWit47dQCEVePakmSVvOQdJnbLspgwMMJwlb4em4ekSwr2do,20240301,川崎,5,F2,Ａ級特一般,base_color_5_bk,base_color_5,5,,014738,櫻川　雅彦,,,千　葉,A2,A2,両,81.21,0,1,5,2,2
qB0b7MkHtkbTo5CbxWit47dQCEVePakmSVvOQdJnbLspgwMMJwlb4em4ekSwr2do,20240301,川崎,5,F2,Ａ級特一般,base_color_6_bk,base_color_6,6,,014513,樋口　絢土,,,東　京,A2,A1,追,80.80,0,0,1,1,0
qB0b7MkHtkbTo5CbxWit47dQCEVePakmSVvOQdJnbLspgwMMJwlb4em4ekSwr2do,20240301,川崎,5,F2,Ａ級特一般,base_color_7_bk,base_color_7,7,,013408,川村　昭弘,,,新　潟,A2,A2,追,80.09,0,0,1,0,0
qB0b7MkHtkbTo5CbxWit4zzfc2U5-S2JUVLpBa6DfUBV8AKeQlw5tHiW2XqBFvSZ,20240301,川崎,6,F2,Ａ級特選,base_color_1_bk,base_color_1,1,,014310,三谷　政史,,,奈　良,S2,A1,追,93.40,0,0,2,1,0
qB0b7MkHtkbTo5CbxWit4zzfc2U5-S2JUVLpBa6DfUBV8AKeQlw5tHiW2XqBFvSZ,20240301,川崎,6,F2,Ａ級特選,base_color_2_bk,base_color_2,2,,015626,近谷　涼,,,富　山,A2,A2,逃,89.76,13,4,1,0,19
qB0b7MkHtkbTo5CbxWit4zzfc2U5-S2JUVLpBa6DfUBV8AKeQlw5tHiW2XqBFvSZ,20240301,川崎,6,F2,Ａ級特選,base_color_3_bk,base_color_3,3,,015273,中武三四郎,,,大　阪,A1,A2,逃,85.85,9,3,0,0,16
qB0b7MkHtkbTo5CbxWit4zzfc2U5-S2JUVLpBa6DfUBV8AKeQlw5tHiW2XqBFvSZ,20240301,川崎,6,F2,Ａ級特選,base_color_4_bk,base_color_4,4,,013036,深澤　伸介,,,静　岡,A1,A2,追,85.29,0,1,4,5,0
qB0b7MkHtkbTo5CbxWit4zzfc2U5-S2JUVLpBa6DfUBV8AKeQlw5tHiW2XqBFvSZ,20240301,川崎,6,F2,Ａ級特選,base_color_5_bk,base_color_5,5,,013384,金子　兼久,,,宮　城,A1,A1,追,84.60,0,0,2,3,0
qB0b7MkHtkbTo5CbxWit4zzfc2U5-S2JUVLpBa6DfUBV8AKeQlw5tHiW2XqBFvSZ,20240301,川崎,6,F2,Ａ級特選,base_color_6_bk,base_color_6,6,,013041,三浦　稔希,,,愛　知,A1,A1,追,83.03,0,0,1,5,0
qB0b7MkHtkbTo5CbxWit4zzfc2U5-S2JUVLpBa6DfUBV8AKeQlw5tHiW2XqBFvSZ,20240301,川崎,6,F2,Ａ級特選,base_color_7_bk,base_color_7,7,,014126,高谷　敏史,,,青　森,A1,A1,両,82.08,5,0,1,0,16
qB0b7MkHtkbTo5CbxWit49j8i__jM6TJTDUwRvNpqf8-ZegL7SxjPMROu1afBSyl,20240301,川崎,7,F2,Ａ級特選,base_color_1_bk,base_color_1,1,,014086,齋藤　友幸,,,静　岡,A1,A1,逃,90.11,1,3,1,1,2
qB0b7MkHtkbTo5CbxWit49j8i__jM6TJTDUwRvNpqf8-ZegL7SxjPMROu1afBSyl,20240301,川崎,7,F2,Ａ級特選,base_color_2_bk,base_color_2,2,,014525,三ッ井　武,,,神奈川,A2,A2,追,86.57,0,0,6,2,0
qB0b7MkHtkbTo5CbxWit49j8i__jM6TJTDUwRvNpqf8-ZegL7SxjPMROu1afBSyl,20240301,川崎,7,F2,Ａ級特選,base_color_3_bk,base_color_3,3,,011619,疋田　敏,,,愛　知,A1,A1,追,85.17,0,0,9,5,0
qB0b7MkHtkbTo5CbxWit49j8i__jM6TJTDUwRvNpqf8-ZegL7SxjPMROu1afBSyl,20240301,川崎,7,F2,Ａ級特選,base_color_4_bk,base_color_4,4,,013006,佐々木健司,,,青　森,A2,A2,追,84.55,0,0,2,4,0
qB0b7MkHtkbTo5CbxWit49j8i__jM6TJTDUwRvNpqf8-ZegL7SxjPMROu1afBSyl,20240301,川崎,7,F2,Ａ級特選,base_color_5_bk,base_color_5,5,,013610,土屋　仁,,,茨　城,A2,A2,追,83.52,0,0,4,3,0
qB0b7MkHtkbTo5CbxWit49j8i__jM6TJTDUwRvNpqf8-ZegL7SxjPMROu1afBSyl,20240301,川崎,7,F2,Ａ級特選,base_color_6_bk,base_color_6,6,,015114,谷口　友真,,,大　阪,A1,A1,逃,83.16,4,1,1,0,10
qB0b7MkHtkbTo5CbxWit49j8i__jM6TJTDUwRvNpqf8-ZegL7SxjPMROu1afBSyl,20240301,川崎,7,F2,Ａ級特選,base_color_7_bk,base_color_7,7,,015687,立花　昌也,color_blue,追加,青　森,A3,A2,逃,78.58,16,5,0,0,17
qB0b7MkHtkbTo5CbxWit41csZcicXSFuOPESD0nItVND7DC2iasLqnsKXmMEm1Kr,20240301,川崎,8,F2,Ａ級チャレンジ決勝,base_color_1_bk,base_color_1,1,,013397,鈴木龍之介,,,栃　木,A2,A3,追,87.57,0,0,8,0,0
qB0b7MkHtkbTo5CbxWit41csZcicXSFuOPESD0nItVND7DC2iasLqnsKXmMEm1Kr,20240301,川崎,8,F2,Ａ級チャレンジ決勝,base_color_2_bk,base_color_2,2,,015614,治田　知也,,,新　潟,A2,A3,逃,85.00,9,3,1,0,14
qB0b7MkHtkbTo5CbxWit41csZcicXSFuOPESD0nItVND7DC2iasLqnsKXmMEm1Kr,20240301,川崎,8,F2,Ａ級チャレンジ決勝,base_color_3_bk,base_color_3,3,,015713,望月　湧世,,,静　岡,A3,A3,逃,78.37,12,9,0,0,17
qB0b7MkHtkbTo5CbxWit41csZcicXSFuOPESD0nItVND7DC2iasLqnsKXmMEm1Kr,20240301,川崎,8,F2,Ａ級チャレンジ決勝,base_color_4_bk,base_color_4,4,,015716,尾方　祐仁,,,岐　阜,A3,A3,逃,78.06,12,10,2,1,20
qB0b7MkHtkbTo5CbxWit41csZcicXSFuOPESD0nItVND7DC2iasLqnsKXmMEm1Kr,20240301,川崎,8,F2,Ａ級チャレンジ決勝,base_color_5_bk,base_color_5,5,,015724,村上　翔馬,,,兵　庫,A3,A3,逃,76.72,22,1,1,0,24
qB0b7MkHtkbTo5CbxWit41csZcicXSFuOPESD0nItVND7DC2iasLqnsKXmMEm1Kr,20240301,川崎,8,F2,Ａ級チャレンジ決勝,base_color_6_bk,base_color_6,6,,014382,伊藤　翼,,,神奈川,A2,A3,両,75.25,1,7,4,0,6
qB0b7MkHtkbTo5CbxWit41csZcicXSFuOPESD0nItVND7DC2iasLqnsKXmMEm1Kr,20240301,川崎,8,F2,Ａ級チャレンジ決勝,base_color_7_bk,base_color_7,7,,013023,吉田　英二,,,東　京,A3,A3,追,68.50,0,0,2,0,0
qB0b7MkHtkbTo5CbxWit44dPsVsdEphfl8Ecf2_pYKou1vg5tE3XauEAfYchJtuD,20240301,川崎,9,F2,Ａ級決勝,base_color_1_bk,base_color_1,1,,014858,小原　唯志,,,茨　城,S2,A1,逃,98.10,3,2,2,3,11
qB0b7MkHtkbTo5CbxWit44dPsVsdEphfl8Ecf2_pYKou1vg5tE3XauEAfYchJtuD,20240301,川崎,9,F2,Ａ級決勝,base_color_2_bk,base_color_2,2,,015262,内山　雅貴,,,静　岡,S2,A1,逃,96.44,2,5,6,3,8
qB0b7MkHtkbTo5CbxWit44dPsVsdEphfl8Ecf2_pYKou1vg5tE3XauEAfYchJtuD,20240301,川崎,9,F2,Ａ級決勝,base_color_3_bk,base_color_3,3,,013537,谷津田将吾,,,福　島,S2,A1,追,95.68,0,0,3,1,0
qB0b7MkHtkbTo5CbxWit44dPsVsdEphfl8Ecf2_pYKou1vg5tE3XauEAfYchJtuD,20240301,川崎,9,F2,Ａ級決勝,base_color_4_bk,base_color_4,4,,014993,副島　和人,,,神奈川,S2,A1,追,93.44,0,0,4,1,1
qB0b7MkHtkbTo5CbxWit44dPsVsdEphfl8Ecf2_pYKou1vg5tE3XauEAfYchJtuD,20240301,川崎,9,F2,Ａ級決勝,base_color_5_bk,base_color_5,5,,014059,高塩　讓次,,,栃　木,A1,A1,追,92.85,0,0,6,3,0
qB0b7MkHtkbTo5CbxWit44dPsVsdEphfl8Ecf2_pYKou1vg5tE3XauEAfYchJtuD,20240301,川崎,9,F2,Ａ級決勝,base_color_6_bk,base_color_6,6,,014947,北川大五郎,,,大　阪,A1,A1,逃,92.40,3,5,5,2,7
qB0b7MkHtkbTo5CbxWit44dPsVsdEphfl8Ecf2_pYKou1vg5tE3XauEAfYchJtuD,20240301,川崎,9,F2,Ａ級決勝,base_color_7_bk,base_color_7,7,,014951,後藤　祐貴,,,兵　庫,A1,A2,逃,87.41,4,3,1,0,10
pjpbN8xQZYQT1-bYupLW58E3U_LQFh84OjEeLAeBkN2pSSodRGL6y1EYmA7gEREA,20240301,小田原,1,F2,Ａ級一般,base_color_1_bk,base_color_1,1,,014277,山口　慎吾,,,北海道,A2,A2,追,81.14,0,0,0,2,1
pjpbN8xQZYQT1-bYupLW58E3U_LQFh84OjEeLAeBkN2pSSodRGL6y1EYmA7gEREA,20240301,小田原,1,F2,Ａ級一般,base_color_2_bk,base_color_2,2,,014365,薮田　貴幸,,,茨　城,A2,A2,追,80.81,0,0,4,1,0
pjpbN8xQZYQT1-bYupLW58E3U_LQFh84OjEeLAeBkN2pSSodRGL6y1EYmA7gEREA,20240301,小田原,1,F2,Ａ級一般,base_color_3_bk,base_color_3,3,,013970,三好　陽一,,,愛　媛,A1,A2,両,78.33,0,0,0,0,0
pjpbN8xQZYQT1-bYupLW58E3U_LQFh84OjEeLAeBkN2pSSodRGL6y1EYmA7gEREA,20240301,小田原,1,F2,Ａ級一般,base_color_4_bk,base_color_4,4,,012760,櫻井　宏智,,,広　島,A2,A2,追,83.40,0,0,2,2,0
pjpbN8xQZYQT1-bYupLW58E3U_LQFh84OjEeLAeBkN2pSSodRGL6y1EYmA7gEREA,20240301,小田原,1,F2,Ａ級一般,base_color_5_bk,base_color_5,5,,015234,八嶋　稔真,,,北海道,A1,A1,逃,85.83,11,0,1,1,19
pjpbN8xQZYQT1-bYupLW58E3U_LQFh84OjEeLAeBkN2pSSodRGL6y1EYmA7gEREA,20240301,小田原,1,F2,Ａ級一般,base_color_6_bk,base_color_6,6,,014363,中川　昌久,,,茨　城,A3,A2,追,74.69,0,0,1,1,0
pjpbN8xQZYQT1-bYupLW58E3U_LQFh84OjEeLAeBkN2pSSodRGL6y1EYmA7gEREA,20240301,小田原,1,F2,Ａ級一般,base_color_7_bk,base_color_7,7,,013184,相樂　修,,,千　葉,A2,A2,両,81.58,0,0,4,1,0
pjpbN8xQZYQT1-bYupLW57HeY3lxT0e616zf63JZlbo7ci2Ok9BENOkZt7VYgN3u,20240301,小田原,2,F2,Ａ級一般,base_color_1_bk,base_color_1,1,,014495,下沖　功児,,,宮　崎,A2,A2,逃,83.02,2,7,1,0,9
pjpbN8xQZYQT1-bYupLW57HeY3lxT0e616zf63JZlbo7ci2Ok9BENOkZt7VYgN3u,20240301,小田原,2,F2,Ａ級一般,base_color_2_bk,base_color_2,2,,013710,榎本　光男,color_blue,補充,静　岡,A2,A2,両,82.52,1,5,2,2,4
pjpbN8xQZYQT1-bYupLW57HeY3lxT0e616zf63JZlbo7ci2Ok9BENOkZt7VYgN3u,20240301,小田原,2,F2,Ａ級一般,base_color_3_bk,base_color_3,3,,014056,橋本　紀彰,color_blue,追加,茨　城,A2,A1,追,82.95,0,0,3,2,0
pjpbN8xQZYQT1-bYupLW57HeY3lxT0e616zf63JZlbo7ci2Ok9BENOkZt7VYgN3u,20240301,小田原,2,F2,Ａ級一般,base_color_4_bk,base_color_4,4,,011417,小川　巧,,,岡　山,A1,A2,追,88.11,0,0,4,3,0
pjpbN8xQZYQT1-bYupLW57HeY3lxT0e616zf63JZlbo7ci2Ok9BENOkZt7VYgN3u,20240301,小田原,2,F2,Ａ級一般,base_color_5_bk,base_color_5,5,,014589,西巻　秀太,,,新　潟,A2,A2,追,80.78,0,0,1,2,0
pjpbN8xQZYQT1-bYupLW57HeY3lxT0e616zf63JZlbo7ci2Ok9BENOkZt7VYgN3u,20240301,小田原,2,F2,Ａ級一般,base_color_6_bk,base_color_6,6,,014242,亀谷　隆一,,,神奈川,A1,A1,追,79.16,0,0,0,2,0
pjpbN8xQZYQT1-bYupLW57HeY3lxT0e616zf63JZlbo7ci2Ok9BENOkZt7VYgN3u,20240301,小田原,2,F2,Ａ級一般,base_color_7_bk,base_color_7,7,,014776,川上　修平,,,高　知,A2,A2,追,82.14,0,0,1,2,0
pjpbN8xQZYQT1-bYupLW51LteFprhLGE6v3dgbxJVvxSb_23D3rXqoJAMLMmCscC,20240301,小田原,3,F2,Ａ級一般,base_color_1_bk,base_color_1,1,,012348,飯田　威文,,,埼　玉,A2,A1,追,80.88,0,0,0,1,0
pjpbN8xQZYQT1-bYupLW51LteFprhLGE6v3dgbxJVvxSb_23D3rXqoJAMLMmCscC,20240301,小田原,3,F2,Ａ級一般,base_color_2_bk,base_color_2,2,,014669,植木　和広,color_blue,補充,神奈川,A1,A2,追,81.36,0,0,3,2,0
pjpbN8xQZYQT1-bYupLW51LteFprhLGE6v3dgbxJVvxSb_23D3rXqoJAMLMmCscC,20240301,小田原,3,F2,Ａ級一般,base_color_3_bk,base_color_3,3,,013235,榊枝　輝文,,,福　島,A2,A2,追,81.13,0,0,2,1,0
pjpbN8xQZYQT1-bYupLW51LteFprhLGE6v3dgbxJVvxSb_23D3rXqoJAMLMmCscC,20240301,小田原,3,F2,Ａ級一般,base_color_4_bk,base_color_4,4,,012649,山本恵太郎,,,東　京,A2,A2,追,83.38,0,0,7,2,0
pjpbN8xQZYQT1-bYupLW51LteFprhLGE6v3dgbxJVvxSb_23D3rXqoJAMLMmCscC,20240301,小田原,3,F2,Ａ級一般,base_color_5_bk,base_color_5,5,,014695,山口　茂,,,福　島,A2,A1,追,83.39,0,0,1,1,0
pjpbN8xQZYQT1-bYupLW51LteFprhLGE6v3dgbxJVvxSb_23D3rXqoJAMLMmCscC,20240301,小田原,3,F2,Ａ級一般,base_color_6_bk,base_color_6,6,,014386,伊藤　拓人,,,静　岡,A2,A2,追,80.33,0,0,2,3,0
pjpbN8xQZYQT1-bYupLW51LteFprhLGE6v3dgbxJVvxSb_23D3rXqoJAMLMmCscC,20240301,小田原,3,F2,Ａ級一般,base_color_7_bk,base_color_7,7,,015526,梅田加津也,,,神奈川,A2,A2,逃,82.55,4,3,1,1,11
pjpbN8xQZYQT1-bYupLW55AKjWRS-AFQ0RlrH3-5ntfhTkUbLWgRwDat3toS299N,20240301,小田原,4,F2,Ａ級特選,base_color_1_bk,base_color_1,1,,015127,野村　典嗣,,,愛　媛,A1,A1,両,91.66,0,1,3,4,0
pjpbN8xQZYQT1-bYupLW55AKjWRS-AFQ0RlrH3-5ntfhTkUbLWgRwDat3toS299N,20240301,小田原,4,F2,Ａ級特選,base_color_2_bk,base_color_2,2,,014601,小竹　洋平,,,福　岡,A1,A2,両,88.50,0,1,6,5,1
pjpbN8xQZYQT1-bYupLW55AKjWRS-AFQ0RlrH3-5ntfhTkUbLWgRwDat3toS299N,20240301,小田原,4,F2,Ａ級特選,base_color_3_bk,base_color_3,3,,015107,田頭　寛之,,,千　葉,A1,A1,両,89.58,1,4,1,0,9
pjpbN8xQZYQT1-bYupLW55AKjWRS-AFQ0RlrH3-5ntfhTkUbLWgRwDat3toS299N,20240301,小田原,4,F2,Ａ級特選,base_color_4_bk,base_color_4,4,,012823,遠藤　勝行,color_blue,追加,静　岡,A2,A2,追,85.78,0,0,5,4,0
pjpbN8xQZYQT1-bYupLW55AKjWRS-AFQ0RlrH3-5ntfhTkUbLWgRwDat3toS299N,20240301,小田原,4,F2,Ａ級特選,base_color_5_bk,base_color_5,5,,013743,藤田　剣次,,,福　岡,A1,A1,追,86.84,0,2,10,3,0
pjpbN8xQZYQT1-bYupLW55AKjWRS-AFQ0RlrH3-5ntfhTkUbLWgRwDat3toS299N,20240301,小田原,4,F2,Ａ級特選,base_color_6_bk,base_color_6,6,,015639,松下　綾馬,,,岡　山,A2,A2,逃,84.70,5,2,1,0,14
pjpbN8xQZYQT1-bYupLW55AKjWRS-AFQ0RlrH3-5ntfhTkUbLWgRwDat3toS299N,20240301,小田原,4,F2,Ａ級特選,base_color_7_bk,base_color_7,7,,014825,稲葉　一真,,,静　岡,A2,A1,追,90.42,0,1,10,1,0
pjpbN8xQZYQT1-bYupLW555v9P566mADMVZQ2eSVtKv4NLc7bbsxIpB1ZhBA0ayV,20240301,小田原,5,F2,Ａ級決勝,base_color_1_bk,base_color_1,1,,015172,能代谷　元,,,神奈川,S2,A1,両,89.07,2,1,2,0,4
pjpbN8xQZYQT1-bYupLW555v9P566mADMVZQ2eSVtKv4NLc7bbsxIpB1ZhBA0ayV,20240301,小田原,5,F2,Ａ級決勝,base_color_2_bk,base_color_2,2,,013827,佐藤　雅彦,,,宮　城,S2,A1,追,95.44,0,0,1,2,1
pjpbN8xQZYQT1-bYupLW555v9P566mADMVZQ2eSVtKv4NLc7bbsxIpB1ZhBA0ayV,20240301,小田原,5,F2,Ａ級決勝,base_color_3_bk,base_color_3,3,,014228,片折　亮太,,,埼　玉,S2,A1,両,95.33,4,5,1,0,6
pjpbN8xQZYQT1-bYupLW555v9P566mADMVZQ2eSVtKv4NLc7bbsxIpB1ZhBA0ayV,20240301,小田原,5,F2,Ａ級決勝,base_color_4_bk,base_color_4,4,,014135,金澤　幸司,,,福　島,A1,A1,追,88.45,0,3,3,2,1
pjpbN8xQZYQT1-bYupLW555v9P566mADMVZQ2eSVtKv4NLc7bbsxIpB1ZhBA0ayV,20240301,小田原,5,F2,Ａ級決勝,base_color_5_bk,base_color_5,5,,013853,長田　祐弥,,,神奈川,S2,A1,追,93.66,0,0,4,1,0
pjpbN8xQZYQT1-bYupLW555v9P566mADMVZQ2eSVtKv4NLc7bbsxIpB1ZhBA0ayV,20240301,小田原,5,F2,Ａ級決勝,base_color_6_bk,base_color_6,6,,015690,斉藤　樂,,,宮　城,A2,A2,逃,87.44,5,1,0,0,6
pjpbN8xQZYQT1-bYupLW555v9P566mADMVZQ2eSVtKv4NLc7bbsxIpB1ZhBA0ayV,20240301,小田原,5,F2,Ａ級決勝,base_color_7_bk,base_color_7,7,,014515,城　幸弘,color_blue,追加,山　梨,A1,A1,両,91.88,0,2,5,5,0
pjpbN8xQZYQT1-bYupLW5yza9lrd1MNLvJbb1_oxP3dXP2Fr8xaXw9efc-AzEh-X,20240301,小田原,6,F2,Ａ級特選,base_color_1_bk,base_color_1,1,,015703,牧田　悠生,,,新　潟,A2,A2,逃,89.66,4,2,1,2,8
pjpbN8xQZYQT1-bYupLW5yza9lrd1MNLvJbb1_oxP3dXP2Fr8xaXw9efc-AzEh-X,20240301,小田原,6,F2,Ａ級特選,base_color_2_bk,base_color_2,2,,014778,宮崎　一彰,,,高　知,A1,A1,両,88.85,0,3,1,0,1
pjpbN8xQZYQT1-bYupLW5yza9lrd1MNLvJbb1_oxP3dXP2Fr8xaXw9efc-AzEh-X,20240301,小田原,6,F2,Ａ級特選,base_color_3_bk,base_color_3,3,,014340,古川　貴之,,,佐　賀,A1,A1,追,91.54,0,1,7,4,1
pjpbN8xQZYQT1-bYupLW5yza9lrd1MNLvJbb1_oxP3dXP2Fr8xaXw9efc-AzEh-X,20240301,小田原,6,F2,Ａ級特選,base_color_4_bk,base_color_4,4,,015280,藤井　將,color_blue,追加,広　島,A2,A1,両,87.03,1,5,5,2,4
pjpbN8xQZYQT1-bYupLW5yza9lrd1MNLvJbb1_oxP3dXP2Fr8xaXw9efc-AzEh-X,20240301,小田原,6,F2,Ａ級特選,base_color_5_bk,base_color_5,5,,013447,坂本　晃輝,,,佐　賀,A1,A1,追,87.79,0,1,7,5,0
pjpbN8xQZYQT1-bYupLW5yza9lrd1MNLvJbb1_oxP3dXP2Fr8xaXw9efc-AzEh-X,20240301,小田原,6,F2,Ａ級特選,base_color_6_bk,base_color_6,6,,014742,河野　淳吾,color_blue,追加,神奈川,A2,A2,追,81.42,0,0,1,0,1
pjpbN8xQZYQT1-bYupLW5yza9lrd1MNLvJbb1_oxP3dXP2Fr8xaXw9efc-AzEh-X,20240301,小田原,6,F2,Ａ級特選,base_color_7_bk,base_color_7,7,,013307,浦川　尊明,color_blue,追加,茨　城,A1,A1,追,90.10,0,0,5,5,0
pjpbN8xQZYQT1-bYupLW52LPfAZebxfYjipNIMCi3KJHibVXBFpiDB6EUgdx5Vkn,20240301,小田原,7,F2,Ａ級特選,base_color_1_bk,base_color_1,1,,013854,川田　忍,color_blue,追加,神奈川,A1,A2,両,86.45,2,9,0,0,6
pjpbN8xQZYQT1-bYupLW52LPfAZebxfYjipNIMCi3KJHibVXBFpiDB6EUgdx5Vkn,20240301,小田原,7,F2,Ａ級特選,base_color_2_bk,base_color_2,2,,014331,栗田　貴徳,,,愛　媛,S2,A1,追,97.14,0,0,8,3,0
pjpbN8xQZYQT1-bYupLW52LPfAZebxfYjipNIMCi3KJHibVXBFpiDB6EUgdx5Vkn,20240301,小田原,7,F2,Ａ級特選,base_color_3_bk,base_color_3,3,,015617,添田　龍児,,,神奈川,A2,A2,逃,87.64,7,7,0,0,20
pjpbN8xQZYQT1-bYupLW52LPfAZebxfYjipNIMCi3KJHibVXBFpiDB6EUgdx5Vkn,20240301,小田原,7,F2,Ａ級特選,base_color_4_bk,base_color_4,4,,013416,飯尾　主税,color_blue,追加,静　岡,A1,A1,追,85.55,0,0,8,4,0
pjpbN8xQZYQT1-bYupLW52LPfAZebxfYjipNIMCi3KJHibVXBFpiDB6EUgdx5Vkn,20240301,小田原,7,F2,Ａ級特選,base_color_5_bk,base_color_5,5,,015277,高井　流星,,,岡　山,A1,A1,逃,86.53,5,4,0,0,13
pjpbN8xQZYQT1-bYupLW52LPfAZebxfYjipNIMCi3KJHibVXBFpiDB6EUgdx5Vkn,20240301,小田原,7,F2,Ａ級特選,base_color_6_bk,base_color_6,6,,013069,白川　有司,,,福　岡,A2,A2,追,79.72,0,0,0,1,0
pjpbN8xQZYQT1-bYupLW52LPfAZebxfYjipNIMCi3KJHibVXBFpiDB6EUgdx5Vkn,20240301,小田原,7,F2,Ａ級特選,base_color_7_bk,base_color_7,7,,013890,藤原　浩,,,高　知,A1,A1,追,88.77,0,0,2,3,0
qW-ZPX5Na0y9CaoMyhsv4wUF7S9QsVSdQA7EGou8zer0jlubA0pR0IP2gkSwSjYz,20240301,岐阜,1,F2,Ａ級チャレンジ予選,base_color_1_bk,base_color_1,1,,013526,三澤　勝成,,,宮　城,A3,A3,追,70.25,0,0,5,1,0
qW-ZPX5Na0y9CaoMyhsv4wUF7S9QsVSdQA7EGou8zer0jlubA0pR0IP2gkSwSjYz,20240301,岐阜,1,F2,Ａ級チャレンジ予選,base_color_2_bk,base_color_2,2,,014739,里見　恒平,,,千　葉,A2,A3,逃,74.41,0,3,2,4,0
qW-ZPX5Na0y9CaoMyhsv4wUF7S9QsVSdQA7EGou8zer0jlubA0pR0IP2gkSwSjYz,20240301,岐阜,1,F2,Ａ級チャレンジ予選,base_color_3_bk,base_color_3,3,,014661,駒井　大輔,,,東　京,A3,A3,両,69.00,4,2,3,0,4
qW-ZPX5Na0y9CaoMyhsv4wUF7S9QsVSdQA7EGou8zer0jlubA0pR0IP2gkSwSjYz,20240301,岐阜,1,F2,Ａ級チャレンジ予選,base_color_4_bk,base_color_4,4,,011599,和泉田喜一,,,千　葉,A3,A3,追,70.74,0,0,8,1,0
qW-ZPX5Na0y9CaoMyhsv4wUF7S9QsVSdQA7EGou8zer0jlubA0pR0IP2gkSwSjYz,20240301,岐阜,1,F2,Ａ級チャレンジ予選,base_color_5_bk,base_color_5,5,,014644,高橋　明久,,,宮　城,A3,A3,逃,73.61,3,3,2,1,5
qW-ZPX5Na0y9CaoMyhsv4wUF7S9QsVSdQA7EGou8zer0jlubA0pR0IP2gkSwSjYz,20240301,岐阜,1,F2,Ａ級チャレンジ予選,base_color_6_bk,base_color_6,6,,012074,板羽　俊一,,,埼　玉,A3,A3,追,68.58,0,0,1,0,0
qW-ZPX5Na0y9CaoMyhsv4wUF7S9QsVSdQA7EGou8zer0jlubA0pR0IP2gkSwSjYz,20240301,岐阜,1,F2,Ａ級チャレンジ予選,base_color_7_bk,base_color_7,7,,015710,鈴木　康平,,,静　岡,A3,A3,逃,73.04,7,2,0,1,9
qW-ZPX5Na0y9CaoMyhsv49PssKfVy_RwHkHs9AyTUyBoNqHWnegCq2gI7Yy9bN6y,20240301,岐阜,2,F2,Ａ級チャレンジ予選,base_color_1_bk,base_color_1,1,,013415,山崎　明寛,,,千　葉,A3,A3,追,70.05,0,0,0,2,0
qW-ZPX5Na0y9CaoMyhsv49PssKfVy_RwHkHs9AyTUyBoNqHWnegCq2gI7Yy9bN6y,20240301,岐阜,2,F2,Ａ級チャレンジ予選,base_color_2_bk,base_color_2,2,,014798,三浦平志郎,,,秋　田,A3,A3,逃,67.80,1,2,0,0,5
qW-ZPX5Na0y9CaoMyhsv49PssKfVy_RwHkHs9AyTUyBoNqHWnegCq2gI7Yy9bN6y,20240301,岐阜,2,F2,Ａ級チャレンジ予選,base_color_3_bk,base_color_3,3,,014666,等々力久就,color_blue,追加,長　野,A2,A3,逃,75.06,7,5,0,1,12
qW-ZPX5Na0y9CaoMyhsv49PssKfVy_RwHkHs9AyTUyBoNqHWnegCq2gI7Yy9bN6y,20240301,岐阜,2,F2,Ａ級チャレンジ予選,base_color_4_bk,base_color_4,4,,015085,奈良　基,,,宮　城,A3,A3,両,70.38,2,1,1,2,2
qW-ZPX5Na0y9CaoMyhsv49PssKfVy_RwHkHs9AyTUyBoNqHWnegCq2gI7Yy9bN6y,20240301,岐阜,2,F2,Ａ級チャレンジ予選,base_color_5_bk,base_color_5,5,,011875,神田　宏行,,,埼　玉,A3,A3,追,70.31,0,0,2,1,0
qW-ZPX5Na0y9CaoMyhsv49PssKfVy_RwHkHs9AyTUyBoNqHWnegCq2gI7Yy9bN6y,20240301,岐阜,2,F2,Ａ級チャレンジ予選,base_color_6_bk,base_color_6,6,,013161,齋藤　和也,,,福　島,A3,A3,追,66.70,3,1,1,1,4
qW-ZPX5Na0y9CaoMyhsv49PssKfVy_RwHkHs9AyTUyBoNqHWnegCq2gI7Yy9bN6y,20240301,岐阜,2,F2,Ａ級チャレンジ予選,base_color_7_bk,base_color_7,7,,014381,吉澤　賢,,,千　葉,A3,A3,追,68.62,0,0,2,1,0
qW-ZPX5Na0y9CaoMyhsv479BhFo0BTbyfV8vIOXKdaMnUeA31SASQ4CXWyLon-ac,20240301,岐阜,3,F2,Ａ級チャレンジ予選,base_color_1_bk,base_color_1,1,,014609,高木　修二,,,大　阪,A3,A3,追,69.95,0,1,3,0,0
qW-ZPX5Na0y9CaoMyhsv479BhFo0BTbyfV8vIOXKdaMnUeA31SASQ4CXWyLon-ac,20240301,岐阜,3,F2,Ａ級チャレンジ予選,base_color_2_bk,base_color_2,2,,015612,小榑　佑弥,color_blue,追加,新　潟,A3,A3,逃,77.66,1,8,3,3,3
qW-ZPX5Na0y9CaoMyhsv479BhFo0BTbyfV8vIOXKdaMnUeA31SASQ4CXWyLon-ac,20240301,岐阜,3,F2,Ａ級チャレンジ予選,base_color_3_bk,base_color_3,3,,013830,田崎良太郎,,,福　島,A3,A3,追,70.80,0,0,4,3,0
qW-ZPX5Na0y9CaoMyhsv479BhFo0BTbyfV8vIOXKdaMnUeA31SASQ4CXWyLon-ac,20240301,岐阜,3,F2,Ａ級チャレンジ予選,base_color_4_bk,base_color_4,4,,014651,須永　勝太,,,福　島,A3,A3,逃,73.11,4,1,2,2,6
qW-ZPX5Na0y9CaoMyhsv479BhFo0BTbyfV8vIOXKdaMnUeA31SASQ4CXWyLon-ac,20240301,岐阜,3,F2,Ａ級チャレンジ予選,base_color_5_bk,base_color_5,5,,013684,吉橋　秀城,,,埼　玉,A3,A3,追,68.18,0,0,2,0,0
qW-ZPX5Na0y9CaoMyhsv479BhFo0BTbyfV8vIOXKdaMnUeA31SASQ4CXWyLon-ac,20240301,岐阜,3,F2,Ａ級チャレンジ予選,base_color_6_bk,base_color_6,6,,014101,永橋　武司,,,大　阪,A3,A3,両,67.11,0,2,0,0,1
qW-ZPX5Na0y9CaoMyhsv479BhFo0BTbyfV8vIOXKdaMnUeA31SASQ4CXWyLon-ac,20240301,岐阜,3,F2,Ａ級チャレンジ予選,base_color_7_bk,base_color_7,7,,012957,宮澤　晃,,,山　梨,A3,A3,追,71.58,0,0,4,1,0
qW-ZPX5Na0y9CaoMyhsv46xKwS_lZEYUYoZSm20DmLnveIE3yXOxx3dPKCK7X8eP,20240301,岐阜,4,F2,Ａ級チャレンジ予選,base_color_1_bk,base_color_1,1,,015164,菱沼　元樹,,,埼　玉,A3,A3,逃,69.30,12,0,1,0,18
qW-ZPX5Na0y9CaoMyhsv46xKwS_lZEYUYoZSm20DmLnveIE3yXOxx3dPKCK7X8eP,20240301,岐阜,4,F2,Ａ級チャレンジ予選,base_color_2_bk,base_color_2,2,,013272,古田　義明,,,三　重,A3,A3,追,70.95,0,0,1,1,0
qW-ZPX5Na0y9CaoMyhsv46xKwS_lZEYUYoZSm20DmLnveIE3yXOxx3dPKCK7X8eP,20240301,岐阜,4,F2,Ａ級チャレンジ予選,base_color_3_bk,base_color_3,3,,011367,石川　一浩,,,静　岡,A3,A3,追,69.42,0,0,3,1,0
qW-ZPX5Na0y9CaoMyhsv46xKwS_lZEYUYoZSm20DmLnveIE3yXOxx3dPKCK7X8eP,20240301,岐阜,4,F2,Ａ級チャレンジ予選,base_color_4_bk,base_color_4,4,,012514,海野　敦男,,,静　岡,A2,A3,追,67.83,0,0,0,0,0
qW-ZPX5Na0y9CaoMyhsv46xKwS_lZEYUYoZSm20DmLnveIE3yXOxx3dPKCK7X8eP,20240301,岐阜,4,F2,Ａ級チャレンジ予選,base_color_5_bk,base_color_5,5,,015719,出口謙一郎,,,岐　阜,A3,A3,逃,78.60,7,3,2,0,7
qW-ZPX5Na0y9CaoMyhsv46xKwS_lZEYUYoZSm20DmLnveIE3yXOxx3dPKCK7X8eP,20240301,岐阜,4,F2,Ａ級チャレンジ予選,base_color_6_bk,base_color_6,6,,013573,高野　輝彰,,,愛　知,A3,A3,追,67.33,0,1,0,1,0
qW-ZPX5Na0y9CaoMyhsv46xKwS_lZEYUYoZSm20DmLnveIE3yXOxx3dPKCK7X8eP,20240301,岐阜,4,F2,Ａ級チャレンジ予選,base_color_7_bk,base_color_7,7,,011792,木下　章,color_blue,追加,長　野,A3,A3,両,70.26,0,0,2,2,0
qW-ZPX5Na0y9CaoMyhsv48Dbwm7wicEssI0c0L99aS-zgHO3gKRHPesH421ArMpd,20240301,岐阜,5,F2,Ａ級チャレンジ予選,base_color_1_bk,base_color_1,1,,012827,光岡　義洋,,,愛　知,A3,A3,追,70.11,0,0,0,0,0
qW-ZPX5Na0y9CaoMyhsv48Dbwm7wicEssI0c0L99aS-zgHO3gKRHPesH421ArMpd,20240301,岐阜,5,F2,Ａ級チャレンジ予選,base_color_2_bk,base_color_2,2,,014529,片山　大輔,,,静　岡,A3,A3,追,69.16,0,0,2,1,0
qW-ZPX5Na0y9CaoMyhsv48Dbwm7wicEssI0c0L99aS-zgHO3gKRHPesH421ArMpd,20240301,岐阜,5,F2,Ａ級チャレンジ予選,base_color_3_bk,base_color_3,3,,014667,藤本　龍也,,,長　野,A3,A3,両,68.93,4,0,1,0,7
qW-ZPX5Na0y9CaoMyhsv48Dbwm7wicEssI0c0L99aS-zgHO3gKRHPesH421ArMpd,20240301,岐阜,5,F2,Ａ級チャレンジ予選,base_color_4_bk,base_color_4,4,,013781,服部　正継,,,岐　阜,A2,A3,追,75.65,0,0,2,9,0
qW-ZPX5Na0y9CaoMyhsv48Dbwm7wicEssI0c0L99aS-zgHO3gKRHPesH421ArMpd,20240301,岐阜,5,F2,Ａ級チャレンジ予選,base_color_5_bk,base_color_5,5,,013402,沼川　夢久,color_blue,追加,群　馬,A3,A3,追,69.56,0,0,1,1,0
qW-ZPX5Na0y9CaoMyhsv48Dbwm7wicEssI0c0L99aS-zgHO3gKRHPesH421ArMpd,20240301,岐阜,5,F2,Ａ級チャレンジ予選,base_color_6_bk,base_color_6,6,,011142,小林　宏年,,,静　岡,A3,A3,追,67.50,0,0,3,3,0
qW-ZPX5Na0y9CaoMyhsv48Dbwm7wicEssI0c0L99aS-zgHO3gKRHPesH421ArMpd,20240301,岐阜,5,F2,Ａ級チャレンジ予選,base_color_7_bk,base_color_7,7,,015623,野崎　翼,color_blue,追加,岐　阜,A2,A3,逃,79.48,5,5,5,1,10
qW-ZPX5Na0y9CaoMyhsv49XUkEZc229UwxbiBTXbiWlENrpnErEmcHBNKn7IWivK,20240301,岐阜,6,F2,Ｌ級ガールズ予選（第１走）,base_color_1_bk,base_color_1,1,,015401,清水　彩那,,,静　岡,L1,L1,両,48.91,1,1,1,0,4
qW-ZPX5Na0y9CaoMyhsv49XUkEZc229UwxbiBTXbiWlENrpnErEmcHBNKn7IWivK,20240301,岐阜,6,F2,Ｌ級ガールズ予選（第１走）,base_color_2_bk,base_color_2,2,,015587,吉川　美穂,,,和歌山,L1,L1,両,54.88,0,2,7,1,1
qW-ZPX5Na0y9CaoMyhsv49XUkEZc229UwxbiBTXbiWlENrpnErEmcHBNKn7IWivK,20240301,岐阜,6,F2,Ｌ級ガールズ予選（第１走）,base_color_3_bk,base_color_3,3,,015758,熊谷　碩子,,,東　京,L1,L1,両,47.00,0,1,0,1,0
qW-ZPX5Na0y9CaoMyhsv49XUkEZc229UwxbiBTXbiWlENrpnErEmcHBNKn7IWivK,20240301,岐阜,6,F2,Ｌ級ガールズ予選（第１走）,base_color_4_bk,base_color_4,4,,015760,五味田奈穂,,,千　葉,L1,L1,両,49.72,4,1,0,0,9
qW-ZPX5Na0y9CaoMyhsv49XUkEZc229UwxbiBTXbiWlENrpnErEmcHBNKn7IWivK,20240301,岐阜,6,F2,Ｌ級ガールズ予選（第１走）,base_color_5_bk,base_color_5,5,,015308,當銘　直美,color_blue,追加,愛　知,L1,L1,両,55.52,2,2,5,4,4
qW-ZPX5Na0y9CaoMyhsv49XUkEZc229UwxbiBTXbiWlENrpnErEmcHBNKn7IWivK,20240301,岐阜,6,F2,Ｌ級ガールズ予選（第１走）,base_color_6_bk,base_color_6,6,,015396,神澤　瑛菜,,,群　馬,L1,L1,両,45.00,0,0,0,0,0
qW-ZPX5Na0y9CaoMyhsv49XUkEZc229UwxbiBTXbiWlENrpnErEmcHBNKn7IWivK,20240301,岐阜,6,F2,Ｌ級ガールズ予選（第１走）,base_color_7_bk,base_color_7,7,,015573,蛯原　杏奈,,,北海道,L1,L1,両,49.70,0,0,1,4,0
qW-ZPX5Na0y9CaoMyhsv41qLZfPzHfYDuN_h7PA-W9e5ASZFD16coZOoPPn4kFFv,20240301,岐阜,7,F2,Ｌ級ガールズ予選（第１走）,base_color_1_bk,base_color_1,1,,015395,岩崎ゆみこ,,,茨　城,L1,L1,両,51.00,2,4,1,1,9
qW-ZPX5Na0y9CaoMyhsv41qLZfPzHfYDuN_h7PA-W9e5ASZFD16coZOoPPn4kFFv,20240301,岐阜,7,F2,Ｌ級ガールズ予選（第１走）,base_color_2_bk,base_color_2,2,,015145,大谷　杏奈,,,大　阪,L1,L1,両,46.50,0,0,0,0,0
qW-ZPX5Na0y9CaoMyhsv41qLZfPzHfYDuN_h7PA-W9e5ASZFD16coZOoPPn4kFFv,20240301,岐阜,7,F2,Ｌ級ガールズ予選（第１走）,base_color_3_bk,base_color_3,3,,015309,黒沢　夢姫,,,埼　玉,L1,L1,両,48.46,0,0,0,1,0
qW-ZPX5Na0y9CaoMyhsv41qLZfPzHfYDuN_h7PA-W9e5ASZFD16coZOoPPn4kFFv,20240301,岐阜,7,F2,Ｌ級ガールズ予選（第１走）,base_color_4_bk,base_color_4,4,,015763,山口　優依,,,愛　知,L1,L1,両,49.05,0,0,0,2,3
qW-ZPX5Na0y9CaoMyhsv41qLZfPzHfYDuN_h7PA-W9e5ASZFD16coZOoPPn4kFFv,20240301,岐阜,7,F2,Ｌ級ガールズ予選（第１走）,base_color_5_bk,base_color_5,5,,015673,塩田　日海,,,神奈川,L1,L1,両,48.70,0,2,0,1,0
qW-ZPX5Na0y9CaoMyhsv41qLZfPzHfYDuN_h7PA-W9e5ASZFD16coZOoPPn4kFFv,20240301,岐阜,7,F2,Ｌ級ガールズ予選（第１走）,base_color_6_bk,base_color_6,6,,015764,宇野　紅音,,,岐　阜,L1,L1,両,52.09,0,2,1,1,1
qW-ZPX5Na0y9CaoMyhsv41qLZfPzHfYDuN_h7PA-W9e5ASZFD16coZOoPPn4kFFv,20240301,岐阜,7,F2,Ｌ級ガールズ予選（第１走）,base_color_7_bk,base_color_7,7,,014895,荒牧　聖未,,,栃　木,L1,L1,両,56.52,0,5,10,2,3
qW-ZPX5Na0y9CaoMyhsv45EdyAifO3BKLzTXIb1kb_P7qafk-YLsmZUR2BJ-jGxl,20240301,岐阜,8,F2,Ａ級特予選,base_color_1_bk,base_color_1,1,,013209,奥谷　広巳,,,兵　庫,A1,A1,追,87.76,0,0,4,1,0
qW-ZPX5Na0y9CaoMyhsv45EdyAifO3BKLzTXIb1kb_P7qafk-YLsmZUR2BJ-jGxl,20240301,岐阜,8,F2,Ａ級特予選,base_color_2_bk,base_color_2,2,,011341,黒崎　直行,,,栃　木,A2,A2,追,80.66,0,0,2,1,0
qW-ZPX5Na0y9CaoMyhsv45EdyAifO3BKLzTXIb1kb_P7qafk-YLsmZUR2BJ-jGxl,20240301,岐阜,8,F2,Ａ級特予選,base_color_3_bk,base_color_3,3,,012970,山内　大作,,,静　岡,A1,A2,追,88.61,0,0,1,3,0
qW-ZPX5Na0y9CaoMyhsv45EdyAifO3BKLzTXIb1kb_P7qafk-YLsmZUR2BJ-jGxl,20240301,岐阜,8,F2,Ａ級特予選,base_color_4_bk,base_color_4,4,,015157,高橋　大輝,,,秋　田,A2,A2,両,86.45,0,3,3,0,4
qW-ZPX5Na0y9CaoMyhsv45EdyAifO3BKLzTXIb1kb_P7qafk-YLsmZUR2BJ-jGxl,20240301,岐阜,8,F2,Ａ級特予選,base_color_5_bk,base_color_5,5,,015187,鮫島　康治,,,大　阪,A1,A1,逃,87.41,2,4,1,0,4
qW-ZPX5Na0y9CaoMyhsv45EdyAifO3BKLzTXIb1kb_P7qafk-YLsmZUR2BJ-jGxl,20240301,岐阜,8,F2,Ａ級特予選,base_color_6_bk,base_color_6,6,,014064,吉松　賢二,color_blue,追加,群　馬,A2,A2,両,79.75,1,1,2,0,5
qW-ZPX5Na0y9CaoMyhsv45EdyAifO3BKLzTXIb1kb_P7qafk-YLsmZUR2BJ-jGxl,20240301,岐阜,8,F2,Ａ級特予選,base_color_7_bk,base_color_7,7,,012678,舛井　幹雄,,,三　重,A1,A1,追,85.61,0,0,6,2,0
qW-ZPX5Na0y9CaoMyhsv47rtmWBErLk6jyvem-2Tj95ul6H9a-2ZYMwmvq1xR7O3,20240301,岐阜,9,F2,Ａ級特予選,base_color_1_bk,base_color_1,1,,012452,伊藤　健詞,color_blue,追加,石　川,S2,A1,追,89.89,0,0,3,0,0
qW-ZPX5Na0y9CaoMyhsv47rtmWBErLk6jyvem-2Tj95ul6H9a-2ZYMwmvq1xR7O3,20240301,岐阜,9,F2,Ａ級特予選,base_color_2_bk,base_color_2,2,,014737,河上　陽一,,,千　葉,A2,A2,両,80.13,0,2,0,1,0
qW-ZPX5Na0y9CaoMyhsv47rtmWBErLk6jyvem-2Tj95ul6H9a-2ZYMwmvq1xR7O3,20240301,岐阜,9,F2,Ａ級特予選,base_color_3_bk,base_color_3,3,,013382,成田　直喜,,,青　森,A1,A1,追,84.81,0,0,4,5,0
qW-ZPX5Na0y9CaoMyhsv47rtmWBErLk6jyvem-2Tj95ul6H9a-2ZYMwmvq1xR7O3,20240301,岐阜,9,F2,Ａ級特予選,base_color_4_bk,base_color_4,4,,014172,山田　隼司,,,岐　阜,A2,A2,逃,80.88,4,1,1,0,11
qW-ZPX5Na0y9CaoMyhsv47rtmWBErLk6jyvem-2Tj95ul6H9a-2ZYMwmvq1xR7O3,20240301,岐阜,9,F2,Ａ級特予選,base_color_5_bk,base_color_5,5,,013270,中川　貴史,,,三　重,A1,A1,追,87.13,0,0,3,2,0
qW-ZPX5Na0y9CaoMyhsv47rtmWBErLk6jyvem-2Tj95ul6H9a-2ZYMwmvq1xR7O3,20240301,岐阜,9,F2,Ａ級特予選,base_color_6_bk,base_color_6,6,,012197,奥山　雅士,,,静　岡,A3,A2,追,78.66,0,0,3,1,0
qW-ZPX5Na0y9CaoMyhsv47rtmWBErLk6jyvem-2Tj95ul6H9a-2ZYMwmvq1xR7O3,20240301,岐阜,9,F2,Ａ級特予選,base_color_7_bk,base_color_7,7,,014984,會澤　龍,,,宮　城,A1,A1,両,86.37,1,0,3,2,2
qW-ZPX5Na0y9CaoMyhsv498dvTAp0cNLhvnsDLRPz9IeJkaz44PpZHFhXfB9BP15,20240301,岐阜,10,F2,Ａ級特予選,base_color_1_bk,base_color_1,1,,012529,木本　賢二,,,大　阪,A2,A2,追,85.44,0,0,0,3,0
qW-ZPX5Na0y9CaoMyhsv498dvTAp0cNLhvnsDLRPz9IeJkaz44PpZHFhXfB9BP15,20240301,岐阜,10,F2,Ａ級特予選,base_color_2_bk,base_color_2,2,,014233,西村　行貴,,,東　京,A1,A1,追,88.66,0,2,6,2,0
qW-ZPX5Na0y9CaoMyhsv498dvTAp0cNLhvnsDLRPz9IeJkaz44PpZHFhXfB9BP15,20240301,岐阜,10,F2,Ａ級特予選,base_color_3_bk,base_color_3,3,,012681,辻　力,,,石　川,A2,A2,追,83.90,0,1,4,1,0
qW-ZPX5Na0y9CaoMyhsv498dvTAp0cNLhvnsDLRPz9IeJkaz44PpZHFhXfB9BP15,20240301,岐阜,10,F2,Ａ級特予選,base_color_4_bk,base_color_4,4,,012598,大庭　正紀,,,富　山,A1,A2,追,83.07,0,0,3,1,0
qW-ZPX5Na0y9CaoMyhsv498dvTAp0cNLhvnsDLRPz9IeJkaz44PpZHFhXfB9BP15,20240301,岐阜,10,F2,Ａ級特予選,base_color_5_bk,base_color_5,5,,015434,片桐　善也,,,新　潟,A1,A1,逃,87.57,9,2,1,0,8
qW-ZPX5Na0y9CaoMyhsv498dvTAp0cNLhvnsDLRPz9IeJkaz44PpZHFhXfB9BP15,20240301,岐阜,10,F2,Ａ級特予選,base_color_6_bk,base_color_6,6,,012496,中村　淳,,,栃　木,A3,A2,追,75.20,0,0,2,0,0
qW-ZPX5Na0y9CaoMyhsv498dvTAp0cNLhvnsDLRPz9IeJkaz44PpZHFhXfB9BP15,20240301,岐阜,10,F2,Ａ級特予選,base_color_7_bk,base_color_7,7,,015188,浜田　翔平,,,大　阪,A3,A2,逃,77.45,0,3,2,0,7
qW-ZPX5Na0y9CaoMyhsv4_fX4nK13DOM4I8anMkMIYxS8WDaqsHEt7DpcKpqxoXN,20240301,岐阜,11,F2,Ａ級特予選,base_color_1_bk,base_color_1,1,,015171,出澤　拓也,,,神奈川,A1,A1,追,90.46,0,0,2,1,0
qW-ZPX5Na0y9CaoMyhsv4_fX4nK13DOM4I8anMkMIYxS8WDaqsHEt7DpcKpqxoXN,20240301,岐阜,11,F2,Ａ級特予選,base_color_2_bk,base_color_2,2,,013179,飯島　淳,,,東　京,A2,A2,追,82.83,0,0,2,3,0
qW-ZPX5Na0y9CaoMyhsv4_fX4nK13DOM4I8anMkMIYxS8WDaqsHEt7DpcKpqxoXN,20240301,岐阜,11,F2,Ａ級特予選,base_color_3_bk,base_color_3,3,,012689,前田　拓也,,,大　阪,A2,A2,追,84.40,0,0,2,1,0
qW-ZPX5Na0y9CaoMyhsv4_fX4nK13DOM4I8anMkMIYxS8WDaqsHEt7DpcKpqxoXN,20240301,岐阜,11,F2,Ａ級特予選,base_color_4_bk,base_color_4,4,,013461,市川　健太,,,東　京,A2,A2,両,81.52,1,3,0,0,5
qW-ZPX5Na0y9CaoMyhsv4_fX4nK13DOM4I8anMkMIYxS8WDaqsHEt7DpcKpqxoXN,20240301,岐阜,11,F2,Ａ級特予選,base_color_5_bk,base_color_5,5,,014645,三浦　翔大,,,宮　城,A1,A2,逃,92.26,2,2,1,1,8
qW-ZPX5Na0y9CaoMyhsv4_fX4nK13DOM4I8anMkMIYxS8WDaqsHEt7DpcKpqxoXN,20240301,岐阜,11,F2,Ａ級特予選,base_color_6_bk,base_color_6,6,,014483,竜門　孝宗,,,兵　庫,A3,A2,追,75.71,0,0,1,0,1
qW-ZPX5Na0y9CaoMyhsv4_fX4nK13DOM4I8anMkMIYxS8WDaqsHEt7DpcKpqxoXN,20240301,岐阜,11,F2,Ａ級特予選,base_color_7_bk,base_color_7,7,,013417,梅原　大治,,,静　岡,A2,A2,追,82.66,0,0,2,3,0
qW-ZPX5Na0y9CaoMyhsv4-0J36Zfo2-bEvBweoO9xLQDQGtQgLMhCHkEw5Z4NjFG,20240301,岐阜,12,F2,Ａ級初日特選,base_color_1_bk,base_color_1,1,,015340,幸田　望夢,,,栃　木,S2,A1,逃,94.30,2,4,0,0,9
qW-ZPX5Na0y9CaoMyhsv4-0J36Zfo2-bEvBweoO9xLQDQGtQgLMhCHkEw5Z4NjFG,20240301,岐阜,12,F2,Ａ級初日特選,base_color_2_bk,base_color_2,2,,013852,五十嵐　力,,,神奈川,S2,A1,追,98.77,0,0,4,1,0
qW-ZPX5Na0y9CaoMyhsv4-0J36Zfo2-bEvBweoO9xLQDQGtQgLMhCHkEw5Z4NjFG,20240301,岐阜,12,F2,Ａ級初日特選,base_color_3_bk,base_color_3,3,,014026,高橋　成英,,,愛　知,A1,A1,両,91.36,5,1,4,0,11
qW-ZPX5Na0y9CaoMyhsv4-0J36Zfo2-bEvBweoO9xLQDQGtQgLMhCHkEw5Z4NjFG,20240301,岐阜,12,F2,Ａ級初日特選,base_color_4_bk,base_color_4,4,,014096,伊藤　成紀,color_blue,追加,大　阪,A1,A1,両,92.50,1,3,6,3,4
qW-ZPX5Na0y9CaoMyhsv4-0J36Zfo2-bEvBweoO9xLQDQGtQgLMhCHkEw5Z4NjFG,20240301,岐阜,12,F2,Ａ級初日特選,base_color_5_bk,base_color_5,5,,013014,江連　和洋,,,栃　木,S2,A1,追,93.91,0,0,5,2,0
qW-ZPX5Na0y9CaoMyhsv4-0J36Zfo2-bEvBweoO9xLQDQGtQgLMhCHkEw5Z4NjFG,20240301,岐阜,12,F2,Ａ級初日特選,base_color_6_bk,base_color_6,6,,014600,山田　祥明,,,岐　阜,A1,A1,追,90.57,0,0,5,2,0
qW-ZPX5Na0y9CaoMyhsv4-0J36Zfo2-bEvBweoO9xLQDQGtQgLMhCHkEw5Z4NjFG,20240301,岐阜,12,F2,Ａ級初日特選,base_color_7_bk,base_color_7,7,,014826,菅原　裕太,,,静　岡,S2,A1,逃,94.17,2,2,5,0,3
lrrgkIOCNWMkGpMAgnwNNi-EUpQJnd2amA94uCW2wZTUP70InKjlLIqM7cqJojE-,20240301,奈良,1,F2,Ａ級チャレンジ一般,base_color_1_bk,base_color_1,1,,013128,梶原　秀庸,color_blue,追加,大　阪,A2,A3,追,74.27,0,0,3,3,0
lrrgkIOCNWMkGpMAgnwNNi-EUpQJnd2amA94uCW2wZTUP70InKjlLIqM7cqJojE-,20240301,奈良,1,F2,Ａ級チャレンジ一般,base_color_2_bk,base_color_2,2,,014034,鳥丸　晃順,,,岡　山,A3,A3,追,72.33,0,0,2,2,0
lrrgkIOCNWMkGpMAgnwNNi-EUpQJnd2amA94uCW2wZTUP70InKjlLIqM7cqJojE-,20240301,奈良,1,F2,Ａ級チャレンジ一般,base_color_3_bk,base_color_3,3,,015111,布居　翼,,,和歌山,A3,A3,逃,71.92,6,2,4,0,12
lrrgkIOCNWMkGpMAgnwNNi-EUpQJnd2amA94uCW2wZTUP70InKjlLIqM7cqJojE-,20240301,奈良,1,F2,Ａ級チャレンジ一般,base_color_4_bk,base_color_4,4,,013261,柴田　昌樹,color_blue,追加,愛　知,A3,A3,追,68.83,0,2,3,2,1
lrrgkIOCNWMkGpMAgnwNNi-EUpQJnd2amA94uCW2wZTUP70InKjlLIqM7cqJojE-,20240301,奈良,1,F2,Ａ級チャレンジ一般,base_color_5_bk,base_color_5,5,,012542,森下　忠夫,,,高　知,A3,A3,追,68.81,0,0,0,3,1
lrrgkIOCNWMkGpMAgnwNNi-EUpQJnd2amA94uCW2wZTUP70InKjlLIqM7cqJojE-,20240301,奈良,1,F2,Ａ級チャレンジ一般,base_color_6_bk,base_color_6,6,,012782,米丸　俊成,,,熊　本,A3,A3,追,65.20,0,0,0,0,0
lrrgkIOCNWMkGpMAgnwNNr9eUjvLjZGKGAwqWkaY78nzc-5HEefXwnvPRpnHwpZS,20240301,奈良,2,F2,Ａ級チャレンジ一般,base_color_1_bk,base_color_1,1,,014610,山村　慮太,color_blue,補充,大　阪,A2,A3,両,72.72,1,0,2,2,3
lrrgkIOCNWMkGpMAgnwNNr9eUjvLjZGKGAwqWkaY78nzc-5HEefXwnvPRpnHwpZS,20240301,奈良,2,F2,Ａ級チャレンジ一般,base_color_2_bk,base_color_2,2,,014490,永田　隼一,,,福　岡,A3,A3,逃,70.36,3,5,0,0,8
lrrgkIOCNWMkGpMAgnwNNr9eUjvLjZGKGAwqWkaY78nzc-5HEefXwnvPRpnHwpZS,20240301,奈良,2,F2,Ａ級チャレンジ一般,base_color_3_bk,base_color_3,3,,012157,竹野　行登,,,鹿児島,A3,A3,追,69.90,0,1,4,1,0
lrrgkIOCNWMkGpMAgnwNNr9eUjvLjZGKGAwqWkaY78nzc-5HEefXwnvPRpnHwpZS,20240301,奈良,2,F2,Ａ級チャレンジ一般,base_color_4_bk,base_color_4,4,,013043,児玉　利文,,,岐　阜,A3,A3,追,69.26,0,0,1,0,0
lrrgkIOCNWMkGpMAgnwNNr9eUjvLjZGKGAwqWkaY78nzc-5HEefXwnvPRpnHwpZS,20240301,奈良,2,F2,Ａ級チャレンジ一般,base_color_5_bk,base_color_5,5,,013488,中条　憲司,,,兵　庫,A3,A3,追,68.53,0,0,2,0,0
lrrgkIOCNWMkGpMAgnwNNr9eUjvLjZGKGAwqWkaY78nzc-5HEefXwnvPRpnHwpZS,20240301,奈良,2,F2,Ａ級チャレンジ一般,base_color_6_bk,base_color_6,6,,013972,富永　昌久,,,佐　賀,A3,A3,追,68.15,0,0,4,4,0
lrrgkIOCNWMkGpMAgnwNNr9eUjvLjZGKGAwqWkaY78nzc-5HEefXwnvPRpnHwpZS,20240301,奈良,2,F2,Ａ級チャレンジ一般,base_color_7_bk,base_color_7,7,,011850,菊池　崇史,,,愛　媛,A3,A3,追,67.52,0,0,1,2,0
lrrgkIOCNWMkGpMAgnwNNnu5YZTCSuRUnndG7Xgu-W36ojCCLhF9BRt4jtNPAXIw,20240301,奈良,3,F2,Ａ級チャレンジ選抜,base_color_1_bk,base_color_1,1,,011715,黒木　誠一,,,兵　庫,A2,A3,両,78.44,0,0,1,3,0
lrrgkIOCNWMkGpMAgnwNNnu5YZTCSuRUnndG7Xgu-W36ojCCLhF9BRt4jtNPAXIw,20240301,奈良,3,F2,Ａ級チャレンジ選抜,base_color_2_bk,base_color_2,2,,014707,飯塚　直人,,,佐　賀,A2,A3,両,75.16,0,0,0,2,0
lrrgkIOCNWMkGpMAgnwNNnu5YZTCSuRUnndG7Xgu-W36ojCCLhF9BRt4jtNPAXIw,20240301,奈良,3,F2,Ａ級チャレンジ選抜,base_color_3_bk,base_color_3,3,,014121,服部　克久,,,熊　本,A2,A3,追,73.16,0,0,0,2,0
lrrgkIOCNWMkGpMAgnwNNnu5YZTCSuRUnndG7Xgu-W36ojCCLhF9BRt4jtNPAXIw,20240301,奈良,3,F2,Ａ級チャレンジ選抜,base_color_4_bk,base_color_4,4,,014880,野見　泰要,,,岡　山,A3,A3,逃,72.18,22,3,2,1,36
lrrgkIOCNWMkGpMAgnwNNnu5YZTCSuRUnndG7Xgu-W36ojCCLhF9BRt4jtNPAXIw,20240301,奈良,3,F2,Ａ級チャレンジ選抜,base_color_5_bk,base_color_5,5,,015720,山元　大夢,,,石　川,A3,A3,逃,70.59,5,4,0,0,8
lrrgkIOCNWMkGpMAgnwNNnu5YZTCSuRUnndG7Xgu-W36ojCCLhF9BRt4jtNPAXIw,20240301,奈良,3,F2,Ａ級チャレンジ選抜,base_color_6_bk,base_color_6,6,,012383,田村　光昭,,,広　島,A3,A3,追,70.45,0,1,5,0,0
lrrgkIOCNWMkGpMAgnwNNnu5YZTCSuRUnndG7Xgu-W36ojCCLhF9BRt4jtNPAXIw,20240301,奈良,3,F2,Ａ級チャレンジ選抜,base_color_7_bk,base_color_7,7,,013738,眞鍋　伸也,,,香　川,A3,A3,両,68.18,0,1,3,1,0
lrrgkIOCNWMkGpMAgnwNNmPrYjfg-7Wf0V0E8c-OIv7X24E0tFBcqkLQRys52oeq,20240301,奈良,4,F2,Ａ級特一般,base_color_1_bk,base_color_1,1,,014952,多田　晃紀,,,岡　山,A2,A1,逃,87.44,6,0,1,0,14
lrrgkIOCNWMkGpMAgnwNNmPrYjfg-7Wf0V0E8c-OIv7X24E0tFBcqkLQRys52oeq,20240301,奈良,4,F2,Ａ級特一般,base_color_2_bk,base_color_2,2,,014269,梶原　恵介,,,大　分,A2,A2,追,82.76,0,0,4,4,0
lrrgkIOCNWMkGpMAgnwNNmPrYjfg-7Wf0V0E8c-OIv7X24E0tFBcqkLQRys52oeq,20240301,奈良,4,F2,Ａ級特一般,base_color_3_bk,base_color_3,3,,014328,藤田　洋平,,,徳　島,A2,A2,追,82.69,0,0,2,2,0
lrrgkIOCNWMkGpMAgnwNNmPrYjfg-7Wf0V0E8c-OIv7X24E0tFBcqkLQRys52oeq,20240301,奈良,4,F2,Ａ級特一般,base_color_4_bk,base_color_4,4,,012042,山原　利秀,,,高　知,A2,A2,追,82.07,0,0,3,0,0
lrrgkIOCNWMkGpMAgnwNNmPrYjfg-7Wf0V0E8c-OIv7X24E0tFBcqkLQRys52oeq,20240301,奈良,4,F2,Ａ級特一般,base_color_5_bk,base_color_5,5,,013446,丸林　一孝,,,福　岡,A2,A2,追,77.33,0,0,0,0,0
lrrgkIOCNWMkGpMAgnwNNmPrYjfg-7Wf0V0E8c-OIv7X24E0tFBcqkLQRys52oeq,20240301,奈良,4,F2,Ａ級特一般,base_color_6_bk,base_color_6,6,,013206,岡崎　和久,,,奈　良,A3,A2,追,73.80,0,0,0,0,0
lrrgkIOCNWMkGpMAgnwNNmPrYjfg-7Wf0V0E8c-OIv7X24E0tFBcqkLQRys52oeq,20240301,奈良,4,F2,Ａ級特一般,base_color_7_bk,base_color_7,7,,014948,斎藤　敦,,,大　阪,A3,A2,逃,73.17,3,2,0,0,9
lrrgkIOCNWMkGpMAgnwNNhJXAoXOWu4FENL08e12Swac6IYBzwIVPr7RIdFO_Ruv,20240301,奈良,5,F2,Ａ級特一般,base_color_1_bk,base_color_1,1,,015455,枠元　一葵,,,福　井,A1,A2,逃,87.37,12,0,0,0,21
lrrgkIOCNWMkGpMAgnwNNhJXAoXOWu4FENL08e12Swac6IYBzwIVPr7RIdFO_Ruv,20240301,奈良,5,F2,Ａ級特一般,base_color_2_bk,base_color_2,2,,012216,武田　哲二,,,京　都,A1,A1,追,85.33,0,0,6,4,1
lrrgkIOCNWMkGpMAgnwNNhJXAoXOWu4FENL08e12Swac6IYBzwIVPr7RIdFO_Ruv,20240301,奈良,5,F2,Ａ級特一般,base_color_3_bk,base_color_3,3,,014272,松田　直也,,,大　分,A2,A2,両,82.77,1,4,2,1,5
lrrgkIOCNWMkGpMAgnwNNhJXAoXOWu4FENL08e12Swac6IYBzwIVPr7RIdFO_Ruv,20240301,奈良,5,F2,Ａ級特一般,base_color_4_bk,base_color_4,4,,014040,竹内　真一,,,福　岡,A2,A2,追,80.79,0,0,0,1,0
lrrgkIOCNWMkGpMAgnwNNhJXAoXOWu4FENL08e12Swac6IYBzwIVPr7RIdFO_Ruv,20240301,奈良,5,F2,Ａ級特一般,base_color_5_bk,base_color_5,5,,014979,黒川　渉,color_blue,補充,奈　良,A2,A2,逃,80.55,0,0,1,1,0
lrrgkIOCNWMkGpMAgnwNNhJXAoXOWu4FENL08e12Swac6IYBzwIVPr7RIdFO_Ruv,20240301,奈良,5,F2,Ａ級特一般,base_color_6_bk,base_color_6,6,,013584,坂田　学,,,兵　庫,A3,A2,両,75.62,1,0,4,3,1
lrrgkIOCNWMkGpMAgnwNNhJXAoXOWu4FENL08e12Swac6IYBzwIVPr7RIdFO_Ruv,20240301,奈良,5,F2,Ａ級特一般,base_color_7_bk,base_color_7,7,,012776,下田　和美,,,熊　本,A3,A2,追,70.81,0,0,1,0,0
lrrgkIOCNWMkGpMAgnwNNqG_ZTpA4xD09l9waUX5Js3Dr3-7FjjPvQ4hnwttRr1z,20240301,奈良,6,F2,Ａ級特選,base_color_1_bk,base_color_1,1,,015651,中川　聖大,,,福　岡,A2,A1,逃,91.86,6,11,2,0,12
lrrgkIOCNWMkGpMAgnwNNqG_ZTpA4xD09l9waUX5Js3Dr3-7FjjPvQ4hnwttRr1z,20240301,奈良,6,F2,Ａ級特選,base_color_2_bk,base_color_2,2,,014688,西田　大志,,,福　岡,A1,A1,追,89.23,0,0,2,4,0
lrrgkIOCNWMkGpMAgnwNNqG_ZTpA4xD09l9waUX5Js3Dr3-7FjjPvQ4hnwttRr1z,20240301,奈良,6,F2,Ａ級特選,base_color_3_bk,base_color_3,3,,014470,板橋　慎治,,,岐　阜,A2,A2,追,85.93,0,1,3,4,0
lrrgkIOCNWMkGpMAgnwNNqG_ZTpA4xD09l9waUX5Js3Dr3-7FjjPvQ4hnwttRr1z,20240301,奈良,6,F2,Ａ級特選,base_color_4_bk,base_color_4,4,,014699,小川　大地,,,愛　知,A2,A1,追,85.29,0,0,2,2,0
lrrgkIOCNWMkGpMAgnwNNqG_ZTpA4xD09l9waUX5Js3Dr3-7FjjPvQ4hnwttRr1z,20240301,奈良,6,F2,Ａ級特選,base_color_5_bk,base_color_5,5,,015534,牛田樹希斗,,,愛　知,A2,A2,逃,85.20,5,5,0,0,10
lrrgkIOCNWMkGpMAgnwNNqG_ZTpA4xD09l9waUX5Js3Dr3-7FjjPvQ4hnwttRr1z,20240301,奈良,6,F2,Ａ級特選,base_color_6_bk,base_color_6,6,,014693,高田　大輔,,,岡　山,A2,A2,追,84.72,0,0,8,3,0
lrrgkIOCNWMkGpMAgnwNNqG_ZTpA4xD09l9waUX5Js3Dr3-7FjjPvQ4hnwttRr1z,20240301,奈良,6,F2,Ａ級特選,base_color_7_bk,base_color_7,7,,013435,中石　昌芳,,,広　島,A1,A2,追,83.71,0,0,2,3,0
lrrgkIOCNWMkGpMAgnwNNqFmUllAceoAqX-haYELvcbcfTo3kXeBem5W1MXhLau-,20240301,奈良,7,F2,Ａ級特選,base_color_1_bk,base_color_1,1,,012474,小川　圭二,color_blue,追加,徳　島,S2,A1,追,94.41,0,0,2,3,0
lrrgkIOCNWMkGpMAgnwNNqFmUllAceoAqX-haYELvcbcfTo3kXeBem5W1MXhLau-,20240301,奈良,7,F2,Ａ級特選,base_color_2_bk,base_color_2,2,,014486,大瀬戸潤一,,,広　島,A1,A1,追,91.66,0,0,5,2,0
lrrgkIOCNWMkGpMAgnwNNqFmUllAceoAqX-haYELvcbcfTo3kXeBem5W1MXhLau-,20240301,奈良,7,F2,Ａ級特選,base_color_3_bk,base_color_3,3,,013792,辰己　豊,,,奈　良,A2,A1,追,89.29,0,2,8,5,1
lrrgkIOCNWMkGpMAgnwNNqFmUllAceoAqX-haYELvcbcfTo3kXeBem5W1MXhLau-,20240301,奈良,7,F2,Ａ級特選,base_color_4_bk,base_color_4,4,,013729,堺　文人,,,和歌山,A1,A1,追,86.72,0,1,5,2,0
lrrgkIOCNWMkGpMAgnwNNqFmUllAceoAqX-haYELvcbcfTo3kXeBem5W1MXhLau-,20240301,奈良,7,F2,Ａ級特選,base_color_5_bk,base_color_5,5,,013148,小野　俊之,,,大　分,A2,A1,追,85.17,0,0,4,5,0
lrrgkIOCNWMkGpMAgnwNNqFmUllAceoAqX-haYELvcbcfTo3kXeBem5W1MXhLau-,20240301,奈良,7,F2,Ａ級特選,base_color_6_bk,base_color_6,6,,014820,中井　勇介,,,大　阪,A1,A1,両,84.69,6,3,3,0,13
lrrgkIOCNWMkGpMAgnwNNqFmUllAceoAqX-haYELvcbcfTo3kXeBem5W1MXhLau-,20240301,奈良,7,F2,Ａ級特選,base_color_7_bk,base_color_7,7,,013974,大竹野裕樹,,,鹿児島,A2,A2,両,84.03,1,6,1,1,3
lrrgkIOCNWMkGpMAgnwNNgZyudtJKjSUXqNE5I6vDi4y1RHVkFj2CyqosmUVrByA,20240301,奈良,8,F2,Ａ級チャレンジ決勝,base_color_1_bk,base_color_1,1,,015056,田村　風起,,,奈　良,A2,A3,両,81.51,1,3,4,4,2
lrrgkIOCNWMkGpMAgnwNNgZyudtJKjSUXqNE5I6vDi4y1RHVkFj2CyqosmUVrByA,20240301,奈良,8,F2,Ａ級チャレンジ決勝,base_color_2_bk,base_color_2,2,,015110,小出　慎也,,,和歌山,A2,A3,逃,80.83,7,7,3,0,15
lrrgkIOCNWMkGpMAgnwNNgZyudtJKjSUXqNE5I6vDi4y1RHVkFj2CyqosmUVrByA,20240301,奈良,8,F2,Ａ級チャレンジ決勝,base_color_3_bk,base_color_3,3,,015740,櫻木　雄太,,,福　岡,A3,A3,逃,79.33,8,12,2,0,12
lrrgkIOCNWMkGpMAgnwNNgZyudtJKjSUXqNE5I6vDi4y1RHVkFj2CyqosmUVrByA,20240301,奈良,8,F2,Ａ級チャレンジ決勝,base_color_4_bk,base_color_4,4,,014774,阿部　弘,,,高　知,A2,A3,両,77.66,0,1,7,1,0
lrrgkIOCNWMkGpMAgnwNNgZyudtJKjSUXqNE5I6vDi4y1RHVkFj2CyqosmUVrByA,20240301,奈良,8,F2,Ａ級チャレンジ決勝,base_color_5_bk,base_color_5,5,,012287,西川　弘資,,,三　重,A2,A3,追,75.75,0,0,3,0,0
lrrgkIOCNWMkGpMAgnwNNgZyudtJKjSUXqNE5I6vDi4y1RHVkFj2CyqosmUVrByA,20240301,奈良,8,F2,Ａ級チャレンジ決勝,base_color_6_bk,base_color_6,6,,015372,野上　竜太,,,岡　山,A3,A3,逃,74.86,15,2,3,1,26
lrrgkIOCNWMkGpMAgnwNNgZyudtJKjSUXqNE5I6vDi4y1RHVkFj2CyqosmUVrByA,20240301,奈良,8,F2,Ａ級チャレンジ決勝,base_color_7_bk,base_color_7,7,,013788,白崎　芳典,,,福　井,A3,A3,追,71.20,0,0,3,3,0
lrrgkIOCNWMkGpMAgnwNNsm390q5889gshlmDoDy-2aglP5jl7lTqxSpi2lLU5vw,20240301,奈良,9,F2,Ａ級決勝,base_color_1_bk,base_color_1,1,,014175,柴崎　俊光,,,三　重,S2,A1,追,97.68,0,0,7,3,0
lrrgkIOCNWMkGpMAgnwNNsm390q5889gshlmDoDy-2aglP5jl7lTqxSpi2lLU5vw,20240301,奈良,9,F2,Ａ級決勝,base_color_2_bk,base_color_2,2,,015064,吉武信太朗,,,愛　媛,S2,A1,逃,96.14,5,5,1,0,7
lrrgkIOCNWMkGpMAgnwNNsm390q5889gshlmDoDy-2aglP5jl7lTqxSpi2lLU5vw,20240301,奈良,9,F2,Ａ級決勝,base_color_3_bk,base_color_3,3,,014248,吉川　起也,,,富　山,S2,A1,両,94.71,6,0,4,0,8
lrrgkIOCNWMkGpMAgnwNNsm390q5889gshlmDoDy-2aglP5jl7lTqxSpi2lLU5vw,20240301,奈良,9,F2,Ａ級決勝,base_color_4_bk,base_color_4,4,,012688,佐藤　成人,,,奈　良,S2,A1,追,93.90,0,0,7,4,0
lrrgkIOCNWMkGpMAgnwNNsm390q5889gshlmDoDy-2aglP5jl7lTqxSpi2lLU5vw,20240301,奈良,9,F2,Ａ級決勝,base_color_5_bk,base_color_5,5,,015456,安藤　直希,,,京　都,A1,A1,逃,93.54,10,4,0,0,16
lrrgkIOCNWMkGpMAgnwNNsm390q5889gshlmDoDy-2aglP5jl7lTqxSpi2lLU5vw,20240301,奈良,9,F2,Ａ級決勝,base_color_6_bk,base_color_6,6,,015718,棚瀬　義大,color_blue,追加,岐　阜,A2,A2,逃,93.14,17,5,0,0,20
lrrgkIOCNWMkGpMAgnwNNsm390q5889gshlmDoDy-2aglP5jl7lTqxSpi2lLU5vw,20240301,奈良,9,F2,Ａ級決勝,base_color_7_bk,base_color_7,7,,012234,室井　竜二,,,徳　島,S2,A1,追,92.50,0,0,1,0,0
4sLptYw_uaU3-SWJZKrd1BsfXFg6asFxX11dK_ZdRJDRdZCbujFQUhlS77866FhH,20240301,別府,1,F2,Ａ級予選,base_color_1_bk,base_color_1,1,,013910,高橋　秀吉,,,秋　田,A1,A1,追,86.74,2,0,8,1,2
4sLptYw_uaU3-SWJZKrd1BsfXFg6asFxX11dK_ZdRJDRdZCbujFQUhlS77866FhH,20240301,別府,1,F2,Ａ級予選,base_color_2_bk,base_color_2,2,,012924,太田黒大心,,,熊　本,A1,A2,追,85.04,0,0,3,0,0
4sLptYw_uaU3-SWJZKrd1BsfXFg6asFxX11dK_ZdRJDRdZCbujFQUhlS77866FhH,20240301,別府,1,F2,Ａ級予選,base_color_3_bk,base_color_3,3,,014619,木村　浩宣,color_blue,追加,香　川,A1,A2,逃,88.00,0,6,1,1,3
4sLptYw_uaU3-SWJZKrd1BsfXFg6asFxX11dK_ZdRJDRdZCbujFQUhlS77866FhH,20240301,別府,1,F2,Ａ級予選,base_color_4_bk,base_color_4,4,,012953,矢内　良和,,,群　馬,A2,A2,追,81.70,0,0,1,2,0
4sLptYw_uaU3-SWJZKrd1BsfXFg6asFxX11dK_ZdRJDRdZCbujFQUhlS77866FhH,20240301,別府,1,F2,Ａ級予選,base_color_5_bk,base_color_5,5,,015382,竹元　健竜,,,福　岡,A2,A1,逃,86.50,0,3,3,0,2
4sLptYw_uaU3-SWJZKrd1BsfXFg6asFxX11dK_ZdRJDRdZCbujFQUhlS77866FhH,20240301,別府,1,F2,Ａ級予選,base_color_6_bk,base_color_6,6,,015511,中込　健太,,,秋　田,A2,A2,逃,79.70,1,2,0,0,7
4sLptYw_uaU3-SWJZKrd1BsfXFg6asFxX11dK_ZdRJDRdZCbujFQUhlS77866FhH,20240301,別府,1,F2,Ａ級予選,base_color_7_bk,base_color_7,7,,014330,坂田　章,,,高　知,A1,A1,追,89.38,0,0,4,3,0
4sLptYw_uaU3-SWJZKrd1ImWEypfxWq0nwgo-zVVHKmGguCyR4CDv-a7BLYB8JAS,20240301,別府,2,F2,Ａ級予選,base_color_1_bk,base_color_1,1,,014181,藤原　悠斗,,,岡　山,A1,A1,追,89.09,2,1,4,2,1
4sLptYw_uaU3-SWJZKrd1ImWEypfxWq0nwgo-zVVHKmGguCyR4CDv-a7BLYB8JAS,20240301,別府,2,F2,Ａ級予選,base_color_2_bk,base_color_2,2,,015664,米村　光星,,,熊　本,A2,A2,逃,85.22,0,2,0,0,2
4sLptYw_uaU3-SWJZKrd1ImWEypfxWq0nwgo-zVVHKmGguCyR4CDv-a7BLYB8JAS,20240301,別府,2,F2,Ａ級予選,base_color_3_bk,base_color_3,3,,014078,植草　亮介,,,千　葉,A1,A1,追,89.33,0,0,0,1,0
4sLptYw_uaU3-SWJZKrd1ImWEypfxWq0nwgo-zVVHKmGguCyR4CDv-a7BLYB8JAS,20240301,別府,2,F2,Ａ級予選,base_color_4_bk,base_color_4,4,,013897,加藤　大輔,color_blue,追加,大　分,A2,A2,追,83.29,0,0,3,1,0
4sLptYw_uaU3-SWJZKrd1ImWEypfxWq0nwgo-zVVHKmGguCyR4CDv-a7BLYB8JAS,20240301,別府,2,F2,Ａ級予選,base_color_5_bk,base_color_5,5,,014658,馬場　和広,,,埼　玉,A2,A1,両,89.13,1,0,2,3,2
4sLptYw_uaU3-SWJZKrd1ImWEypfxWq0nwgo-zVVHKmGguCyR4CDv-a7BLYB8JAS,20240301,別府,2,F2,Ａ級予選,base_color_6_bk,base_color_6,6,,013106,赤井　学,,,千　葉,A3,A2,追,80.46,0,0,3,2,0
4sLptYw_uaU3-SWJZKrd1ImWEypfxWq0nwgo-zVVHKmGguCyR4CDv-a7BLYB8JAS,20240301,別府,2,F2,Ａ級予選,base_color_7_bk,base_color_7,7,,014556,小川　祐司,color_blue,追加,愛　媛,A1,A1,逃,86.76,4,1,3,2,5
4sLptYw_uaU3-SWJZKrd1ByeTFuKqhM-esKIaii9YkCEMs8IdLdntSamRo5gsOC7,20240301,別府,3,F2,Ａ級予選,base_color_1_bk,base_color_1,1,,014414,是永　幸寛,,,福　岡,A1,A1,追,88.55,0,0,2,2,0
4sLptYw_uaU3-SWJZKrd1ByeTFuKqhM-esKIaii9YkCEMs8IdLdntSamRo5gsOC7,20240301,別府,3,F2,Ａ級予選,base_color_2_bk,base_color_2,2,,013983,大崎　智久,,,青　森,A2,A2,追,81.47,0,0,3,1,0
4sLptYw_uaU3-SWJZKrd1ByeTFuKqhM-esKIaii9YkCEMs8IdLdntSamRo5gsOC7,20240301,別府,3,F2,Ａ級予選,base_color_3_bk,base_color_3,3,,013740,大久保直也,,,徳　島,A1,A1,追,84.27,3,0,3,3,5
4sLptYw_uaU3-SWJZKrd1ByeTFuKqhM-esKIaii9YkCEMs8IdLdntSamRo5gsOC7,20240301,別府,3,F2,Ａ級予選,base_color_4_bk,base_color_4,4,,013860,藤原　清隆,color_blue,追加,静　岡,A2,A2,追,81.92,0,0,0,0,0
4sLptYw_uaU3-SWJZKrd1ByeTFuKqhM-esKIaii9YkCEMs8IdLdntSamRo5gsOC7,20240301,別府,3,F2,Ａ級予選,base_color_5_bk,base_color_5,5,,014783,魚屋　周成,,,大　分,S2,A2,逃,86.66,2,0,1,0,1
4sLptYw_uaU3-SWJZKrd1ByeTFuKqhM-esKIaii9YkCEMs8IdLdntSamRo5gsOC7,20240301,別府,3,F2,Ａ級予選,base_color_6_bk,base_color_6,6,,013929,宮内　善光,,,群　馬,A3,A1,追,78.70,0,0,1,1,0
4sLptYw_uaU3-SWJZKrd1ByeTFuKqhM-esKIaii9YkCEMs8IdLdntSamRo5gsOC7,20240301,別府,3,F2,Ａ級予選,base_color_7_bk,base_color_7,7,,015637,近藤　雄太,,,岡　山,A3,A2,逃,81.37,6,5,1,2,11
4sLptYw_uaU3-SWJZKrd1B40WQczSBWs3md4sGas9A5LGSxrIH9lQFpk8yAW7M5f,20240301,別府,4,F2,Ａ級予選,base_color_1_bk,base_color_1,1,,014494,山崎　翼,,,大　分,A1,A2,逃,85.60,5,3,1,0,9
4sLptYw_uaU3-SWJZKrd1B40WQczSBWs3md4sGas9A5LGSxrIH9lQFpk8yAW7M5f,20240301,別府,4,F2,Ａ級予選,base_color_2_bk,base_color_2,2,,012694,志村　達也,,,広　島,A2,A2,両,78.33,0,0,1,0,0
4sLptYw_uaU3-SWJZKrd1B40WQczSBWs3md4sGas9A5LGSxrIH9lQFpk8yAW7M5f,20240301,別府,4,F2,Ａ級予選,base_color_3_bk,base_color_3,3,,015167,小林裕一朗,,,千　葉,A2,A1,逃,86.73,2,0,5,0,5
4sLptYw_uaU3-SWJZKrd1B40WQczSBWs3md4sGas9A5LGSxrIH9lQFpk8yAW7M5f,20240301,別府,4,F2,Ａ級予選,base_color_4_bk,base_color_4,4,,015131,池部　壮太,,,大　分,A1,A1,逃,87.20,8,4,1,0,13
4sLptYw_uaU3-SWJZKrd1B40WQczSBWs3md4sGas9A5LGSxrIH9lQFpk8yAW7M5f,20240301,別府,4,F2,Ａ級予選,base_color_5_bk,base_color_5,5,,013314,鈴木　宏章,,,栃　木,A1,A2,追,82.83,0,0,1,1,0
4sLptYw_uaU3-SWJZKrd1B40WQczSBWs3md4sGas9A5LGSxrIH9lQFpk8yAW7M5f,20240301,別府,4,F2,Ａ級予選,base_color_6_bk,base_color_6,6,,013965,岡田　雅也,,,高　知,A2,A2,追,77.80,0,0,0,0,0
4sLptYw_uaU3-SWJZKrd1B40WQczSBWs3md4sGas9A5LGSxrIH9lQFpk8yAW7M5f,20240301,別府,4,F2,Ａ級予選,base_color_7_bk,base_color_7,7,,013859,荒木　伸哉,color_blue,追加,静　岡,A1,A1,追,86.50,2,0,5,0,2
4sLptYw_uaU3-SWJZKrd1MNo3ycEAIP_QRDTq4kh_Rnmb86THtzmddABVWtv3RFR,20240301,別府,5,F2,Ａ級予選,base_color_1_bk,base_color_1,1,,013294,木村　勉,,,徳　島,A3,A2,追,78.46,0,0,0,3,0
4sLptYw_uaU3-SWJZKrd1MNo3ycEAIP_QRDTq4kh_Rnmb86THtzmddABVWtv3RFR,20240301,別府,5,F2,Ａ級予選,base_color_2_bk,base_color_2,2,,012321,檀　雄二,,,福　岡,A2,A2,追,81.88,0,0,0,0,0
4sLptYw_uaU3-SWJZKrd1MNo3ycEAIP_QRDTq4kh_Rnmb86THtzmddABVWtv3RFR,20240301,別府,5,F2,Ａ級予選,base_color_3_bk,base_color_3,3,,012432,石井　孝,,,千　葉,A2,A2,追,82.73,0,0,1,0,0
4sLptYw_uaU3-SWJZKrd1MNo3ycEAIP_QRDTq4kh_Rnmb86THtzmddABVWtv3RFR,20240301,別府,5,F2,Ａ級予選,base_color_4_bk,base_color_4,4,,014132,三澤　康人,color_blue,追加,宮　城,A1,A1,追,89.46,0,0,10,2,0
4sLptYw_uaU3-SWJZKrd1MNo3ycEAIP_QRDTq4kh_Rnmb86THtzmddABVWtv3RFR,20240301,別府,5,F2,Ａ級予選,base_color_5_bk,base_color_5,5,,015561,原井　剣也,,,福　岡,A2,A2,逃,86.72,4,0,1,0,6
4sLptYw_uaU3-SWJZKrd1MNo3ycEAIP_QRDTq4kh_Rnmb86THtzmddABVWtv3RFR,20240301,別府,5,F2,Ａ級予選,base_color_6_bk,base_color_6,6,,013508,曽我部匡史,,,愛　媛,A3,A2,追,76.83,0,0,0,3,0
4sLptYw_uaU3-SWJZKrd1MNo3ycEAIP_QRDTq4kh_Rnmb86THtzmddABVWtv3RFR,20240301,別府,5,F2,Ａ級予選,base_color_7_bk,base_color_7,7,,015607,中山　拓人,,,埼　玉,A2,A2,逃,89.95,10,2,0,0,15
4sLptYw_uaU3-SWJZKrd1P-uD2tuDMFtX2htIb6zA0nWLHTCHPQIFv4UFzxI5DoB,20240301,別府,6,F2,Ａ級予選,base_color_1_bk,base_color_1,1,,013942,大西　健士,color_blue,追加,神奈川,A1,A1,追,84.36,0,0,1,2,0
4sLptYw_uaU3-SWJZKrd1P-uD2tuDMFtX2htIb6zA0nWLHTCHPQIFv4UFzxI5DoB,20240301,別府,6,F2,Ａ級予選,base_color_2_bk,base_color_2,2,,013646,日浅　保幸,,,岡　山,A2,A2,両,81.04,1,3,1,0,8
4sLptYw_uaU3-SWJZKrd1P-uD2tuDMFtX2htIb6zA0nWLHTCHPQIFv4UFzxI5DoB,20240301,別府,6,F2,Ａ級予選,base_color_3_bk,base_color_3,3,,015660,河崎　正晴,,,熊　本,A2,A2,逃,91.87,4,7,1,0,7
4sLptYw_uaU3-SWJZKrd1P-uD2tuDMFtX2htIb6zA0nWLHTCHPQIFv4UFzxI5DoB,20240301,別府,6,F2,Ａ級予選,base_color_4_bk,base_color_4,4,,012845,林　成人,,,愛　媛,A2,A2,追,80.00,0,0,1,0,0
4sLptYw_uaU3-SWJZKrd1P-uD2tuDMFtX2htIb6zA0nWLHTCHPQIFv4UFzxI5DoB,20240301,別府,6,F2,Ａ級予選,base_color_5_bk,base_color_5,5,,014418,安部　龍文,,,大　分,A2,A2,追,80.40,0,0,0,0,0
4sLptYw_uaU3-SWJZKrd1P-uD2tuDMFtX2htIb6zA0nWLHTCHPQIFv4UFzxI5DoB,20240301,別府,6,F2,Ａ級予選,base_color_6_bk,base_color_6,6,,014866,櫻井　利之,,,神奈川,A3,A2,両,76.66,4,0,0,0,6
4sLptYw_uaU3-SWJZKrd1P-uD2tuDMFtX2htIb6zA0nWLHTCHPQIFv4UFzxI5DoB,20240301,別府,6,F2,Ａ級予選,base_color_7_bk,base_color_7,7,,014333,阿部　兼士,,,福　岡,A1,A1,追,89.04,0,0,3,10,0
4sLptYw_uaU3-SWJZKrd1MjsiwQrhfIkr3Vdo2Egt1EutudWN27czPrUFfkevHkg,20240301,別府,7,F2,Ａ級初日特選,base_color_1_bk,base_color_1,1,,013903,川崎　健次,,,神奈川,S2,A1,追,93.19,0,0,3,3,0
4sLptYw_uaU3-SWJZKrd1MjsiwQrhfIkr3Vdo2Egt1EutudWN27czPrUFfkevHkg,20240301,別府,7,F2,Ａ級初日特選,base_color_2_bk,base_color_2,2,,013650,吉本　哲郎,color_blue,追加,広　島,S2,A1,両,95.95,0,2,4,3,1
4sLptYw_uaU3-SWJZKrd1MjsiwQrhfIkr3Vdo2Egt1EutudWN27czPrUFfkevHkg,20240301,別府,7,F2,Ａ級初日特選,base_color_3_bk,base_color_3,3,,013407,大矢　将大,,,埼　玉,A1,A1,追,90.76,0,0,2,2,0
4sLptYw_uaU3-SWJZKrd1MjsiwQrhfIkr3Vdo2Egt1EutudWN27czPrUFfkevHkg,20240301,別府,7,F2,Ａ級初日特選,base_color_4_bk,base_color_4,4,,015378,今野　有樹,,,愛　媛,S2,A1,逃,92.95,0,3,4,0,5
4sLptYw_uaU3-SWJZKrd1MjsiwQrhfIkr3Vdo2Egt1EutudWN27czPrUFfkevHkg,20240301,別府,7,F2,Ａ級初日特選,base_color_5_bk,base_color_5,5,,013465,春日　勇人,color_blue,追加,千　葉,S2,A1,追,92.45,0,0,5,2,0
4sLptYw_uaU3-SWJZKrd1MjsiwQrhfIkr3Vdo2Egt1EutudWN27czPrUFfkevHkg,20240301,別府,7,F2,Ａ級初日特選,base_color_6_bk,base_color_6,6,,014043,中園　和剛,,,福　岡,A1,A1,追,89.95,0,1,3,4,0
4sLptYw_uaU3-SWJZKrd1MjsiwQrhfIkr3Vdo2Egt1EutudWN27czPrUFfkevHkg,20240301,別府,7,F2,Ａ級初日特選,base_color_7_bk,base_color_7,7,,015438,佐々木和紀,,,神奈川,A2,A1,両,93.58,1,4,2,1,5
hHQoBSTIFmBY5TBll3-vbrboOJ3jksUbgeCEzW_rjfj_l72phHy5qhoVOpV0ghDz,20240302,玉野,1,G3,Ｓ級一般,base_color_1_bk,base_color_1,1,1,015327,阿部架惟都,,,宮　城,S2,S2,逃,96.92,2,0,0,0,5
hHQoBSTIFmBY5TBll3-vbrboOJ3jksUbgeCEzW_rjfj_l72phHy5qhoVOpV0ghDz,20240302,玉野,1,G3,Ｓ級一般,base_color_2_bk,base_color_2,2,2,014399,佐川　翔吾,,,大　阪,S2,S2,逃,98.39,2,2,2,0,2
hHQoBSTIFmBY5TBll3-vbrboOJ3jksUbgeCEzW_rjfj_l72phHy5qhoVOpV0ghDz,20240302,玉野,1,G3,Ｓ級一般,base_color_3_bk,base_color_3,3,3,015288,薦田　将伍,color_blue,補充,愛　媛,S2,S2,逃,96.38,0,1,0,0,0
hHQoBSTIFmBY5TBll3-vbrboOJ3jksUbgeCEzW_rjfj_l72phHy5qhoVOpV0ghDz,20240302,玉野,1,G3,Ｓ級一般,base_color_4_bk,base_color_4,4,4,014221,古川　尚耶,,,栃　木,S2,S2,追,95.59,0,0,4,2,1
hHQoBSTIFmBY5TBll3-vbrboOJ3jksUbgeCEzW_rjfj_l72phHy5qhoVOpV0ghDz,20240302,玉野,1,G3,Ｓ級一般,base_color_5_bk,base_color_5,5,4,015619,日高　裕太,,,静　岡,S2,S2,逃,100.30,7,0,0,0,9
hHQoBSTIFmBY5TBll3-vbrboOJ3jksUbgeCEzW_rjfj_l72phHy5qhoVOpV0ghDz,20240302,玉野,1,G3,Ｓ級一般,base_color_6_bk,base_color_6,6,5,014455,小野　裕次,,,千　葉,A1,S2,追,92.76,0,0,2,0,0
hHQoBSTIFmBY5TBll3-vbrboOJ3jksUbgeCEzW_rjfj_l72phHy5qhoVOpV0ghDz,20240302,玉野,1,G3,Ｓ級一般,base_color_7_bk,base_color_7,7,5,014720,高橋　広大,,,埼　玉,S2,S2,追,101.45,0,0,2,2,0
hHQoBSTIFmBY5TBll3-vbrboOJ3jksUbgeCEzW_rjfj_l72phHy5qhoVOpV0ghDz,20240302,玉野,1,G3,Ｓ級一般,base_color_8_bk,base_color_8,8,6,015632,常次　勇人,,,大　阪,A2,S2,逃,94.09,5,4,0,0,14
hHQoBSTIFmBY5TBll3-vbrboOJ3jksUbgeCEzW_rjfj_l72phHy5qhoVOpV0ghDz,20240302,玉野,1,G3,Ｓ級一般,base_color_9_bk,base_color_9,9,6,014082,高橋　雅之,,,千　葉,S2,S2,追,98.76,0,0,1,2,0
hHQoBSTIFmBY5TBll3-vboCR21R_SI3t22pm8uFjM1tcZoY7MWiBZ1jBc2B1R7-r,20240302,玉野,2,G3,Ｓ級一般,base_color_1_bk,base_color_1,1,1,014710,花田　将司,,,千　葉,A1,S2,両,95.14,0,5,4,1,3
hHQoBSTIFmBY5TBll3-vboCR21R_SI3t22pm8uFjM1tcZoY7MWiBZ1jBc2B1R7-r,20240302,玉野,2,G3,Ｓ級一般,base_color_2_bk,base_color_2,2,2,014258,片山　智晴,,,岡　山,A1,S2,追,97.40,0,0,1,0,0
hHQoBSTIFmBY5TBll3-vboCR21R_SI3t22pm8uFjM1tcZoY7MWiBZ1jBc2B1R7-r,20240302,玉野,2,G3,Ｓ級一般,base_color_3_bk,base_color_3,3,3,014253,伊藤　信,,,大　阪,S1,S1,逃,104.52,1,7,0,0,1
hHQoBSTIFmBY5TBll3-vboCR21R_SI3t22pm8uFjM1tcZoY7MWiBZ1jBc2B1R7-r,20240302,玉野,2,G3,Ｓ級一般,base_color_4_bk,base_color_4,4,4,015463,畝木　聖,color_blue,補充,岡　山,A1,S2,逃,94.10,0,4,0,0,7
hHQoBSTIFmBY5TBll3-vboCR21R_SI3t22pm8uFjM1tcZoY7MWiBZ1jBc2B1R7-r,20240302,玉野,2,G3,Ｓ級一般,base_color_5_bk,base_color_5,5,4,013306,齋藤登志信,,,宮　城,S1,S2,追,100.90,0,0,2,1,1
hHQoBSTIFmBY5TBll3-vboCR21R_SI3t22pm8uFjM1tcZoY7MWiBZ1jBc2B1R7-r,20240302,玉野,2,G3,Ｓ級一般,base_color_6_bk,base_color_6,6,5,013810,良永　浩一,color_blue,追加,福　岡,A1,S2,追,93.35,0,1,1,2,0
hHQoBSTIFmBY5TBll3-vboCR21R_SI3t22pm8uFjM1tcZoY7MWiBZ1jBc2B1R7-r,20240302,玉野,2,G3,Ｓ級一般,base_color_7_bk,base_color_7,7,5,013482,松崎　貴久,,,富　山,A1,S2,追,94.82,0,0,6,3,0
hHQoBSTIFmBY5TBll3-vboCR21R_SI3t22pm8uFjM1tcZoY7MWiBZ1jBc2B1R7-r,20240302,玉野,2,G3,Ｓ級一般,base_color_8_bk,base_color_8,8,6,015508,菅野　航基,,,宮　城,A1,S2,逃,94.00,6,0,0,0,14
hHQoBSTIFmBY5TBll3-vboCR21R_SI3t22pm8uFjM1tcZoY7MWiBZ1jBc2B1R7-r,20240302,玉野,2,G3,Ｓ級一般,base_color_9_bk,base_color_9,9,6,015208,金ヶ江勇気,,,佐　賀,S2,S1,逃,101.37,1,7,0,1,4
hHQoBSTIFmBY5TBll3-vbsxCKPGSBSBTeD8XbtkV_PO0YvSlQ5PNXikB6AeUjLuE,20240302,玉野,3,G3,Ｓ級一般,base_color_1_bk,base_color_1,1,1,013495,友定　祐己,color_blue,追加,岡　山,S2,S2,追,98.37,0,0,4,0,0
hHQoBSTIFmBY5TBll3-vbsxCKPGSBSBTeD8XbtkV_PO0YvSlQ5PNXikB6AeUjLuE,20240302,玉野,3,G3,Ｓ級一般,base_color_2_bk,base_color_2,2,2,014511,内藤　高裕,,,東　京,S2,S2,追,100.57,0,0,1,0,0
hHQoBSTIFmBY5TBll3-vbsxCKPGSBSBTeD8XbtkV_PO0YvSlQ5PNXikB6AeUjLuE,20240302,玉野,3,G3,Ｓ級一般,base_color_3_bk,base_color_3,3,3,014465,村上　直久,,,神奈川,S2,S2,逃,98.17,3,2,0,0,4
hHQoBSTIFmBY5TBll3-vbsxCKPGSBSBTeD8XbtkV_PO0YvSlQ5PNXikB6AeUjLuE,20240302,玉野,3,G3,Ｓ級一般,base_color_4_bk,base_color_4,4,4,014164,田中　孝彦,,,静　岡,A1,S2,追,93.64,0,0,4,3,0
hHQoBSTIFmBY5TBll3-vbsxCKPGSBSBTeD8XbtkV_PO0YvSlQ5PNXikB6AeUjLuE,20240302,玉野,3,G3,Ｓ級一般,base_color_5_bk,base_color_5,5,4,014757,藤井　昭吾,,,滋　賀,S2,S2,両,100.30,0,3,2,0,0
hHQoBSTIFmBY5TBll3-vbsxCKPGSBSBTeD8XbtkV_PO0YvSlQ5PNXikB6AeUjLuE,20240302,玉野,3,G3,Ｓ級一般,base_color_6_bk,base_color_6,6,5,013204,佐野　梅一,,,京　都,A1,S2,追,90.75,0,0,2,2,0
hHQoBSTIFmBY5TBll3-vbsxCKPGSBSBTeD8XbtkV_PO0YvSlQ5PNXikB6AeUjLuE,20240302,玉野,3,G3,Ｓ級一般,base_color_7_bk,base_color_7,7,5,015466,久田　裕也,,,徳　島,S2,S2,逃,105.17,4,7,1,0,9
hHQoBSTIFmBY5TBll3-vbsxCKPGSBSBTeD8XbtkV_PO0YvSlQ5PNXikB6AeUjLuE,20240302,玉野,3,G3,Ｓ級一般,base_color_8_bk,base_color_8,8,6,013883,高津　晃治,color_blue,補充,岡　山,A1,S2,追,92.80,0,0,2,1,0
hHQoBSTIFmBY5TBll3-vbsxCKPGSBSBTeD8XbtkV_PO0YvSlQ5PNXikB6AeUjLuE,20240302,玉野,3,G3,Ｓ級一般,base_color_9_bk,base_color_9,9,6,014981,磯島　康祐,,,青　森,S2,S2,逃,96.04,1,0,1,1,3
hHQoBSTIFmBY5TBll3-vbugJPqrkkME9WKQU9NZGhTYBk3mlDFYFdpBULRIczdbB,20240302,玉野,4,G3,Ｓ級選抜,base_color_1_bk,base_color_1,1,1,015385,立部　楓真,,,佐　賀,S2,S2,逃,102.40,3,5,0,0,11
hHQoBSTIFmBY5TBll3-vbugJPqrkkME9WKQU9NZGhTYBk3mlDFYFdpBULRIczdbB,20240302,玉野,4,G3,Ｓ級選抜,base_color_2_bk,base_color_2,2,2,013990,荻原　尚人,color_blue,追加,宮　城,S2,S2,追,104.85,0,0,7,1,0
hHQoBSTIFmBY5TBll3-vbugJPqrkkME9WKQU9NZGhTYBk3mlDFYFdpBULRIczdbB,20240302,玉野,4,G3,Ｓ級選抜,base_color_3_bk,base_color_3,3,3,012421,小沼　良,,,埼　玉,A1,S2,追,102.00,0,0,1,1,0
hHQoBSTIFmBY5TBll3-vbugJPqrkkME9WKQU9NZGhTYBk3mlDFYFdpBULRIczdbB,20240302,玉野,4,G3,Ｓ級選抜,base_color_4_bk,base_color_4,4,4,014440,渡辺　正光,,,福　島,S2,S2,追,97.13,0,0,1,1,1
hHQoBSTIFmBY5TBll3-vbugJPqrkkME9WKQU9NZGhTYBk3mlDFYFdpBULRIczdbB,20240302,玉野,4,G3,Ｓ級選抜,base_color_5_bk,base_color_5,5,4,014264,松尾信太郎,,,福　岡,S2,S2,追,101.19,0,2,3,4,0
hHQoBSTIFmBY5TBll3-vbugJPqrkkME9WKQU9NZGhTYBk3mlDFYFdpBULRIczdbB,20240302,玉野,4,G3,Ｓ級選抜,base_color_6_bk,base_color_6,6,5,013438,前反祐一郎,,,広　島,S2,S2,追,94.00,0,0,0,0,0
hHQoBSTIFmBY5TBll3-vbugJPqrkkME9WKQU9NZGhTYBk3mlDFYFdpBULRIczdbB,20240302,玉野,4,G3,Ｓ級選抜,base_color_7_bk,base_color_7,7,5,015522,堀江　省吾,,,長　野,S2,S2,逃,103.71,4,5,0,0,13
hHQoBSTIFmBY5TBll3-vbugJPqrkkME9WKQU9NZGhTYBk3mlDFYFdpBULRIczdbB,20240302,玉野,4,G3,Ｓ級選抜,base_color_8_bk,base_color_8,8,6,015276,佐伯　亮輔,,,岡　山,A1,S2,逃,97.00,5,3,0,0,11
hHQoBSTIFmBY5TBll3-vbugJPqrkkME9WKQU9NZGhTYBk3mlDFYFdpBULRIczdbB,20240302,玉野,4,G3,Ｓ級選抜,base_color_9_bk,base_color_9,9,6,015235,嵯峨昇喜郎,,,青　森,S1,S2,逃,98.25,1,1,1,2,5
hHQoBSTIFmBY5TBll3-vbqdmax0Af9aQyMsMAjg4gzzmLl87Im5p6-CrN_1cKGrq,20240302,玉野,5,G3,Ｓ級選抜,base_color_1_bk,base_color_1,1,1,015043,大矢　崇弘,,,東　京,S2,S2,逃,99.72,2,1,1,0,3
hHQoBSTIFmBY5TBll3-vbqdmax0Af9aQyMsMAjg4gzzmLl87Im5p6-CrN_1cKGrq,20240302,玉野,5,G3,Ｓ級選抜,base_color_2_bk,base_color_2,2,2,014641,箱田　優樹,,,青　森,S2,S2,両,98.46,0,1,0,0,1
hHQoBSTIFmBY5TBll3-vbqdmax0Af9aQyMsMAjg4gzzmLl87Im5p6-CrN_1cKGrq,20240302,玉野,5,G3,Ｓ級選抜,base_color_3_bk,base_color_3,3,3,015274,福永　大智,,,大　阪,S1,S1,逃,108.13,1,6,0,0,11
hHQoBSTIFmBY5TBll3-vbqdmax0Af9aQyMsMAjg4gzzmLl87Im5p6-CrN_1cKGrq,20240302,玉野,5,G3,Ｓ級選抜,base_color_4_bk,base_color_4,4,4,015035,阿部　拓真,,,宮　城,S2,S1,両,97.62,0,0,2,0,3
hHQoBSTIFmBY5TBll3-vbqdmax0Af9aQyMsMAjg4gzzmLl87Im5p6-CrN_1cKGrq,20240302,玉野,5,G3,Ｓ級選抜,base_color_5_bk,base_color_5,5,4,013724,渡辺　十夢,,,福　井,S1,S2,追,103.45,0,0,5,3,0
hHQoBSTIFmBY5TBll3-vbqdmax0Af9aQyMsMAjg4gzzmLl87Im5p6-CrN_1cKGrq,20240302,玉野,5,G3,Ｓ級選抜,base_color_6_bk,base_color_6,6,5,013653,森安　崇之,,,香　川,S2,S2,追,94.82,0,0,2,0,0
hHQoBSTIFmBY5TBll3-vbqdmax0Af9aQyMsMAjg4gzzmLl87Im5p6-CrN_1cKGrq,20240302,玉野,5,G3,Ｓ級選抜,base_color_7_bk,base_color_7,7,5,014081,田中　晴基,,,千　葉,S2,S1,追,103.58,0,0,1,3,1
hHQoBSTIFmBY5TBll3-vbqdmax0Af9aQyMsMAjg4gzzmLl87Im5p6-CrN_1cKGrq,20240302,玉野,5,G3,Ｓ級選抜,base_color_8_bk,base_color_8,8,6,013230,開坂　秀明,,,青　森,S2,S2,追,96.03,0,0,0,1,0
hHQoBSTIFmBY5TBll3-vbqdmax0Af9aQyMsMAjg4gzzmLl87Im5p6-CrN_1cKGrq,20240302,玉野,5,G3,Ｓ級選抜,base_color_9_bk,base_color_9,9,6,015517,橋本　壮史,color_blue,追加,茨　城,S2,S1,逃,104.45,3,3,0,0,13
hHQoBSTIFmBY5TBll3-vbtxS8n2qa7s1dpp10w0eemaPPsJpI1VimHD3kZE7JYJm,20240302,玉野,6,G3,Ｓ級選抜,base_color_1_bk,base_color_1,1,1,015546,山根　将太,,,岡　山,S1,S1,逃,103.07,4,2,1,0,8
hHQoBSTIFmBY5TBll3-vbtxS8n2qa7s1dpp10w0eemaPPsJpI1VimHD3kZE7JYJm,20240302,玉野,6,G3,Ｓ級選抜,base_color_2_bk,base_color_2,2,2,014168,高橋　和也,,,愛　知,S2,S2,両,99.52,0,4,1,1,2
hHQoBSTIFmBY5TBll3-vbtxS8n2qa7s1dpp10w0eemaPPsJpI1VimHD3kZE7JYJm,20240302,玉野,6,G3,Ｓ級選抜,base_color_3_bk,base_color_3,3,3,014714,橋本　智昭,color_blue,追加,宮　城,S2,S2,逃,101.00,1,2,2,2,4
hHQoBSTIFmBY5TBll3-vbtxS8n2qa7s1dpp10w0eemaPPsJpI1VimHD3kZE7JYJm,20240302,玉野,6,G3,Ｓ級選抜,base_color_4_bk,base_color_4,4,4,013924,阿久津　修,,,栃　木,S2,S2,追,95.76,0,0,0,3,0
hHQoBSTIFmBY5TBll3-vbtxS8n2qa7s1dpp10w0eemaPPsJpI1VimHD3kZE7JYJm,20240302,玉野,6,G3,Ｓ級選抜,base_color_5_bk,base_color_5,5,4,014356,佐藤　一伸,,,福　島,S2,S1,両,104.55,2,4,4,1,3
hHQoBSTIFmBY5TBll3-vbtxS8n2qa7s1dpp10w0eemaPPsJpI1VimHD3kZE7JYJm,20240302,玉野,6,G3,Ｓ級選抜,base_color_6_bk,base_color_6,6,5,015060,滝本　泰行,color_blue,補充,岡　山,A1,S2,逃,94.32,1,1,4,0,7
hHQoBSTIFmBY5TBll3-vbtxS8n2qa7s1dpp10w0eemaPPsJpI1VimHD3kZE7JYJm,20240302,玉野,6,G3,Ｓ級選抜,base_color_7_bk,base_color_7,7,5,015289,橋本　瑠偉,color_blue,追加,栃　木,S2,S1,逃,104.61,3,5,1,0,5
hHQoBSTIFmBY5TBll3-vbtxS8n2qa7s1dpp10w0eemaPPsJpI1VimHD3kZE7JYJm,20240302,玉野,6,G3,Ｓ級選抜,base_color_8_bk,base_color_8,8,6,014983,高木　翔,,,岩　手,A1,S2,両,94.44,0,0,2,1,0
hHQoBSTIFmBY5TBll3-vbtxS8n2qa7s1dpp10w0eemaPPsJpI1VimHD3kZE7JYJm,20240302,玉野,6,G3,Ｓ級選抜,base_color_9_bk,base_color_9,9,6,014394,不破　将登,,,岐　阜,S2,S2,両,99.96,0,1,3,5,1
hHQoBSTIFmBY5TBll3-vbkqPW15Zs9lwRldsAirWrIXIV0ei5ORk8EW4HW0ILGSM,20240302,玉野,7,G3,Ｓ級特選,base_color_1_bk,base_color_1,1,1,014845,表原　周,,,大　阪,S2,S2,追,98.46,0,1,2,3,0
hHQoBSTIFmBY5TBll3-vbkqPW15Zs9lwRldsAirWrIXIV0ei5ORk8EW4HW0ILGSM,20240302,玉野,7,G3,Ｓ級特選,base_color_2_bk,base_color_2,2,2,015120,竹内　翼,,,広　島,S1,S2,逃,101.80,2,4,1,0,7
hHQoBSTIFmBY5TBll3-vbkqPW15Zs9lwRldsAirWrIXIV0ei5ORk8EW4HW0ILGSM,20240302,玉野,7,G3,Ｓ級特選,base_color_3_bk,base_color_3,3,3,014588,柿澤　大貴,,,長　野,S1,S1,追,100.16,0,1,0,2,1
hHQoBSTIFmBY5TBll3-vbkqPW15Zs9lwRldsAirWrIXIV0ei5ORk8EW4HW0ILGSM,20240302,玉野,7,G3,Ｓ級特選,base_color_4_bk,base_color_4,4,4,014004,松永　将,,,茨　城,S2,S2,追,98.26,0,0,3,1,0
hHQoBSTIFmBY5TBll3-vbkqPW15Zs9lwRldsAirWrIXIV0ei5ORk8EW4HW0ILGSM,20240302,玉野,7,G3,Ｓ級特選,base_color_5_bk,base_color_5,5,4,013604,庄子　信弘,,,宮　城,S2,S2,追,100.63,0,0,2,0,0
hHQoBSTIFmBY5TBll3-vbkqPW15Zs9lwRldsAirWrIXIV0ei5ORk8EW4HW0ILGSM,20240302,玉野,7,G3,Ｓ級特選,base_color_6_bk,base_color_6,6,5,015361,高田　修汰,,,福　井,S2,S2,逃,94.26,1,0,0,0,15
hHQoBSTIFmBY5TBll3-vbkqPW15Zs9lwRldsAirWrIXIV0ei5ORk8EW4HW0ILGSM,20240302,玉野,7,G3,Ｓ級特選,base_color_7_bk,base_color_7,7,5,012948,小林　潤二,,,群　馬,S2,S2,追,102.00,0,0,4,1,0
hHQoBSTIFmBY5TBll3-vbkqPW15Zs9lwRldsAirWrIXIV0ei5ORk8EW4HW0ILGSM,20240302,玉野,7,G3,Ｓ級特選,base_color_8_bk,base_color_8,8,6,013335,坂上　樹大,,,石　川,A1,S2,追,97.68,0,2,7,1,1
hHQoBSTIFmBY5TBll3-vbkqPW15Zs9lwRldsAirWrIXIV0ei5ORk8EW4HW0ILGSM,20240302,玉野,7,G3,Ｓ級特選,base_color_9_bk,base_color_9,9,6,012339,内藤　宣彦,,,秋　田,S1,S1,追,106.90,0,0,6,1,0
hHQoBSTIFmBY5TBll3-vbhu8lSgGADqClZQ8p8kSnLlW_Uc9p7aHLMsJHvVIXgo6,20240302,玉野,8,G3,Ｓ級特選,base_color_1_bk,base_color_1,1,1,014451,武藤　篤弘,,,埼　玉,S2,S2,追,101.80,0,0,3,1,0
hHQoBSTIFmBY5TBll3-vbhu8lSgGADqClZQ8p8kSnLlW_Uc9p7aHLMsJHvVIXgo6,20240302,玉野,8,G3,Ｓ級特選,base_color_2_bk,base_color_2,2,2,014939,長尾　拳太,,,岐　阜,S2,S2,両,101.45,0,1,2,2,2
hHQoBSTIFmBY5TBll3-vbhu8lSgGADqClZQ8p8kSnLlW_Uc9p7aHLMsJHvVIXgo6,20240302,玉野,8,G3,Ｓ級特選,base_color_3_bk,base_color_3,3,3,015381,岩谷　拓磨,,,福　岡,S1,S1,逃,106.31,1,9,1,0,10
hHQoBSTIFmBY5TBll3-vbhu8lSgGADqClZQ8p8kSnLlW_Uc9p7aHLMsJHvVIXgo6,20240302,玉野,8,G3,Ｓ級特選,base_color_4_bk,base_color_4,4,4,012786,佐藤　康紀,,,青　森,S2,S2,追,99.69,0,0,1,0,0
hHQoBSTIFmBY5TBll3-vbhu8lSgGADqClZQ8p8kSnLlW_Uc9p7aHLMsJHvVIXgo6,20240302,玉野,8,G3,Ｓ級特選,base_color_5_bk,base_color_5,5,4,015207,林　慶次郎,,,福　岡,S2,S2,逃,103.95,3,4,1,0,10
hHQoBSTIFmBY5TBll3-vbhu8lSgGADqClZQ8p8kSnLlW_Uc9p7aHLMsJHvVIXgo6,20240302,玉野,8,G3,Ｓ級特選,base_color_6_bk,base_color_6,6,5,013045,岩本　和也,,,石　川,A1,S2,追,96.15,0,1,3,2,0
hHQoBSTIFmBY5TBll3-vbhu8lSgGADqClZQ8p8kSnLlW_Uc9p7aHLMsJHvVIXgo6,20240302,玉野,8,G3,Ｓ級特選,base_color_7_bk,base_color_7,7,5,014358,須永　優太,,,福　島,S1,S2,追,103.13,0,0,5,0,0
hHQoBSTIFmBY5TBll3-vbhu8lSgGADqClZQ8p8kSnLlW_Uc9p7aHLMsJHvVIXgo6,20240302,玉野,8,G3,Ｓ級特選,base_color_8_bk,base_color_8,8,6,014574,佐伯　翔,,,福　島,S2,S2,追,98.28,0,0,2,3,0
hHQoBSTIFmBY5TBll3-vbhu8lSgGADqClZQ8p8kSnLlW_Uc9p7aHLMsJHvVIXgo6,20240302,玉野,8,G3,Ｓ級特選,base_color_9_bk,base_color_9,9,6,014996,岡本　総,,,愛　知,S1,S1,追,105.23,1,1,3,1,3
hHQoBSTIFmBY5TBll3-vbvXrahfM16CwcZFZyBqrcEEW5bw6Zd2mNcgGilWvgsHO,20240302,玉野,9,G3,Ｓ級特選,base_color_1_bk,base_color_1,1,1,014795,櫻井　正孝,,,宮　城,S1,S1,追,103.78,0,0,3,0,0
hHQoBSTIFmBY5TBll3-vbvXrahfM16CwcZFZyBqrcEEW5bw6Zd2mNcgGilWvgsHO,20240302,玉野,9,G3,Ｓ級特選,base_color_2_bk,base_color_2,2,2,015661,東矢　圭吾,,,熊　本,S2,S2,逃,105.95,5,1,1,0,9
hHQoBSTIFmBY5TBll3-vbvXrahfM16CwcZFZyBqrcEEW5bw6Zd2mNcgGilWvgsHO,20240302,玉野,9,G3,Ｓ級特選,base_color_3_bk,base_color_3,3,3,014458,近藤　保,,,千　葉,S1,S1,追,103.51,0,3,6,3,0
hHQoBSTIFmBY5TBll3-vbvXrahfM16CwcZFZyBqrcEEW5bw6Zd2mNcgGilWvgsHO,20240302,玉野,9,G3,Ｓ級特選,base_color_4_bk,base_color_4,4,4,013274,八日市屋浩,,,石　川,S2,S2,追,99.37,0,0,2,5,0
hHQoBSTIFmBY5TBll3-vbvXrahfM16CwcZFZyBqrcEEW5bw6Zd2mNcgGilWvgsHO,20240302,玉野,9,G3,Ｓ級特選,base_color_5_bk,base_color_5,5,4,012819,齊藤　竜也,,,神奈川,S1,S2,追,101.81,0,0,1,0,0
hHQoBSTIFmBY5TBll3-vbvXrahfM16CwcZFZyBqrcEEW5bw6Zd2mNcgGilWvgsHO,20240302,玉野,9,G3,Ｓ級特選,base_color_6_bk,base_color_6,6,5,014590,近藤　夏樹,,,千　葉,A1,S2,逃,93.71,0,3,2,0,1
hHQoBSTIFmBY5TBll3-vbvXrahfM16CwcZFZyBqrcEEW5bw6Zd2mNcgGilWvgsHO,20240302,玉野,9,G3,Ｓ級特選,base_color_7_bk,base_color_7,7,5,014177,小堺　浩二,,,石　川,S2,S2,両,99.75,0,8,2,0,1
hHQoBSTIFmBY5TBll3-vbvXrahfM16CwcZFZyBqrcEEW5bw6Zd2mNcgGilWvgsHO,20240302,玉野,9,G3,Ｓ級特選,base_color_8_bk,base_color_8,8,6,013912,金成　和幸,,,福　島,S2,S2,追,97.10,0,0,1,1,0
hHQoBSTIFmBY5TBll3-vbvXrahfM16CwcZFZyBqrcEEW5bw6Zd2mNcgGilWvgsHO,20240302,玉野,9,G3,Ｓ級特選,base_color_9_bk,base_color_9,9,6,015291,山口　敦也,,,佐　賀,S1,S2,両,105.10,0,1,1,1,0
hHQoBSTIFmBY5TBll3-vbpnIlt_V2n9y1Nd2Axmr1FYO8Zg3Dq0UJH1kvDMSnzwm,20240302,玉野,10,G3,Ｓ級準決勝,base_color_1_bk,base_color_1,1,1,015061,取鳥　雄吾,,,岡　山,S1,S1,逃,111.25,5,6,1,1,11
hHQoBSTIFmBY5TBll3-vbpnIlt_V2n9y1Nd2Axmr1FYO8Zg3Dq0UJH1kvDMSnzwm,20240302,玉野,10,G3,Ｓ級準決勝,base_color_2_bk,base_color_2,2,2,015451,山口　拳矢,,,岐　阜,SS,SS,逃,113.22,0,2,0,0,1
hHQoBSTIFmBY5TBll3-vbpnIlt_V2n9y1Nd2Axmr1FYO8Zg3Dq0UJH1kvDMSnzwm,20240302,玉野,10,G3,Ｓ級準決勝,base_color_3_bk,base_color_3,3,3,015248,森田　優弥,,,埼　玉,S2,S2,逃,109.57,10,3,1,0,15
hHQoBSTIFmBY5TBll3-vbpnIlt_V2n9y1Nd2Axmr1FYO8Zg3Dq0UJH1kvDMSnzwm,20240302,玉野,10,G3,Ｓ級準決勝,base_color_4_bk,base_color_4,4,4,013963,柏野　智典,,,岡　山,S1,S1,追,106.53,0,0,4,1,0
hHQoBSTIFmBY5TBll3-vbpnIlt_V2n9y1Nd2Axmr1FYO8Zg3Dq0UJH1kvDMSnzwm,20240302,玉野,10,G3,Ｓ級準決勝,base_color_5_bk,base_color_5,5,4,014507,長島　大介,,,栃　木,S1,S1,逃,108.05,2,3,2,0,5
hHQoBSTIFmBY5TBll3-vbpnIlt_V2n9y1Nd2Axmr1FYO8Zg3Dq0UJH1kvDMSnzwm,20240302,玉野,10,G3,Ｓ級準決勝,base_color_6_bk,base_color_6,6,5,014564,塚本　大樹,,,熊　本,S1,S2,追,105.44,0,0,0,2,0
hHQoBSTIFmBY5TBll3-vbpnIlt_V2n9y1Nd2Axmr1FYO8Zg3Dq0UJH1kvDMSnzwm,20240302,玉野,10,G3,Ｓ級準決勝,base_color_7_bk,base_color_7,7,5,015040,隅田　洋介,,,岡　山,S1,S1,両,111.90,0,0,3,1,0
hHQoBSTIFmBY5TBll3-vbpnIlt_V2n9y1Nd2Axmr1FYO8Zg3Dq0UJH1kvDMSnzwm,20240302,玉野,10,G3,Ｓ級準決勝,base_color_8_bk,base_color_8,8,6,014441,芦澤　辰弘,,,茨　城,S2,S2,追,105.54,0,1,7,4,0
hHQoBSTIFmBY5TBll3-vbpnIlt_V2n9y1Nd2Axmr1FYO8Zg3Dq0UJH1kvDMSnzwm,20240302,玉野,10,G3,Ｓ級準決勝,base_color_9_bk,base_color_9,9,6,014635,中本　匠栄,,,熊　本,S1,S1,追,106.90,0,0,0,0,0
hHQoBSTIFmBY5TBll3-vbtwn4J71YX2CU5u-As_up553Y4uYaIzMTZYIWN1jBxRl,20240302,玉野,11,G3,Ｓ級準決勝,base_color_1_bk,base_color_1,1,1,013841,平原　康多,,,埼　玉,S1,S1,両,113.47,0,0,8,2,0
hHQoBSTIFmBY5TBll3-vbtwn4J71YX2CU5u-As_up553Y4uYaIzMTZYIWN1jBxRl,20240302,玉野,11,G3,Ｓ級準決勝,base_color_2_bk,base_color_2,2,2,014016,石塚　孝幸,,,神奈川,S2,S2,追,104.78,0,0,5,1,0
hHQoBSTIFmBY5TBll3-vbtwn4J71YX2CU5u-As_up553Y4uYaIzMTZYIWN1jBxRl,20240302,玉野,11,G3,Ｓ級準決勝,base_color_3_bk,base_color_3,3,3,015009,清水　裕友,,,山　口,SS,SS,逃,118.64,0,7,2,2,1
hHQoBSTIFmBY5TBll3-vbtwn4J71YX2CU5u-As_up553Y4uYaIzMTZYIWN1jBxRl,20240302,玉野,11,G3,Ｓ級準決勝,base_color_4_bk,base_color_4,4,4,015195,久保田泰弘,,,山　口,S2,S2,追,103.54,0,0,4,1,0
hHQoBSTIFmBY5TBll3-vbtwn4J71YX2CU5u-As_up553Y4uYaIzMTZYIWN1jBxRl,20240302,玉野,11,G3,Ｓ級準決勝,base_color_5_bk,base_color_5,5,4,015242,眞杉　匠,,,栃　木,SS,SS,逃,117.80,0,1,0,0,0
hHQoBSTIFmBY5TBll3-vbtwn4J71YX2CU5u-As_up553Y4uYaIzMTZYIWN1jBxRl,20240302,玉野,11,G3,Ｓ級準決勝,base_color_6_bk,base_color_6,6,5,013685,岡田　征陽,,,東　京,S2,S2,追,99.33,0,0,2,2,0
hHQoBSTIFmBY5TBll3-vbtwn4J71YX2CU5u-As_up553Y4uYaIzMTZYIWN1jBxRl,20240302,玉野,11,G3,Ｓ級準決勝,base_color_7_bk,base_color_7,7,5,015436,青野　将大,,,神奈川,S1,S1,逃,107.50,7,3,0,0,12
hHQoBSTIFmBY5TBll3-vbtwn4J71YX2CU5u-As_up553Y4uYaIzMTZYIWN1jBxRl,20240302,玉野,11,G3,Ｓ級準決勝,base_color_8_bk,base_color_8,8,6,014384,佐藤　龍二,,,神奈川,S2,S2,両,102.51,0,3,5,3,0
hHQoBSTIFmBY5TBll3-vbtwn4J71YX2CU5u-As_up553Y4uYaIzMTZYIWN1jBxRl,20240302,玉野,11,G3,Ｓ級準決勝,base_color_9_bk,base_color_9,9,6,015373,晝田宗一郎,,,岡　山,S2,S2,逃,103.92,2,9,2,0,9
hHQoBSTIFmBY5TBll3-vbrg3kbJ1MJbMKYcuJSci9MHFjpPMw1qz4EWBCRnjYJEn,20240302,玉野,12,G3,Ｓ級準決勝,base_color_1_bk,base_color_1,1,1,014681,松浦　悠士,,,広　島,SS,SS,両,118.62,0,3,7,0,0
hHQoBSTIFmBY5TBll3-vbrg3kbJ1MJbMKYcuJSci9MHFjpPMw1qz4EWBCRnjYJEn,20240302,玉野,12,G3,Ｓ級準決勝,base_color_2_bk,base_color_2,2,2,013791,村上　博幸,,,京　都,S1,S1,追,112.00,0,0,5,3,0
hHQoBSTIFmBY5TBll3-vbrg3kbJ1MJbMKYcuJSci9MHFjpPMw1qz4EWBCRnjYJEn,20240302,玉野,12,G3,Ｓ級準決勝,base_color_3_bk,base_color_3,3,3,014809,恩田　淳平,,,群　馬,S2,S1,追,108.68,0,1,7,2,0
hHQoBSTIFmBY5TBll3-vbrg3kbJ1MJbMKYcuJSci9MHFjpPMw1qz4EWBCRnjYJEn,20240302,玉野,12,G3,Ｓ級準決勝,base_color_4_bk,base_color_4,4,4,015518,吉田　有希,,,茨　城,S1,S1,逃,108.11,6,1,0,1,7
hHQoBSTIFmBY5TBll3-vbrg3kbJ1MJbMKYcuJSci9MHFjpPMw1qz4EWBCRnjYJEn,20240302,玉野,12,G3,Ｓ級準決勝,base_color_5_bk,base_color_5,5,4,014113,北津留　翼,,,福　岡,S1,S1,逃,112.48,0,11,2,0,9
hHQoBSTIFmBY5TBll3-vbrg3kbJ1MJbMKYcuJSci9MHFjpPMw1qz4EWBCRnjYJEn,20240302,玉野,12,G3,Ｓ級準決勝,base_color_6_bk,base_color_6,6,5,015465,石原　颯,,,香　川,S1,S2,逃,104.28,9,5,0,0,13
hHQoBSTIFmBY5TBll3-vbrg3kbJ1MJbMKYcuJSci9MHFjpPMw1qz4EWBCRnjYJEn,20240302,玉野,12,G3,Ｓ級準決勝,base_color_7_bk,base_color_7,7,5,013880,岩津　裕介,,,岡　山,S1,S1,追,108.57,0,0,1,1,0
hHQoBSTIFmBY5TBll3-vbrg3kbJ1MJbMKYcuJSci9MHFjpPMw1qz4EWBCRnjYJEn,20240302,玉野,12,G3,Ｓ級準決勝,base_color_8_bk,base_color_8,8,6,014317,山田　久徳,,,京　都,S1,S1,両,107.91,4,3,3,0,6
hHQoBSTIFmBY5TBll3-vbrg3kbJ1MJbMKYcuJSci9MHFjpPMw1qz4EWBCRnjYJEn,20240302,玉野,12,G3,Ｓ級準決勝,base_color_9_bk,base_color_9,9,6,014117,小岩　大介,,,大　分,S1,S1,追,109.87,0,0,7,4,0
4y6dPhGvcrSladdkbHuti_H4jlvVUzx82jiMHiMKhGOf1-2gzv0knego8lrr5yvg,20240302,いわき平,1,F1,Ａ級一般,base_color_1_bk,base_color_1,1,,014850,岡田　啓渡,,,愛　媛,A1,A2,両,83.46,0,0,3,0,1
4y6dPhGvcrSladdkbHuti_H4jlvVUzx82jiMHiMKhGOf1-2gzv0knego8lrr5yvg,20240302,いわき平,1,F1,Ａ級一般,base_color_2_bk,base_color_2,2,,013099,大橋　直人,,,埼　玉,A2,A2,追,82.64,0,0,0,0,0
4y6dPhGvcrSladdkbHuti_H4jlvVUzx82jiMHiMKhGOf1-2gzv0knego8lrr5yvg,20240302,いわき平,1,F1,Ａ級一般,base_color_3_bk,base_color_3,3,,011487,宮倉　勇,,,千　葉,A1,A1,追,84.20,0,1,3,0,0
4y6dPhGvcrSladdkbHuti_H4jlvVUzx82jiMHiMKhGOf1-2gzv0knego8lrr5yvg,20240302,いわき平,1,F1,Ａ級一般,base_color_4_bk,base_color_4,4,,011451,重　一徳,,,鹿児島,A2,A2,追,81.04,0,0,2,2,0
4y6dPhGvcrSladdkbHuti_H4jlvVUzx82jiMHiMKhGOf1-2gzv0knego8lrr5yvg,20240302,いわき平,1,F1,Ａ級一般,base_color_5_bk,base_color_5,5,,013742,葛西雄太郎,,,愛　媛,A1,A2,両,79.95,6,0,0,0,13
4y6dPhGvcrSladdkbHuti_H4jlvVUzx82jiMHiMKhGOf1-2gzv0knego8lrr5yvg,20240302,いわき平,1,F1,Ａ級一般,base_color_6_bk,base_color_6,6,,014019,長崎　達也,,,神奈川,A3,A2,両,75.62,0,0,3,1,0
4y6dPhGvcrSladdkbHuti_H4jlvVUzx82jiMHiMKhGOf1-2gzv0knego8lrr5yvg,20240302,いわき平,1,F1,Ａ級一般,base_color_7_bk,base_color_7,7,,014805,吉田　元輝,,,茨　城,A2,A2,両,84.95,0,1,2,3,3
4y6dPhGvcrSladdkbHuti3Kl2NYkdi6hvinJjiDvru-yqnXXiPlOqRZQUKeR3zfd,20240302,いわき平,2,F1,Ａ級一般,base_color_1_bk,base_color_1,1,,013399,塚本　勝士,,,栃　木,A2,A1,両,78.86,0,0,0,0,0
4y6dPhGvcrSladdkbHuti3Kl2NYkdi6hvinJjiDvru-yqnXXiPlOqRZQUKeR3zfd,20240302,いわき平,2,F1,Ａ級一般,base_color_2_bk,base_color_2,2,,015155,三浦　大輝,,,宮　城,A2,A2,逃,80.20,1,0,0,0,4
4y6dPhGvcrSladdkbHuti3Kl2NYkdi6hvinJjiDvru-yqnXXiPlOqRZQUKeR3zfd,20240302,いわき平,2,F1,Ａ級一般,base_color_3_bk,base_color_3,3,,012586,佐藤　和典,,,神奈川,A2,A2,追,77.33,0,0,0,0,0
4y6dPhGvcrSladdkbHuti3Kl2NYkdi6hvinJjiDvru-yqnXXiPlOqRZQUKeR3zfd,20240302,いわき平,2,F1,Ａ級一般,base_color_4_bk,base_color_4,4,,014937,田中　誇士,,,静　岡,A2,A2,両,82.09,6,1,0,0,7
4y6dPhGvcrSladdkbHuti3Kl2NYkdi6hvinJjiDvru-yqnXXiPlOqRZQUKeR3zfd,20240302,いわき平,2,F1,Ａ級一般,base_color_5_bk,base_color_5,5,,012794,宇賀神浩幸,,,栃　木,A1,A2,追,84.83,0,0,1,2,0
4y6dPhGvcrSladdkbHuti3Kl2NYkdi6hvinJjiDvru-yqnXXiPlOqRZQUKeR3zfd,20240302,いわき平,2,F1,Ａ級一般,base_color_6_bk,base_color_6,6,,014772,細田　純平,,,広　島,A3,A2,逃,73.50,1,0,0,0,6
4y6dPhGvcrSladdkbHuti3Kl2NYkdi6hvinJjiDvru-yqnXXiPlOqRZQUKeR3zfd,20240302,いわき平,2,F1,Ａ級一般,base_color_7_bk,base_color_7,7,,013914,小谷田公則,,,福　島,A2,A2,追,83.96,0,0,4,5,0
4y6dPhGvcrSladdkbHuti2ldcCDXeAMB3ZS_ZzMC8m65G4Ly0bQGkC7f-lkWtQJc,20240302,いわき平,3,F1,Ａ級準決勝,base_color_1_bk,base_color_1,1,,014263,樫山　恭柄,,,福　岡,A1,A1,追,90.91,0,0,4,7,0
4y6dPhGvcrSladdkbHuti2ldcCDXeAMB3ZS_ZzMC8m65G4Ly0bQGkC7f-lkWtQJc,20240302,いわき平,3,F1,Ａ級準決勝,base_color_2_bk,base_color_2,2,,015513,菊池　翔,,,福　島,A1,A1,逃,89.66,2,3,1,1,5
4y6dPhGvcrSladdkbHuti2ldcCDXeAMB3ZS_ZzMC8m65G4Ly0bQGkC7f-lkWtQJc,20240302,いわき平,3,F1,Ａ級準決勝,base_color_3_bk,base_color_3,3,,015285,久樹　克門,,,徳　島,A1,A1,逃,93.71,1,5,4,1,3
4y6dPhGvcrSladdkbHuti2ldcCDXeAMB3ZS_ZzMC8m65G4Ly0bQGkC7f-lkWtQJc,20240302,いわき平,3,F1,Ａ級準決勝,base_color_4_bk,base_color_4,4,,012164,堀　政美,,,茨　城,A1,A1,追,90.96,0,1,3,5,0
4y6dPhGvcrSladdkbHuti2ldcCDXeAMB3ZS_ZzMC8m65G4Ly0bQGkC7f-lkWtQJc,20240302,いわき平,3,F1,Ａ級準決勝,base_color_5_bk,base_color_5,5,,015200,谷口　幸司,,,高　知,A1,A1,両,88.33,0,0,4,3,0
4y6dPhGvcrSladdkbHuti2ldcCDXeAMB3ZS_ZzMC8m65G4Ly0bQGkC7f-lkWtQJc,20240302,いわき平,3,F1,Ａ級準決勝,base_color_6_bk,base_color_6,6,,013553,小島　雅章,,,埼　玉,A1,A1,追,84.60,0,0,5,2,0
4y6dPhGvcrSladdkbHuti2ldcCDXeAMB3ZS_ZzMC8m65G4Ly0bQGkC7f-lkWtQJc,20240302,いわき平,3,F1,Ａ級準決勝,base_color_7_bk,base_color_7,7,,014334,高倉　俊宏,,,福　岡,A2,A2,両,85.95,2,3,3,1,2
4y6dPhGvcrSladdkbHuti2Mj2zK_0qb-N9sgiF8umImLkq_wZuizMrwfv52iCGuY,20240302,いわき平,4,F1,Ａ級準決勝,base_color_1_bk,base_color_1,1,,015339,土田　武志,,,茨　城,A1,A1,逃,92.66,3,0,1,0,4
4y6dPhGvcrSladdkbHuti2Mj2zK_0qb-N9sgiF8umImLkq_wZuizMrwfv52iCGuY,20240302,いわき平,4,F1,Ａ級準決勝,base_color_2_bk,base_color_2,2,,012466,郡　英治,,,広　島,A1,A2,追,84.66,0,0,2,2,0
4y6dPhGvcrSladdkbHuti2Mj2zK_0qb-N9sgiF8umImLkq_wZuizMrwfv52iCGuY,20240302,いわき平,4,F1,Ａ級準決勝,base_color_3_bk,base_color_3,3,,015556,上野　恭哉,,,福　岡,A1,A2,逃,88.00,1,3,3,1,4
4y6dPhGvcrSladdkbHuti2Mj2zK_0qb-N9sgiF8umImLkq_wZuizMrwfv52iCGuY,20240302,いわき平,4,F1,Ａ級準決勝,base_color_4_bk,base_color_4,4,,012261,岡部　芳幸,,,福　島,A1,A1,追,90.85,0,1,3,3,1
4y6dPhGvcrSladdkbHuti2Mj2zK_0qb-N9sgiF8umImLkq_wZuizMrwfv52iCGuY,20240302,いわき平,4,F1,Ａ級準決勝,base_color_5_bk,base_color_5,5,,013824,上吹越直樹,,,鹿児島,S2,A1,追,94.05,0,0,4,1,0
4y6dPhGvcrSladdkbHuti2Mj2zK_0qb-N9sgiF8umImLkq_wZuizMrwfv52iCGuY,20240302,いわき平,4,F1,Ａ級準決勝,base_color_6_bk,base_color_6,6,,014278,白川　将太,,,青　森,A1,A2,追,79.47,0,0,0,0,0
4y6dPhGvcrSladdkbHuti2Mj2zK_0qb-N9sgiF8umImLkq_wZuizMrwfv52iCGuY,20240302,いわき平,4,F1,Ａ級準決勝,base_color_7_bk,base_color_7,7,,015371,田上　晃也,,,岡　山,A1,A1,逃,81.86,4,1,2,0,16
4y6dPhGvcrSladdkbHuti8RUo8Zmy4qKMnji4BDsB9nfQw6jYudoksh0EXnLUL4m,20240302,いわき平,5,F1,Ａ級準決勝,base_color_1_bk,base_color_1,1,,014378,加賀山　淳,,,千　葉,A1,A1,逃,95.50,5,6,2,0,6
4y6dPhGvcrSladdkbHuti8RUo8Zmy4qKMnji4BDsB9nfQw6jYudoksh0EXnLUL4m,20240302,いわき平,5,F1,Ａ級準決勝,base_color_2_bk,base_color_2,2,,015650,田代　匠,color_blue,追加,福　岡,A2,A2,逃,86.13,3,1,1,0,10
4y6dPhGvcrSladdkbHuti8RUo8Zmy4qKMnji4BDsB9nfQw6jYudoksh0EXnLUL4m,20240302,いわき平,5,F1,Ａ級準決勝,base_color_3_bk,base_color_3,3,,014731,山崎　輝夫,,,埼　玉,A1,A1,両,89.36,1,0,8,3,1
4y6dPhGvcrSladdkbHuti8RUo8Zmy4qKMnji4BDsB9nfQw6jYudoksh0EXnLUL4m,20240302,いわき平,5,F1,Ａ級準決勝,base_color_4_bk,base_color_4,4,,015529,塚本　瑠羽,,,神奈川,A2,A1,逃,91.23,3,4,0,0,5
4y6dPhGvcrSladdkbHuti8RUo8Zmy4qKMnji4BDsB9nfQw6jYudoksh0EXnLUL4m,20240302,いわき平,5,F1,Ａ級準決勝,base_color_5_bk,base_color_5,5,,014579,齋藤　一茂,,,群　馬,A2,A2,逃,85.29,6,2,1,0,13
4y6dPhGvcrSladdkbHuti8RUo8Zmy4qKMnji4BDsB9nfQw6jYudoksh0EXnLUL4m,20240302,いわき平,5,F1,Ａ級準決勝,base_color_6_bk,base_color_6,6,,014304,大竹　哲也,,,静　岡,A1,A1,追,83.75,0,0,4,1,0
4y6dPhGvcrSladdkbHuti8RUo8Zmy4qKMnji4BDsB9nfQw6jYudoksh0EXnLUL4m,20240302,いわき平,5,F1,Ａ級準決勝,base_color_7_bk,base_color_7,7,,013493,立花　成泰,,,岡　山,S2,A1,追,91.36,0,0,2,2,0
4y6dPhGvcrSladdkbHuti1Dg7sVHHmqEYelLthqOLknefKR7DitCzkClnYXIGogu,20240302,いわき平,6,F1,Ｓ級一般,base_color_1_bk,base_color_1,1,,014225,伊藤　亮,color_blue,追加,埼　玉,S2,S2,追,96.26,0,0,1,1,0
4y6dPhGvcrSladdkbHuti1Dg7sVHHmqEYelLthqOLknefKR7DitCzkClnYXIGogu,20240302,いわき平,6,F1,Ｓ級一般,base_color_2_bk,base_color_2,2,,014350,佐藤　雅春,,,宮　城,S2,S2,両,97.70,0,0,2,4,0
4y6dPhGvcrSladdkbHuti1Dg7sVHHmqEYelLthqOLknefKR7DitCzkClnYXIGogu,20240302,いわき平,6,F1,Ｓ級一般,base_color_3_bk,base_color_3,3,,014080,近藤　隆司,,,千　葉,S1,S2,逃,100.03,3,2,2,1,3
4y6dPhGvcrSladdkbHuti1Dg7sVHHmqEYelLthqOLknefKR7DitCzkClnYXIGogu,20240302,いわき平,6,F1,Ｓ級一般,base_color_4_bk,base_color_4,4,,015507,上遠野拓馬,,,宮　城,A1,S2,逃,93.35,1,1,0,0,12
4y6dPhGvcrSladdkbHuti1Dg7sVHHmqEYelLthqOLknefKR7DitCzkClnYXIGogu,20240302,いわき平,6,F1,Ｓ級一般,base_color_5_bk,base_color_5,5,,013766,武井　大介,color_blue,追加,千　葉,S2,S2,追,98.30,0,0,1,2,0
4y6dPhGvcrSladdkbHuti1Dg7sVHHmqEYelLthqOLknefKR7DitCzkClnYXIGogu,20240302,いわき平,6,F1,Ｓ級一般,base_color_6_bk,base_color_6,6,,015348,寺沼　伊織,,,東　京,S2,S2,両,93.04,0,0,0,0,0
4y6dPhGvcrSladdkbHuti1Dg7sVHHmqEYelLthqOLknefKR7DitCzkClnYXIGogu,20240302,いわき平,6,F1,Ｓ級一般,base_color_7_bk,base_color_7,7,,012487,紺野　哲也,,,宮　城,S2,S2,追,98.08,0,0,3,1,0
4y6dPhGvcrSladdkbHuti11yG91RoHlkxXg6OEaGfoybLFAdx6Pz0Lju_QogKfWx,20240302,いわき平,7,F1,Ｓ級一般,base_color_1_bk,base_color_1,1,,014361,真船圭一郎,color_blue,補充,福　島,S2,S2,逃,97.80,0,4,0,0,7
4y6dPhGvcrSladdkbHuti11yG91RoHlkxXg6OEaGfoybLFAdx6Pz0Lju_QogKfWx,20240302,いわき平,7,F1,Ｓ級一般,base_color_2_bk,base_color_2,2,,015442,仁藤　秀,,,静　岡,A1,S2,逃,96.50,2,6,0,0,4
4y6dPhGvcrSladdkbHuti11yG91RoHlkxXg6OEaGfoybLFAdx6Pz0Lju_QogKfWx,20240302,いわき平,7,F1,Ｓ級一般,base_color_3_bk,base_color_3,3,,014548,棚橋　勉,,,岡　山,S2,S2,追,98.75,0,0,1,3,0
4y6dPhGvcrSladdkbHuti11yG91RoHlkxXg6OEaGfoybLFAdx6Pz0Lju_QogKfWx,20240302,いわき平,7,F1,Ｓ級一般,base_color_4_bk,base_color_4,4,,014212,山崎　将幸,,,宮　城,A1,S2,追,94.29,0,0,0,0,0
4y6dPhGvcrSladdkbHuti11yG91RoHlkxXg6OEaGfoybLFAdx6Pz0Lju_QogKfWx,20240302,いわき平,7,F1,Ｓ級一般,base_color_5_bk,base_color_5,5,,015239,佐々木堅次,,,福　島,S2,S2,逃,102.45,1,6,1,1,1
4y6dPhGvcrSladdkbHuti11yG91RoHlkxXg6OEaGfoybLFAdx6Pz0Lju_QogKfWx,20240302,いわき平,7,F1,Ｓ級一般,base_color_6_bk,base_color_6,6,,015278,田中　和磨,,,岡　山,A1,S2,逃,89.29,0,1,2,0,8
4y6dPhGvcrSladdkbHuti11yG91RoHlkxXg6OEaGfoybLFAdx6Pz0Lju_QogKfWx,20240302,いわき平,7,F1,Ｓ級一般,base_color_7_bk,base_color_7,7,,014506,磯田　旭,,,栃　木,S1,S1,追,97.83,0,0,1,2,0
4y6dPhGvcrSladdkbHutixNGoPICbzCm-dVDXySDgFnqL3l6a24b_mbxozbhb_qR,20240302,いわき平,8,F1,Ｓ級選抜,base_color_1_bk,base_color_1,1,,015191,奥村　諭志,color_blue,追加,岡　山,S2,S2,逃,97.50,3,2,1,0,6
4y6dPhGvcrSladdkbHutixNGoPICbzCm-dVDXySDgFnqL3l6a24b_mbxozbhb_qR,20240302,いわき平,8,F1,Ｓ級選抜,base_color_2_bk,base_color_2,2,,014141,中川　貴徳,,,栃　木,S2,S2,追,102.30,0,0,5,1,0
4y6dPhGvcrSladdkbHutixNGoPICbzCm-dVDXySDgFnqL3l6a24b_mbxozbhb_qR,20240302,いわき平,8,F1,Ｓ級選抜,base_color_3_bk,base_color_3,3,,014262,稲吉　悠大,,,福　岡,S2,S2,追,102.16,0,1,1,3,0
4y6dPhGvcrSladdkbHutixNGoPICbzCm-dVDXySDgFnqL3l6a24b_mbxozbhb_qR,20240302,いわき平,8,F1,Ｓ級選抜,base_color_4_bk,base_color_4,4,,012501,金子　真也,,,群　馬,S1,S2,追,98.00,0,0,0,0,0
4y6dPhGvcrSladdkbHutixNGoPICbzCm-dVDXySDgFnqL3l6a24b_mbxozbhb_qR,20240302,いわき平,8,F1,Ｓ級選抜,base_color_5_bk,base_color_5,5,,013886,大屋　健司,,,広　島,S2,S2,追,98.23,0,1,4,0,0
4y6dPhGvcrSladdkbHutixNGoPICbzCm-dVDXySDgFnqL3l6a24b_mbxozbhb_qR,20240302,いわき平,8,F1,Ｓ級選抜,base_color_6_bk,base_color_6,6,,013146,八谷　誠賢,,,福　岡,A1,S2,逃,95.26,1,4,1,0,0
4y6dPhGvcrSladdkbHutixNGoPICbzCm-dVDXySDgFnqL3l6a24b_mbxozbhb_qR,20240302,いわき平,8,F1,Ｓ級選抜,base_color_7_bk,base_color_7,7,,015350,山本　修平,,,東　京,S2,S2,逃,97.78,2,3,1,0,4
4y6dPhGvcrSladdkbHuti6IB6fRO81alJhqLbVhEslX4xpNbN9Ke7JSNqgwkHgx4,20240302,いわき平,9,F1,Ｓ級選抜,base_color_1_bk,base_color_1,1,,014791,木村　弘,,,青　森,S2,S2,逃,102.05,4,2,0,0,14
4y6dPhGvcrSladdkbHuti6IB6fRO81alJhqLbVhEslX4xpNbN9Ke7JSNqgwkHgx4,20240302,いわき平,9,F1,Ｓ級選抜,base_color_2_bk,base_color_2,2,,014448,相川　永伍,,,埼　玉,S2,S2,追,99.00,0,1,1,3,0
4y6dPhGvcrSladdkbHuti6IB6fRO81alJhqLbVhEslX4xpNbN9Ke7JSNqgwkHgx4,20240302,いわき平,9,F1,Ｓ級選抜,base_color_3_bk,base_color_3,3,,014622,高市　訓但,,,愛　媛,S2,S2,追,96.55,0,0,2,2,0
4y6dPhGvcrSladdkbHuti6IB6fRO81alJhqLbVhEslX4xpNbN9Ke7JSNqgwkHgx4,20240302,いわき平,9,F1,Ｓ級選抜,base_color_4_bk,base_color_4,4,,014163,内田　英介,,,東　京,S2,S2,追,98.76,0,0,2,1,0
4y6dPhGvcrSladdkbHuti6IB6fRO81alJhqLbVhEslX4xpNbN9Ke7JSNqgwkHgx4,20240302,いわき平,9,F1,Ｓ級選抜,base_color_5_bk,base_color_5,5,,013765,海老根恵太,,,千　葉,A1,S2,追,103.85,0,0,5,2,0
4y6dPhGvcrSladdkbHuti6IB6fRO81alJhqLbVhEslX4xpNbN9Ke7JSNqgwkHgx4,20240302,いわき平,9,F1,Ｓ級選抜,base_color_6_bk,base_color_6,6,,013618,櫻井　学,,,群　馬,A1,S2,両,96.42,0,3,4,1,1
4y6dPhGvcrSladdkbHuti6IB6fRO81alJhqLbVhEslX4xpNbN9Ke7JSNqgwkHgx4,20240302,いわき平,9,F1,Ｓ級選抜,base_color_7_bk,base_color_7,7,,013670,小橋　秀幸,,,青　森,S2,S2,追,100.08,0,0,2,1,0
4y6dPhGvcrSladdkbHuti9KVQwCubBlA_UbBC9Uz7M0Us3KAbZ5QmZ9J84E8aHvg,20240302,いわき平,10,F1,Ｓ級準決勝,base_color_1_bk,base_color_1,1,,015475,伊藤　旭,,,熊　本,S1,S1,逃,109.12,0,5,4,0,5
4y6dPhGvcrSladdkbHuti9KVQwCubBlA_UbBC9Uz7M0Us3KAbZ5QmZ9J84E8aHvg,20240302,いわき平,10,F1,Ｓ級準決勝,base_color_2_bk,base_color_2,2,,015246,黒沢　征治,,,埼　玉,S2,S1,逃,105.46,5,1,0,2,11
4y6dPhGvcrSladdkbHuti9KVQwCubBlA_UbBC9Uz7M0Us3KAbZ5QmZ9J84E8aHvg,20240302,いわき平,10,F1,Ｓ級準決勝,base_color_3_bk,base_color_3,3,,013252,中村　浩士,,,千　葉,S2,S1,追,102.23,0,0,3,2,0
4y6dPhGvcrSladdkbHuti9KVQwCubBlA_UbBC9Uz7M0Us3KAbZ5QmZ9J84E8aHvg,20240302,いわき平,10,F1,Ｓ級準決勝,base_color_4_bk,base_color_4,4,,015038,山岸　佳太,,,茨　城,S1,S1,両,102.33,0,2,0,0,1
4y6dPhGvcrSladdkbHuti9KVQwCubBlA_UbBC9Uz7M0Us3KAbZ5QmZ9J84E8aHvg,20240302,いわき平,10,F1,Ｓ級準決勝,base_color_5_bk,base_color_5,5,,013140,小倉　竜二,,,徳　島,S1,S1,追,109.62,0,0,7,4,0
4y6dPhGvcrSladdkbHuti9KVQwCubBlA_UbBC9Uz7M0Us3KAbZ5QmZ9J84E8aHvg,20240302,いわき平,10,F1,Ｓ級準決勝,base_color_6_bk,base_color_6,6,,013631,勝瀬　卓也,,,神奈川,S2,S2,追,95.59,0,0,1,1,0
4y6dPhGvcrSladdkbHuti9KVQwCubBlA_UbBC9Uz7M0Us3KAbZ5QmZ9J84E8aHvg,20240302,いわき平,10,F1,Ｓ級準決勝,base_color_7_bk,base_color_7,7,,014685,掛水　泰範,,,高　知,S2,S2,両,97.35,0,0,1,1,0
4y6dPhGvcrSladdkbHutixel2kb30J9W4QJ3AuBzcUhy2tNRL315tRoe9Hc1_Xsd,20240302,いわき平,11,F1,Ｓ級準決勝,base_color_1_bk,base_color_1,1,,013920,山崎　芳仁,,,福　島,S1,S1,両,109.75,0,5,2,1,4
4y6dPhGvcrSladdkbHutixel2kb30J9W4QJ3AuBzcUhy2tNRL315tRoe9Hc1_Xsd,20240302,いわき平,11,F1,Ｓ級準決勝,base_color_2_bk,base_color_2,2,,013291,三宅　達也,,,岡　山,S2,S1,追,99.83,1,1,7,1,2
4y6dPhGvcrSladdkbHutixel2kb30J9W4QJ3AuBzcUhy2tNRL315tRoe9Hc1_Xsd,20240302,いわき平,11,F1,Ｓ級準決勝,base_color_3_bk,base_color_3,3,,013772,岡村　潤,,,静　岡,S1,S1,追,108.53,0,0,8,7,0
4y6dPhGvcrSladdkbHutixel2kb30J9W4QJ3AuBzcUhy2tNRL315tRoe9Hc1_Xsd,20240302,いわき平,11,F1,Ｓ級準決勝,base_color_4_bk,base_color_4,4,,014052,飯野　祐太,,,福　島,S1,S1,両,104.57,0,2,3,3,1
4y6dPhGvcrSladdkbHutixel2kb30J9W4QJ3AuBzcUhy2tNRL315tRoe9Hc1_Xsd,20240302,いわき平,11,F1,Ｓ級準決勝,base_color_5_bk,base_color_5,5,,014045,吉本　卓仁,,,福　岡,S1,S1,両,104.08,0,5,2,3,4
4y6dPhGvcrSladdkbHutixel2kb30J9W4QJ3AuBzcUhy2tNRL315tRoe9Hc1_Xsd,20240302,いわき平,11,F1,Ｓ級準決勝,base_color_6_bk,base_color_6,6,,014065,鰐淵　圭佑,,,群　馬,A1,S2,追,95.10,0,0,3,0,0
4y6dPhGvcrSladdkbHutixel2kb30J9W4QJ3AuBzcUhy2tNRL315tRoe9Hc1_Xsd,20240302,いわき平,11,F1,Ｓ級準決勝,base_color_7_bk,base_color_7,7,,015525,鈴木　浩太,,,千　葉,S2,S2,逃,99.05,6,1,0,0,9
4y6dPhGvcrSladdkbHutix61SkHT2cNGKjAlNcWgsJFjApGAUD1FYY7azuH2rfgo,20240302,いわき平,12,F1,Ｓ級準決勝,base_color_1_bk,base_color_1,1,,013945,福田　知也,,,神奈川,S1,S1,追,106.00,0,1,10,1,0
4y6dPhGvcrSladdkbHutix61SkHT2cNGKjAlNcWgsJFjApGAUD1FYY7azuH2rfgo,20240302,いわき平,12,F1,Ｓ級準決勝,base_color_2_bk,base_color_2,2,,014730,中田　健太,,,埼　玉,S1,S1,追,110.62,0,0,5,3,0
4y6dPhGvcrSladdkbHutix61SkHT2cNGKjAlNcWgsJFjApGAUD1FYY7azuH2rfgo,20240302,いわき平,12,F1,Ｓ級準決勝,base_color_3_bk,base_color_3,3,,014127,永澤　剛,,,青　森,S1,S2,追,111.25,0,0,10,3,0
4y6dPhGvcrSladdkbHutix61SkHT2cNGKjAlNcWgsJFjApGAUD1FYY7azuH2rfgo,20240302,いわき平,12,F1,Ｓ級準決勝,base_color_4_bk,base_color_4,4,,014129,菅田　壱道,,,宮　城,S1,S1,両,110.00,0,3,6,1,2
4y6dPhGvcrSladdkbHutix61SkHT2cNGKjAlNcWgsJFjApGAUD1FYY7azuH2rfgo,20240302,いわき平,12,F1,Ｓ級準決勝,base_color_5_bk,base_color_5,5,,015346,鈴木　薫,,,東　京,S2,S2,逃,99.42,3,0,1,1,10
4y6dPhGvcrSladdkbHutix61SkHT2cNGKjAlNcWgsJFjApGAUD1FYY7azuH2rfgo,20240302,いわき平,12,F1,Ｓ級準決勝,base_color_6_bk,base_color_6,6,,015389,宮崎　大空,,,熊　本,A1,S2,両,95.93,0,1,2,2,0
4y6dPhGvcrSladdkbHutix61SkHT2cNGKjAlNcWgsJFjApGAUD1FYY7azuH2rfgo,20240302,いわき平,12,F1,Ｓ級準決勝,base_color_7_bk,base_color_7,7,,015440,長田　龍拳,color_blue,追加,静　岡,A1,S2,逃,97.65,4,0,1,0,10
II_18ke30tFAZvFi9_0G4C8SMi53roV_inG8_KZ8JavojFN6BCal_yPyFWCTaXVZ,20240302,大宮,1,F1,Ａ級一般,base_color_1_bk,base_color_1,1,,014079,江本　博明,,,千　葉,A2,A2,追,84.26,0,0,1,1,0
II_18ke30tFAZvFi9_0G4C8SMi53roV_inG8_KZ8JavojFN6BCal_yPyFWCTaXVZ,20240302,大宮,1,F1,Ａ級一般,base_color_2_bk,base_color_2,2,,015189,山本　隼人,,,大　阪,A2,A2,逃,81.60,1,0,0,2,2
II_18ke30tFAZvFi9_0G4C8SMi53roV_inG8_KZ8JavojFN6BCal_yPyFWCTaXVZ,20240302,大宮,1,F1,Ａ級一般,base_color_3_bk,base_color_3,3,,013838,山田　武,,,群　馬,A3,A2,追,79.27,0,0,2,1,0
II_18ke30tFAZvFi9_0G4C8SMi53roV_inG8_KZ8JavojFN6BCal_yPyFWCTaXVZ,20240302,大宮,1,F1,Ａ級一般,base_color_4_bk,base_color_4,4,,012710,大内　達也,,,宮　城,A2,A2,追,80.93,0,0,0,1,0
II_18ke30tFAZvFi9_0G4C8SMi53roV_inG8_KZ8JavojFN6BCal_yPyFWCTaXVZ,20240302,大宮,1,F1,Ａ級一般,base_color_5_bk,base_color_5,5,,015414,大森　光明,,,北海道,A2,A2,両,83.25,1,4,1,0,5
II_18ke30tFAZvFi9_0G4C8SMi53roV_inG8_KZ8JavojFN6BCal_yPyFWCTaXVZ,20240302,大宮,1,F1,Ａ級一般,base_color_6_bk,base_color_6,6,,012893,吉野　猛,,,愛　知,A3,A2,追,78.80,0,0,3,5,0
II_18ke30tFAZvFi9_0G4C8SMi53roV_inG8_KZ8JavojFN6BCal_yPyFWCTaXVZ,20240302,大宮,1,F1,Ａ級一般,base_color_7_bk,base_color_7,7,,014058,佐藤　謙,,,栃　木,A3,A2,追,80.15,0,0,6,2,0
II_18ke30tFAZvFi9_0G4BrXZYiY8k5grzuvhqtGLh2RsE5jAf_IljQ4fXkcvFuZ,20240302,大宮,2,F1,Ａ級一般,base_color_1_bk,base_color_1,1,,013839,若林　耕司,color_blue,追加,群　馬,A2,A2,追,81.83,0,1,4,0,0
II_18ke30tFAZvFi9_0G4BrXZYiY8k5grzuvhqtGLh2RsE5jAf_IljQ4fXkcvFuZ,20240302,大宮,2,F1,Ａ級一般,base_color_2_bk,base_color_2,2,,012656,柴田　健,,,神奈川,A2,A2,追,80.80,0,0,1,2,0
II_18ke30tFAZvFi9_0G4BrXZYiY8k5grzuvhqtGLh2RsE5jAf_IljQ4fXkcvFuZ,20240302,大宮,2,F1,Ａ級一般,base_color_3_bk,base_color_3,3,,015108,吉田　篤史,,,奈　良,S2,A1,逃,85.66,0,0,0,0,1
II_18ke30tFAZvFi9_0G4BrXZYiY8k5grzuvhqtGLh2RsE5jAf_IljQ4fXkcvFuZ,20240302,大宮,2,F1,Ａ級一般,base_color_4_bk,base_color_4,4,,013171,岩橋　則明,,,埼　玉,A2,A2,追,81.83,0,0,0,2,0
II_18ke30tFAZvFi9_0G4BrXZYiY8k5grzuvhqtGLh2RsE5jAf_IljQ4fXkcvFuZ,20240302,大宮,2,F1,Ａ級一般,base_color_5_bk,base_color_5,5,,013479,田中　秀治,,,岐　阜,A1,A1,追,84.66,0,0,4,3,0
II_18ke30tFAZvFi9_0G4BrXZYiY8k5grzuvhqtGLh2RsE5jAf_IljQ4fXkcvFuZ,20240302,大宮,2,F1,Ａ級一般,base_color_6_bk,base_color_6,6,,012944,渡邊　恭典,,,栃　木,A2,A2,追,78.50,0,0,0,0,0
II_18ke30tFAZvFi9_0G4BrXZYiY8k5grzuvhqtGLh2RsE5jAf_IljQ4fXkcvFuZ,20240302,大宮,2,F1,Ａ級一般,base_color_7_bk,base_color_7,7,,014519,湯浅　大輔,color_blue,追加,千　葉,A2,A2,逃,79.42,0,1,2,0,6
II_18ke30tFAZvFi9_0G4N_MVVKlv-a0LsfKGowkJGs-n9eZlEUqCPHzGINOhGDu,20240302,大宮,3,F1,Ａ級準決勝,base_color_1_bk,base_color_1,1,,013127,北浦　弘幹,,,和歌山,A2,A2,追,83.54,0,0,1,2,0
II_18ke30tFAZvFi9_0G4N_MVVKlv-a0LsfKGowkJGs-n9eZlEUqCPHzGINOhGDu,20240302,大宮,3,F1,Ａ級準決勝,base_color_2_bk,base_color_2,2,,014665,小峰　烈,,,長　野,A1,A2,両,88.38,0,0,7,1,0
II_18ke30tFAZvFi9_0G4N_MVVKlv-a0LsfKGowkJGs-n9eZlEUqCPHzGINOhGDu,20240302,大宮,3,F1,Ａ級準決勝,base_color_3_bk,base_color_3,3,,013695,岡本　英之,,,千　葉,A1,A1,追,91.57,0,3,3,1,0
II_18ke30tFAZvFi9_0G4N_MVVKlv-a0LsfKGowkJGs-n9eZlEUqCPHzGINOhGDu,20240302,大宮,3,F1,Ａ級準決勝,base_color_4_bk,base_color_4,4,,015003,小笹　隼人,,,奈　良,A1,A1,逃,89.72,0,2,6,0,4
II_18ke30tFAZvFi9_0G4N_MVVKlv-a0LsfKGowkJGs-n9eZlEUqCPHzGINOhGDu,20240302,大宮,3,F1,Ａ級準決勝,base_color_5_bk,base_color_5,5,,015099,吉竹　尚城,,,静　岡,A2,A2,逃,85.82,5,5,1,0,9
II_18ke30tFAZvFi9_0G4N_MVVKlv-a0LsfKGowkJGs-n9eZlEUqCPHzGINOhGDu,20240302,大宮,3,F1,Ａ級準決勝,base_color_6_bk,base_color_6,6,,014808,村上　貴彦,,,栃　木,A3,A2,両,77.61,0,6,0,0,1
II_18ke30tFAZvFi9_0G4N_MVVKlv-a0LsfKGowkJGs-n9eZlEUqCPHzGINOhGDu,20240302,大宮,3,F1,Ａ級準決勝,base_color_7_bk,base_color_7,7,,014876,冨尾　享平,,,大　阪,S2,A1,両,91.85,0,0,2,2,0
II_18ke30tFAZvFi9_0G4HcAgyiXSV-8VdPf4W7oxtrpwzPJzGGt8-v2OKBNftAY,20240302,大宮,4,F1,Ａ級準決勝,base_color_1_bk,base_color_1,1,,014597,上田　隼,,,岐　阜,A1,A1,追,89.23,0,1,6,2,1
II_18ke30tFAZvFi9_0G4HcAgyiXSV-8VdPf4W7oxtrpwzPJzGGt8-v2OKBNftAY,20240302,大宮,4,F1,Ａ級準決勝,base_color_2_bk,base_color_2,2,,014532,柴田　竜史,,,静　岡,A1,A1,追,86.51,0,0,4,4,0
II_18ke30tFAZvFi9_0G4HcAgyiXSV-8VdPf4W7oxtrpwzPJzGGt8-v2OKBNftAY,20240302,大宮,4,F1,Ａ級準決勝,base_color_3_bk,base_color_3,3,,013980,森田　康嗣,,,北海道,A1,A1,両,85.66,1,3,3,3,8
II_18ke30tFAZvFi9_0G4HcAgyiXSV-8VdPf4W7oxtrpwzPJzGGt8-v2OKBNftAY,20240302,大宮,4,F1,Ａ級準決勝,base_color_4_bk,base_color_4,4,,013711,小林　則之,,,静　岡,S2,A1,両,93.13,2,2,0,0,5
II_18ke30tFAZvFi9_0G4HcAgyiXSV-8VdPf4W7oxtrpwzPJzGGt8-v2OKBNftAY,20240302,大宮,4,F1,Ａ級準決勝,base_color_5_bk,base_color_5,5,,014748,山口　智弘,,,愛　知,A1,A1,追,91.77,0,1,7,4,0
II_18ke30tFAZvFi9_0G4HcAgyiXSV-8VdPf4W7oxtrpwzPJzGGt8-v2OKBNftAY,20240302,大宮,4,F1,Ａ級準決勝,base_color_6_bk,base_color_6,6,,012436,渡邊　秀明,,,神奈川,A1,A2,追,80.38,0,0,2,1,0
II_18ke30tFAZvFi9_0G4HcAgyiXSV-8VdPf4W7oxtrpwzPJzGGt8-v2OKBNftAY,20240302,大宮,4,F1,Ａ級準決勝,base_color_7_bk,base_color_7,7,,014204,大崎　和也,,,青　森,A1,A1,追,85.87,0,0,4,1,0
II_18ke30tFAZvFi9_0G4Iw4Q5RpE1-sEY1ukVVh7dPmcNa-vBL2BCpzJz-3MnFs,20240302,大宮,5,F1,Ａ級準決勝,base_color_1_bk,base_color_1,1,,015604,安彦　統賀,,,埼　玉,A1,A1,逃,94.62,7,4,4,1,14
II_18ke30tFAZvFi9_0G4Iw4Q5RpE1-sEY1ukVVh7dPmcNa-vBL2BCpzJz-3MnFs,20240302,大宮,5,F1,Ａ級準決勝,base_color_2_bk,base_color_2,2,,014145,篠原　忍,,,愛　知,A1,A1,両,90.40,0,1,6,3,0
II_18ke30tFAZvFi9_0G4Iw4Q5RpE1-sEY1ukVVh7dPmcNa-vBL2BCpzJz-3MnFs,20240302,大宮,5,F1,Ａ級準決勝,base_color_3_bk,base_color_3,3,,013131,藤野　一良,,,大　阪,A1,A1,両,87.48,0,1,4,2,0
II_18ke30tFAZvFi9_0G4Iw4Q5RpE1-sEY1ukVVh7dPmcNa-vBL2BCpzJz-3MnFs,20240302,大宮,5,F1,Ａ級準決勝,base_color_4_bk,base_color_4,4,,013546,田村　真広,,,群　馬,S2,A1,追,93.57,0,0,3,2,0
II_18ke30tFAZvFi9_0G4Iw4Q5RpE1-sEY1ukVVh7dPmcNa-vBL2BCpzJz-3MnFs,20240302,大宮,5,F1,Ａ級準決勝,base_color_5_bk,base_color_5,5,,014950,市村　昌樹,,,兵　庫,A1,A1,追,87.41,1,4,3,1,1
II_18ke30tFAZvFi9_0G4Iw4Q5RpE1-sEY1ukVVh7dPmcNa-vBL2BCpzJz-3MnFs,20240302,大宮,5,F1,Ａ級準決勝,base_color_6_bk,base_color_6,6,,015533,岩城　佑典,,,愛　知,A2,A2,逃,86.05,2,3,2,1,9
II_18ke30tFAZvFi9_0G4Iw4Q5RpE1-sEY1ukVVh7dPmcNa-vBL2BCpzJz-3MnFs,20240302,大宮,5,F1,Ａ級準決勝,base_color_7_bk,base_color_7,7,,013755,佐藤　悦夫,,,栃　木,A1,A1,追,88.60,0,0,5,1,0
II_18ke30tFAZvFi9_0G4LK2PEPZBA-j7cTnejBXP7qGzJb0Fy1yqqV5p8XdXEGZ,20240302,大宮,6,F1,Ｓ級一般,base_color_1_bk,base_color_1,1,,013747,伊藤　大志,,,青　森,S2,S2,追,95.96,0,0,2,1,0
II_18ke30tFAZvFi9_0G4LK2PEPZBA-j7cTnejBXP7qGzJb0Fy1yqqV5p8XdXEGZ,20240302,大宮,6,F1,Ｓ級一般,base_color_2_bk,base_color_2,2,,014053,鈴木謙太郎,,,茨　城,A1,S2,両,93.12,3,1,0,0,5
II_18ke30tFAZvFi9_0G4LK2PEPZBA-j7cTnejBXP7qGzJb0Fy1yqqV5p8XdXEGZ,20240302,大宮,6,F1,Ｓ級一般,base_color_3_bk,base_color_3,3,,014740,須藤　悟,,,千　葉,S2,S2,追,95.75,0,0,2,0,0
II_18ke30tFAZvFi9_0G4LK2PEPZBA-j7cTnejBXP7qGzJb0Fy1yqqV5p8XdXEGZ,20240302,大宮,6,F1,Ｓ級一般,base_color_4_bk,base_color_4,4,,013635,柏木　伸介,,,静　岡,S2,S2,両,92.20,0,0,0,0,1
II_18ke30tFAZvFi9_0G4LK2PEPZBA-j7cTnejBXP7qGzJb0Fy1yqqV5p8XdXEGZ,20240302,大宮,6,F1,Ｓ級一般,base_color_5_bk,base_color_5,5,,015168,染谷　幸喜,,,千　葉,S2,S2,逃,100.03,3,3,1,2,8
II_18ke30tFAZvFi9_0G4LK2PEPZBA-j7cTnejBXP7qGzJb0Fy1yqqV5p8XdXEGZ,20240302,大宮,6,F1,Ｓ級一般,base_color_6_bk,base_color_6,6,,015421,秋本耀太郎,color_blue,追加,栃　木,A1,S2,逃,92.00,2,1,0,0,9
II_18ke30tFAZvFi9_0G4LK2PEPZBA-j7cTnejBXP7qGzJb0Fy1yqqV5p8XdXEGZ,20240302,大宮,6,F1,Ｓ級一般,base_color_7_bk,base_color_7,7,,013901,山田　敦也,,,北海道,S2,S2,追,96.32,0,0,1,1,0
II_18ke30tFAZvFi9_0G4KWLKxzNArY8UVWYV9qkOl5Ig7cgqPKFYRwQsc63hSVB,20240302,大宮,7,F1,Ｓ級一般,base_color_1_bk,base_color_1,1,,015041,伊藤慶太郎,,,埼　玉,S2,S2,逃,92.72,1,0,0,0,5
II_18ke30tFAZvFi9_0G4KWLKxzNArY8UVWYV9qkOl5Ig7cgqPKFYRwQsc63hSVB,20240302,大宮,7,F1,Ｓ級一般,base_color_2_bk,base_color_2,2,,015113,酒井　拳蔵,,,大　阪,S2,S2,両,97.95,1,4,0,1,5
II_18ke30tFAZvFi9_0G4KWLKxzNArY8UVWYV9qkOl5Ig7cgqPKFYRwQsc63hSVB,20240302,大宮,7,F1,Ｓ級一般,base_color_3_bk,base_color_3,3,,015259,小林　稜武,color_blue,追加,千　葉,S2,S2,逃,95.04,3,0,0,1,8
II_18ke30tFAZvFi9_0G4KWLKxzNArY8UVWYV9qkOl5Ig7cgqPKFYRwQsc63hSVB,20240302,大宮,7,F1,Ｓ級一般,base_color_4_bk,base_color_4,4,,014286,関　貴之,,,茨　城,S2,S2,追,97.68,0,0,3,2,0
II_18ke30tFAZvFi9_0G4KWLKxzNArY8UVWYV9qkOl5Ig7cgqPKFYRwQsc63hSVB,20240302,大宮,7,F1,Ｓ級一般,base_color_5_bk,base_color_5,5,,013197,鈴木　幸紀,,,三　重,A1,S2,追,96.76,0,0,2,3,0
II_18ke30tFAZvFi9_0G4KWLKxzNArY8UVWYV9qkOl5Ig7cgqPKFYRwQsc63hSVB,20240302,大宮,7,F1,Ｓ級一般,base_color_6_bk,base_color_6,6,,015258,栗本　尚宗,,,千　葉,A2,S2,逃,91.63,2,1,0,0,6
II_18ke30tFAZvFi9_0G4KWLKxzNArY8UVWYV9qkOl5Ig7cgqPKFYRwQsc63hSVB,20240302,大宮,7,F1,Ｓ級一般,base_color_7_bk,base_color_7,7,,015342,福田　滉,,,栃　木,A1,S2,追,96.75,0,0,3,0,0
II_18ke30tFAZvFi9_0G4HKvkWXAPZvP7nX1Cw-YnnF6S32RFg06JfPF1PPQ2Qdk,20240302,大宮,8,F1,Ｓ級選抜,base_color_1_bk,base_color_1,1,,014806,岡田　泰地,color_blue,追加,栃　木,S1,S1,追,101.06,0,1,6,1,0
II_18ke30tFAZvFi9_0G4HKvkWXAPZvP7nX1Cw-YnnF6S32RFg06JfPF1PPQ2Qdk,20240302,大宮,8,F1,Ｓ級選抜,base_color_2_bk,base_color_2,2,,012592,水谷　良和,,,愛　知,S2,S2,追,99.78,0,0,1,2,0
II_18ke30tFAZvFi9_0G4HKvkWXAPZvP7nX1Cw-YnnF6S32RFg06JfPF1PPQ2Qdk,20240302,大宮,8,F1,Ｓ級選抜,base_color_3_bk,base_color_3,3,,014711,相澤　政宏,,,宮　城,S2,S2,追,97.85,0,0,1,1,0
II_18ke30tFAZvFi9_0G4HKvkWXAPZvP7nX1Cw-YnnF6S32RFg06JfPF1PPQ2Qdk,20240302,大宮,8,F1,Ｓ級選抜,base_color_4_bk,base_color_4,4,,013762,吉田　勇人,,,埼　玉,S2,S2,追,100.00,0,0,3,1,0
II_18ke30tFAZvFi9_0G4HKvkWXAPZvP7nX1Cw-YnnF6S32RFg06JfPF1PPQ2Qdk,20240302,大宮,8,F1,Ｓ級選抜,base_color_5_bk,base_color_5,5,,012669,伊藤　正樹,,,愛　知,S2,S2,追,100.38,0,0,4,5,0
II_18ke30tFAZvFi9_0G4HKvkWXAPZvP7nX1Cw-YnnF6S32RFg06JfPF1PPQ2Qdk,20240302,大宮,8,F1,Ｓ級選抜,base_color_6_bk,base_color_6,6,,015002,神田　龍,,,三　重,A1,S2,逃,97.37,0,1,0,1,3
II_18ke30tFAZvFi9_0G4HKvkWXAPZvP7nX1Cw-YnnF6S32RFg06JfPF1PPQ2Qdk,20240302,大宮,8,F1,Ｓ級選抜,base_color_7_bk,base_color_7,7,,015329,板垣　昴,,,福　島,S2,S2,逃,100.27,1,4,0,0,6
II_18ke30tFAZvFi9_0G4GKN357Ime2AKrLEbtpba65n0DJENTKRF8mCiTUk6RZs,20240302,大宮,9,F1,Ｓ級選抜,base_color_1_bk,base_color_1,1,,014942,清水　剛志,,,福　井,S2,S2,両,99.88,0,0,2,1,3
II_18ke30tFAZvFi9_0G4GKN357Ime2AKrLEbtpba65n0DJENTKRF8mCiTUk6RZs,20240302,大宮,9,F1,Ｓ級選抜,base_color_2_bk,base_color_2,2,,015173,格清　洋介,,,静　岡,S2,S2,逃,97.70,2,3,3,0,9
II_18ke30tFAZvFi9_0G4GKN357Ime2AKrLEbtpba65n0DJENTKRF8mCiTUk6RZs,20240302,大宮,9,F1,Ｓ級選抜,base_color_3_bk,base_color_3,3,,014792,坂本　周輝,,,青　森,S2,S2,逃,100.70,1,1,4,0,4
II_18ke30tFAZvFi9_0G4GKN357Ime2AKrLEbtpba65n0DJENTKRF8mCiTUk6RZs,20240302,大宮,9,F1,Ｓ級選抜,base_color_4_bk,base_color_4,4,,014071,朝倉　佳弘,,,東　京,S1,S2,追,105.93,0,0,3,3,0
II_18ke30tFAZvFi9_0G4GKN357Ime2AKrLEbtpba65n0DJENTKRF8mCiTUk6RZs,20240302,大宮,9,F1,Ｓ級選抜,base_color_5_bk,base_color_5,5,,014537,西村　光太,,,三　重,S2,S1,追,102.54,0,0,7,2,0
II_18ke30tFAZvFi9_0G4GKN357Ime2AKrLEbtpba65n0DJENTKRF8mCiTUk6RZs,20240302,大宮,9,F1,Ｓ級選抜,base_color_6_bk,base_color_6,6,,013535,平沼　由充,,,福　島,A1,S2,追,93.64,0,0,0,1,0
II_18ke30tFAZvFi9_0G4GKN357Ime2AKrLEbtpba65n0DJENTKRF8mCiTUk6RZs,20240302,大宮,9,F1,Ｓ級選抜,base_color_7_bk,base_color_7,7,,013568,大木　雅也,color_blue,追加,静　岡,A1,S2,追,95.07,0,0,3,1,0
II_18ke30tFAZvFi9_0G4PSJRLMDkA99ztd19CguOxnfw-1Pm6PtA_-10iOjZ9a_,20240302,大宮,10,F1,Ｓ級準決勝,base_color_1_bk,base_color_1,1,,014794,阿部　力也,,,宮　城,S1,S1,追,106.45,0,0,7,0,1
II_18ke30tFAZvFi9_0G4PSJRLMDkA99ztd19CguOxnfw-1Pm6PtA_-10iOjZ9a_,20240302,大宮,10,F1,Ｓ級準決勝,base_color_2_bk,base_color_2,2,,015412,菊池　岳仁,,,長　野,S1,S1,逃,105.32,7,1,0,0,23
II_18ke30tFAZvFi9_0G4PSJRLMDkA99ztd19CguOxnfw-1Pm6PtA_-10iOjZ9a_,20240302,大宮,10,F1,Ｓ級準決勝,base_color_3_bk,base_color_3,3,,014020,松坂　洋平,,,神奈川,S1,S2,両,106.15,0,1,8,1,1
II_18ke30tFAZvFi9_0G4PSJRLMDkA99ztd19CguOxnfw-1Pm6PtA_-10iOjZ9a_,20240302,大宮,10,F1,Ｓ級準決勝,base_color_4_bk,base_color_4,4,,014718,小松崎大地,,,福　島,S1,S1,逃,107.31,2,2,3,0,6
II_18ke30tFAZvFi9_0G4PSJRLMDkA99ztd19CguOxnfw-1Pm6PtA_-10iOjZ9a_,20240302,大宮,10,F1,Ｓ級準決勝,base_color_5_bk,base_color_5,5,,013900,大森　慶一,,,北海道,S1,S1,追,103.72,0,0,1,1,0
II_18ke30tFAZvFi9_0G4PSJRLMDkA99ztd19CguOxnfw-1Pm6PtA_-10iOjZ9a_,20240302,大宮,10,F1,Ｓ級準決勝,base_color_6_bk,base_color_6,6,,013328,萩原　孝之,color_blue,追加,静　岡,S2,S1,追,102.00,0,0,2,0,0
II_18ke30tFAZvFi9_0G4PSJRLMDkA99ztd19CguOxnfw-1Pm6PtA_-10iOjZ9a_,20240302,大宮,10,F1,Ｓ級準決勝,base_color_7_bk,base_color_7,7,,014140,神山　拓弥,,,栃　木,S1,S1,追,108.82,0,0,7,3,0
II_18ke30tFAZvFi9_0G4F8KITMChaw2JlcEf4k3kJmgsEjfm9CDE0g4wtWSWvjL,20240302,大宮,11,F1,Ｓ級準決勝,base_color_1_bk,base_color_1,1,,014239,鈴木　裕,,,千　葉,S1,S1,両,108.38,0,3,4,3,4
II_18ke30tFAZvFi9_0G4F8KITMChaw2JlcEf4k3kJmgsEjfm9CDE0g4wtWSWvjL,20240302,大宮,11,F1,Ｓ級準決勝,base_color_2_bk,base_color_2,2,,015006,石塚輪太郎,,,和歌山,S1,S1,逃,105.25,2,3,0,0,7
II_18ke30tFAZvFi9_0G4F8KITMChaw2JlcEf4k3kJmgsEjfm9CDE0g4wtWSWvjL,20240302,大宮,11,F1,Ｓ級準決勝,base_color_3_bk,base_color_3,3,,014930,杉森　輝大,,,茨　城,S1,S1,両,108.61,0,5,4,1,0
II_18ke30tFAZvFi9_0G4F8KITMChaw2JlcEf4k3kJmgsEjfm9CDE0g4wtWSWvjL,20240302,大宮,11,F1,Ｓ級準決勝,base_color_4_bk,base_color_4,4,,012533,澤田　義和,,,兵　庫,S2,S2,追,100.70,0,0,5,1,0
II_18ke30tFAZvFi9_0G4F8KITMChaw2JlcEf4k3kJmgsEjfm9CDE0g4wtWSWvjL,20240302,大宮,11,F1,Ｓ級準決勝,base_color_5_bk,base_color_5,5,,015169,野口　裕史,color_blue,追加,千　葉,S1,S1,逃,104.06,14,1,0,0,21
II_18ke30tFAZvFi9_0G4F8KITMChaw2JlcEf4k3kJmgsEjfm9CDE0g4wtWSWvjL,20240302,大宮,11,F1,Ｓ級準決勝,base_color_6_bk,base_color_6,6,,015347,武田　亮,,,東　京,S2,S2,逃,98.91,4,0,1,0,11
II_18ke30tFAZvFi9_0G4F8KITMChaw2JlcEf4k3kJmgsEjfm9CDE0g4wtWSWvjL,20240302,大宮,11,F1,Ｓ級準決勝,base_color_7_bk,base_color_7,7,,014249,鷲田　幸司,,,福　井,S2,S2,追,100.26,0,0,5,3,0
II_18ke30tFAZvFi9_0G4IikfkOXjary3cGKddt4IV43FYl0-VE8aN_jM2cOVxLf,20240302,大宮,12,F1,Ｓ級準決勝,base_color_1_bk,base_color_1,1,,014151,宿口　潤平,,,埼　玉,S2,S2,追,101.28,1,0,5,4,1
II_18ke30tFAZvFi9_0G4IikfkOXjary3cGKddt4IV43FYl0-VE8aN_jM2cOVxLf,20240302,大宮,12,F1,Ｓ級準決勝,base_color_2_bk,base_color_2,2,,013878,松岡　健介,,,兵　庫,S1,S2,両,103.84,0,1,5,2,0
II_18ke30tFAZvFi9_0G4IikfkOXjary3cGKddt4IV43FYl0-VE8aN_jM2cOVxLf,20240302,大宮,12,F1,Ｓ級準決勝,base_color_3_bk,base_color_3,3,,013917,成田　和也,,,福　島,S1,S1,追,108.00,0,0,2,3,0
II_18ke30tFAZvFi9_0G4IikfkOXjary3cGKddt4IV43FYl0-VE8aN_jM2cOVxLf,20240302,大宮,12,F1,Ｓ級準決勝,base_color_4_bk,base_color_4,4,,014659,武藤　龍生,color_blue,追加,埼　玉,S1,S1,追,111.72,0,0,8,1,0
II_18ke30tFAZvFi9_0G4IikfkOXjary3cGKddt4IV43FYl0-VE8aN_jM2cOVxLf,20240302,大宮,12,F1,Ｓ級準決勝,base_color_5_bk,base_color_5,5,,015243,小林　泰正,,,群　馬,S2,S1,逃,111.32,3,8,3,0,9
II_18ke30tFAZvFi9_0G4IikfkOXjary3cGKddt4IV43FYl0-VE8aN_jM2cOVxLf,20240302,大宮,12,F1,Ｓ級準決勝,base_color_6_bk,base_color_6,6,,014767,藤井　栄二,,,兵　庫,S2,S2,逃,97.88,4,3,2,0,12
II_18ke30tFAZvFi9_0G4IikfkOXjary3cGKddt4IV43FYl0-VE8aN_jM2cOVxLf,20240302,大宮,12,F1,Ｓ級準決勝,base_color_7_bk,base_color_7,7,,015598,大川　剛,,,青　森,S2,S2,逃,104.23,4,1,0,0,11
4YDG_8c_ujN7jm5c2eSyjXT2wA0EuMHa1GhUlIaE7HSbCBWM91WFyIHucUj6M61k,20240302,名古屋,1,F2,Ｌ級ガールズ予選（第１走）,base_color_1_bk,base_color_1,1,,014963,石井　寛子,,,東　京,L1,L1,両,57.22,0,9,9,0,2
4YDG_8c_ujN7jm5c2eSyjXT2wA0EuMHa1GhUlIaE7HSbCBWM91WFyIHucUj6M61k,20240302,名古屋,1,F2,Ｌ級ガールズ予選（第１走）,base_color_2_bk,base_color_2,2,,015018,高橋　梨香,,,埼　玉,L1,L1,両,54.09,3,3,2,4,4
4YDG_8c_ujN7jm5c2eSyjXT2wA0EuMHa1GhUlIaE7HSbCBWM91WFyIHucUj6M61k,20240302,名古屋,1,F2,Ｌ級ガールズ予選（第１走）,base_color_3_bk,base_color_3,3,,015491,當銘沙恵美,,,愛　知,L1,L1,両,53.00,4,1,2,3,6
4YDG_8c_ujN7jm5c2eSyjXT2wA0EuMHa1GhUlIaE7HSbCBWM91WFyIHucUj6M61k,20240302,名古屋,1,F2,Ｌ級ガールズ予選（第１走）,base_color_4_bk,base_color_4,4,,015490,杉浦　菜留,,,愛　知,L1,L1,両,51.33,0,3,2,1,2
4YDG_8c_ujN7jm5c2eSyjXT2wA0EuMHa1GhUlIaE7HSbCBWM91WFyIHucUj6M61k,20240302,名古屋,1,F2,Ｌ級ガールズ予選（第１走）,base_color_5_bk,base_color_5,5,,015761,吉村美有紀,,,静　岡,L1,L1,両,48.61,0,1,1,1,1
4YDG_8c_ujN7jm5c2eSyjXT2wA0EuMHa1GhUlIaE7HSbCBWM91WFyIHucUj6M61k,20240302,名古屋,1,F2,Ｌ級ガールズ予選（第１走）,base_color_6_bk,base_color_6,6,,015496,布居　光,,,和歌山,L1,L1,両,46.90,2,1,0,1,5
4YDG_8c_ujN7jm5c2eSyjXT2wA0EuMHa1GhUlIaE7HSbCBWM91WFyIHucUj6M61k,20240302,名古屋,1,F2,Ｌ級ガールズ予選（第１走）,base_color_7_bk,base_color_7,7,,014897,岡村　育子,,,埼　玉,L1,L1,両,44.68,0,0,0,0,0
4YDG_8c_ujN7jm5c2eSyjbgDh9rE3EDQdz6me3lrMqzOSYSk__g8EA7cmZU_ivWT,20240302,名古屋,2,F2,Ｌ級ガールズ予選（第１走）,base_color_1_bk,base_color_1,1,,015225,坂口　楓華,,,愛　知,L1,L1,両,57.15,4,13,0,0,15
4YDG_8c_ujN7jm5c2eSyjbgDh9rE3EDQdz6me3lrMqzOSYSk__g8EA7cmZU_ivWT,20240302,名古屋,2,F2,Ｌ級ガールズ予選（第１走）,base_color_2_bk,base_color_2,2,,015493,増田　夕華,,,岐　阜,L1,L1,両,53.23,0,1,4,4,4
4YDG_8c_ujN7jm5c2eSyjbgDh9rE3EDQdz6me3lrMqzOSYSk__g8EA7cmZU_ivWT,20240302,名古屋,2,F2,Ｌ級ガールズ予選（第１走）,base_color_3_bk,base_color_3,3,,014966,田中　まい,,,千　葉,L1,L1,両,53.00,4,1,0,2,3
4YDG_8c_ujN7jm5c2eSyjbgDh9rE3EDQdz6me3lrMqzOSYSk__g8EA7cmZU_ivWT,20240302,名古屋,2,F2,Ｌ級ガールズ予選（第１走）,base_color_4_bk,base_color_4,4,,015675,渡邉　栞奈,,,静　岡,L1,L1,両,49.13,0,0,1,0,0
4YDG_8c_ujN7jm5c2eSyjbgDh9rE3EDQdz6me3lrMqzOSYSk__g8EA7cmZU_ivWT,20240302,名古屋,2,F2,Ｌ級ガールズ予選（第１走）,base_color_5_bk,base_color_5,5,,015489,保立　沙織,,,神奈川,L1,L1,両,48.66,2,0,0,1,4
4YDG_8c_ujN7jm5c2eSyjbgDh9rE3EDQdz6me3lrMqzOSYSk__g8EA7cmZU_ivWT,20240302,名古屋,2,F2,Ｌ級ガールズ予選（第１走）,base_color_6_bk,base_color_6,6,,015393,佐々木　綾,,,福　島,L1,L1,両,48.14,0,0,0,1,2
4YDG_8c_ujN7jm5c2eSyjbgDh9rE3EDQdz6me3lrMqzOSYSk__g8EA7cmZU_ivWT,20240302,名古屋,2,F2,Ｌ級ガールズ予選（第１走）,base_color_7_bk,base_color_7,7,,015759,星野　しほ,,,東　京,L1,L1,両,45.66,0,0,0,0,0
4YDG_8c_ujN7jm5c2eSyjQLiczlIvN1C7-Xd3sE5qaZMKxzG6Th4E0Jgl88zIBDA,20240302,名古屋,3,F2,Ａ級予選,base_color_1_bk,base_color_1,1,,013601,工藤　政志,,,青　森,A1,A1,追,89.54,0,0,7,1,0
4YDG_8c_ujN7jm5c2eSyjQLiczlIvN1C7-Xd3sE5qaZMKxzG6Th4E0Jgl88zIBDA,20240302,名古屋,3,F2,Ａ級予選,base_color_2_bk,base_color_2,2,,014220,山崎　悟,,,茨　城,A1,A1,追,86.58,0,1,3,0,0
4YDG_8c_ujN7jm5c2eSyjQLiczlIvN1C7-Xd3sE5qaZMKxzG6Th4E0Jgl88zIBDA,20240302,名古屋,3,F2,Ａ級予選,base_color_3_bk,base_color_3,3,,013645,川木　敬大,,,兵　庫,A2,A2,追,84.90,0,0,1,3,0
4YDG_8c_ujN7jm5c2eSyjQLiczlIvN1C7-Xd3sE5qaZMKxzG6Th4E0Jgl88zIBDA,20240302,名古屋,3,F2,Ａ級予選,base_color_4_bk,base_color_4,4,,013668,佐々木孝司,,,青　森,A2,A2,逃,84.04,6,1,0,0,9
4YDG_8c_ujN7jm5c2eSyjQLiczlIvN1C7-Xd3sE5qaZMKxzG6Th4E0Jgl88zIBDA,20240302,名古屋,3,F2,Ａ級予選,base_color_5_bk,base_color_5,5,,014755,奥出健士郎,,,福　井,A3,A2,両,80.90,1,6,5,2,2
4YDG_8c_ujN7jm5c2eSyjQLiczlIvN1C7-Xd3sE5qaZMKxzG6Th4E0Jgl88zIBDA,20240302,名古屋,3,F2,Ａ級予選,base_color_6_bk,base_color_6,6,,012290,小西　芳樹,,,大　阪,A2,A2,追,79.16,0,0,0,0,0
4YDG_8c_ujN7jm5c2eSyjQLiczlIvN1C7-Xd3sE5qaZMKxzG6Th4E0Jgl88zIBDA,20240302,名古屋,3,F2,Ａ級予選,base_color_7_bk,base_color_7,7,,012966,石川　英昭,,,静　岡,A2,A2,追,78.19,0,0,1,0,0
4YDG_8c_ujN7jm5c2eSyjbgOuQu9E6jN50M0DjwHpNnWynBFWXPGevVa62UlL5oQ,20240302,名古屋,4,F2,Ａ級予選,base_color_1_bk,base_color_1,1,,013976,明田　春喜,,,北海道,A1,A1,追,87.92,0,0,9,3,0
4YDG_8c_ujN7jm5c2eSyjbgOuQu9E6jN50M0DjwHpNnWynBFWXPGevVa62UlL5oQ,20240302,名古屋,4,F2,Ａ級予選,base_color_2_bk,base_color_2,2,,015237,太田　将成,,,宮　城,A1,A1,逃,86.14,0,8,2,1,0
4YDG_8c_ujN7jm5c2eSyjbgOuQu9E6jN50M0DjwHpNnWynBFWXPGevVa62UlL5oQ,20240302,名古屋,4,F2,Ａ級予選,base_color_3_bk,base_color_3,3,,013263,田中　雅史,,,愛　知,A1,A2,追,84.95,1,1,2,4,1
4YDG_8c_ujN7jm5c2eSyjbgOuQu9E6jN50M0DjwHpNnWynBFWXPGevVa62UlL5oQ,20240302,名古屋,4,F2,Ａ級予選,base_color_4_bk,base_color_4,4,,014402,泉谷　直哉,color_blue,追加,兵　庫,A3,A1,追,83.10,0,1,14,1,0
4YDG_8c_ujN7jm5c2eSyjbgOuQu9E6jN50M0DjwHpNnWynBFWXPGevVa62UlL5oQ,20240302,名古屋,4,F2,Ａ級予選,base_color_5_bk,base_color_5,5,,015265,井田　晶之,color_blue,追加,三　重,A1,A2,逃,82.87,2,1,1,0,12
4YDG_8c_ujN7jm5c2eSyjbgOuQu9E6jN50M0DjwHpNnWynBFWXPGevVa62UlL5oQ,20240302,名古屋,4,F2,Ａ級予選,base_color_6_bk,base_color_6,6,,014678,樋口有樹郎,,,兵　庫,A3,A2,両,76.80,1,1,4,2,2
4YDG_8c_ujN7jm5c2eSyjbgOuQu9E6jN50M0DjwHpNnWynBFWXPGevVa62UlL5oQ,20240302,名古屋,4,F2,Ａ級予選,base_color_7_bk,base_color_7,7,,014027,臼井　昌巨,,,愛　知,A3,A2,両,75.10,4,1,0,1,5
4YDG_8c_ujN7jm5c2eSyjTdwtTM4hxDYvTVwKyPoS_Z_JylsWK9BvsiexLHHmimP,20240302,名古屋,5,F2,Ａ級予選,base_color_1_bk,base_color_1,1,,012963,荻野　哲,,,神奈川,A1,A1,追,87.64,0,0,2,6,0
4YDG_8c_ujN7jm5c2eSyjTdwtTM4hxDYvTVwKyPoS_Z_JylsWK9BvsiexLHHmimP,20240302,名古屋,5,F2,Ａ級予選,base_color_2_bk,base_color_2,2,,015635,藤岡　徹也,,,兵　庫,A2,A2,逃,86.53,1,2,2,1,3
4YDG_8c_ujN7jm5c2eSyjTdwtTM4hxDYvTVwKyPoS_Z_JylsWK9BvsiexLHHmimP,20240302,名古屋,5,F2,Ａ級予選,base_color_3_bk,base_color_3,3,,014091,伊原　弘幸,,,福　井,A1,A1,追,86.15,0,0,2,3,0
4YDG_8c_ujN7jm5c2eSyjTdwtTM4hxDYvTVwKyPoS_Z_JylsWK9BvsiexLHHmimP,20240302,名古屋,5,F2,Ａ級予選,base_color_4_bk,base_color_4,4,,012646,大澤　裕之,,,埼　玉,A3,A2,追,83.83,0,0,0,0,0
4YDG_8c_ujN7jm5c2eSyjTdwtTM4hxDYvTVwKyPoS_Z_JylsWK9BvsiexLHHmimP,20240302,名古屋,5,F2,Ａ級予選,base_color_5_bk,base_color_5,5,,013110,法月　成祐,,,神奈川,A2,A2,追,83.77,0,0,2,2,0
4YDG_8c_ujN7jm5c2eSyjTdwtTM4hxDYvTVwKyPoS_Z_JylsWK9BvsiexLHHmimP,20240302,名古屋,5,F2,Ａ級予選,base_color_6_bk,base_color_6,6,,014243,齊藤　健人,color_blue,追加,静　岡,A2,A2,両,81.84,2,1,1,0,14
4YDG_8c_ujN7jm5c2eSyjTdwtTM4hxDYvTVwKyPoS_Z_JylsWK9BvsiexLHHmimP,20240302,名古屋,5,F2,Ａ級予選,base_color_7_bk,base_color_7,7,,013989,大泉　英則,,,宮　城,A2,A2,追,79.96,0,0,2,2,0
4YDG_8c_ujN7jm5c2eSyjWdvGSf2XIysMhqNUsr-sE8AvujBYUSY_bI7hE-A7Rvs,20240302,名古屋,6,F2,Ａ級予選,base_color_1_bk,base_color_1,1,,013121,山田　晃久,,,石　川,A1,A1,追,90.76,0,0,7,1,0
4YDG_8c_ujN7jm5c2eSyjWdvGSf2XIysMhqNUsr-sE8AvujBYUSY_bI7hE-A7Rvs,20240302,名古屋,6,F2,Ａ級予選,base_color_2_bk,base_color_2,2,,014980,田原　宥明,,,北海道,A2,A1,両,84.00,0,3,2,1,4
4YDG_8c_ujN7jm5c2eSyjWdvGSf2XIysMhqNUsr-sE8AvujBYUSY_bI7hE-A7Rvs,20240302,名古屋,6,F2,Ａ級予選,base_color_3_bk,base_color_3,3,,013826,田原　大広,,,北海道,A2,A2,両,83.05,0,0,2,3,0
4YDG_8c_ujN7jm5c2eSyjWdvGSf2XIysMhqNUsr-sE8AvujBYUSY_bI7hE-A7Rvs,20240302,名古屋,6,F2,Ａ級予選,base_color_4_bk,base_color_4,4,,015112,日浦　崇道,,,和歌山,A3,A2,逃,83.00,6,2,0,2,8
4YDG_8c_ujN7jm5c2eSyjWdvGSf2XIysMhqNUsr-sE8AvujBYUSY_bI7hE-A7Rvs,20240302,名古屋,6,F2,Ａ級予選,base_color_5_bk,base_color_5,5,,014934,渋谷　錬,,,神奈川,A1,A2,追,80.08,0,0,0,0,0
4YDG_8c_ujN7jm5c2eSyjWdvGSf2XIysMhqNUsr-sE8AvujBYUSY_bI7hE-A7Rvs,20240302,名古屋,6,F2,Ａ級予選,base_color_6_bk,base_color_6,6,,011803,植田　誠,,,静　岡,A3,A2,追,77.39,0,0,0,2,0
4YDG_8c_ujN7jm5c2eSyjWdvGSf2XIysMhqNUsr-sE8AvujBYUSY_bI7hE-A7Rvs,20240302,名古屋,6,F2,Ａ級予選,base_color_7_bk,base_color_7,7,,013331,橋本　大祐,,,岐　阜,A3,A2,追,75.85,0,2,1,1,2
4YDG_8c_ujN7jm5c2eSyjUEJB1NE-KJhZK68eUL6v-fK0n-GnpNjbs5vpfd79Udw,20240302,名古屋,7,F2,Ａ級予選,base_color_1_bk,base_color_1,1,,012747,布居　寛幸,,,和歌山,A1,A1,追,89.28,0,1,7,1,1
4YDG_8c_ujN7jm5c2eSyjUEJB1NE-KJhZK68eUL6v-fK0n-GnpNjbs5vpfd79Udw,20240302,名古屋,7,F2,Ａ級予選,base_color_2_bk,base_color_2,2,,015007,岸川　哲也,,,大　阪,A1,A1,両,87.83,1,4,1,1,4
4YDG_8c_ujN7jm5c2eSyjUEJB1NE-KJhZK68eUL6v-fK0n-GnpNjbs5vpfd79Udw,20240302,名古屋,7,F2,Ａ級予選,base_color_3_bk,base_color_3,3,,013246,山崎　充央,,,東　京,A1,A1,追,83.33,0,0,1,0,0
4YDG_8c_ujN7jm5c2eSyjUEJB1NE-KJhZK68eUL6v-fK0n-GnpNjbs5vpfd79Udw,20240302,名古屋,7,F2,Ａ級予選,base_color_4_bk,base_color_4,4,,014061,塚本　和宏,,,栃　木,A2,A2,追,82.83,0,0,1,1,0
4YDG_8c_ujN7jm5c2eSyjUEJB1NE-KJhZK68eUL6v-fK0n-GnpNjbs5vpfd79Udw,20240302,名古屋,7,F2,Ａ級予選,base_color_5_bk,base_color_5,5,,015177,森川　康輔,,,岐　阜,A1,A1,逃,82.33,1,4,1,0,1
4YDG_8c_ujN7jm5c2eSyjUEJB1NE-KJhZK68eUL6v-fK0n-GnpNjbs5vpfd79Udw,20240302,名古屋,7,F2,Ａ級予選,base_color_6_bk,base_color_6,6,,014596,中村　賢二,color_blue,追加,愛　知,A2,A2,両,80.48,0,0,2,3,0
4YDG_8c_ujN7jm5c2eSyjUEJB1NE-KJhZK68eUL6v-fK0n-GnpNjbs5vpfd79Udw,20240302,名古屋,7,F2,Ａ級予選,base_color_7_bk,base_color_7,7,,011821,中川　博文,color_blue,追加,福　井,A2,A2,追,77.85,0,0,0,0,0
4YDG_8c_ujN7jm5c2eSyjbOKAW5nGMaTkqAmq3_0biDT5_p8gGAyaM7sf6KxqOle,20240302,名古屋,8,F2,Ａ級予選,base_color_1_bk,base_color_1,1,,013616,渡邉　高志,,,栃　木,A1,A1,追,86.83,2,0,4,2,2
4YDG_8c_ujN7jm5c2eSyjbOKAW5nGMaTkqAmq3_0biDT5_p8gGAyaM7sf6KxqOle,20240302,名古屋,8,F2,Ａ級予選,base_color_2_bk,base_color_2,2,,013042,渡邊　健,,,愛　知,A2,A1,追,86.66,0,0,3,0,0
4YDG_8c_ujN7jm5c2eSyjbOKAW5nGMaTkqAmq3_0biDT5_p8gGAyaM7sf6KxqOle,20240302,名古屋,8,F2,Ａ級予選,base_color_3_bk,base_color_3,3,,014869,泉谷　元樹,,,愛　知,A3,A1,逃,84.91,8,3,2,0,18
4YDG_8c_ujN7jm5c2eSyjbOKAW5nGMaTkqAmq3_0biDT5_p8gGAyaM7sf6KxqOle,20240302,名古屋,8,F2,Ａ級予選,base_color_4_bk,base_color_4,4,,014316,山崎　光展,,,京　都,A1,A1,両,84.69,0,4,0,2,2
4YDG_8c_ujN7jm5c2eSyjbOKAW5nGMaTkqAmq3_0biDT5_p8gGAyaM7sf6KxqOle,20240302,名古屋,8,F2,Ａ級予選,base_color_5_bk,base_color_5,5,,013957,堂村　知哉,,,福　井,A2,A2,追,81.85,0,0,1,4,0
4YDG_8c_ujN7jm5c2eSyjbOKAW5nGMaTkqAmq3_0biDT5_p8gGAyaM7sf6KxqOle,20240302,名古屋,8,F2,Ａ級予選,base_color_6_bk,base_color_6,6,,015257,舟山　佑京,,,新　潟,A2,A2,逃,81.42,3,2,1,0,9
4YDG_8c_ujN7jm5c2eSyjbOKAW5nGMaTkqAmq3_0biDT5_p8gGAyaM7sf6KxqOle,20240302,名古屋,8,F2,Ａ級予選,base_color_7_bk,base_color_7,7,,010900,三浦　靖,,,岐　阜,A2,A2,追,81.13,0,0,0,0,0
4YDG_8c_ujN7jm5c2eSyjUFjw_3x7xuCyC_RJVTl3qr5leF-1XED8alKKPpZ-IC5,20240302,名古屋,9,F2,Ａ級初日特選,base_color_1_bk,base_color_1,1,,015250,今井　聡,,,東　京,S2,A1,両,94.45,0,0,1,0,0
4YDG_8c_ujN7jm5c2eSyjUFjw_3x7xuCyC_RJVTl3qr5leF-1XED8alKKPpZ-IC5,20240302,名古屋,9,F2,Ａ級初日特選,base_color_2_bk,base_color_2,2,,015540,徳田　匠,,,京　都,A1,A1,逃,94.00,9,2,1,1,10
4YDG_8c_ujN7jm5c2eSyjUFjw_3x7xuCyC_RJVTl3qr5leF-1XED8alKKPpZ-IC5,20240302,名古屋,9,F2,Ａ級初日特選,base_color_3_bk,base_color_3,3,,014457,北野　良栄,,,愛　知,A1,A1,両,92.16,1,2,5,2,5
4YDG_8c_ujN7jm5c2eSyjUFjw_3x7xuCyC_RJVTl3qr5leF-1XED8alKKPpZ-IC5,20240302,名古屋,9,F2,Ａ級初日特選,base_color_4_bk,base_color_4,4,,013775,鈴木　良太,,,静　岡,S2,A1,追,91.72,0,0,2,5,0
4YDG_8c_ujN7jm5c2eSyjUFjw_3x7xuCyC_RJVTl3qr5leF-1XED8alKKPpZ-IC5,20240302,名古屋,9,F2,Ａ級初日特選,base_color_5_bk,base_color_5,5,,014460,矢口　大樹,,,千　葉,S2,A1,逃,91.11,3,3,0,0,6
4YDG_8c_ujN7jm5c2eSyjUFjw_3x7xuCyC_RJVTl3qr5leF-1XED8alKKPpZ-IC5,20240302,名古屋,9,F2,Ａ級初日特選,base_color_6_bk,base_color_6,6,,014176,笹倉　慎也,,,富　山,S2,A1,追,90.94,0,0,3,1,0
4YDG_8c_ujN7jm5c2eSyjUFjw_3x7xuCyC_RJVTl3qr5leF-1XED8alKKPpZ-IC5,20240302,名古屋,9,F2,Ａ級初日特選,base_color_7_bk,base_color_7,7,,013551,女屋　文伸,,,埼　玉,A1,A1,追,90.77,0,1,3,0,0
qW-ZPX5Na0y9CaoMyhsv48DP72jKZKcCPLfoDXPoblqB8MZ9aB38ER1SFguzWsCN,20240302,岐阜,1,F2,Ａ級チャレンジ一般,base_color_1_bk,base_color_1,1,,014101,永橋　武司,,,大　阪,A3,A3,両,67.11,0,2,0,0,1
qW-ZPX5Na0y9CaoMyhsv48DP72jKZKcCPLfoDXPoblqB8MZ9aB38ER1SFguzWsCN,20240302,岐阜,1,F2,Ａ級チャレンジ一般,base_color_2_bk,base_color_2,2,,012074,板羽　俊一,,,埼　玉,A3,A3,追,68.58,0,0,1,0,0
qW-ZPX5Na0y9CaoMyhsv48DP72jKZKcCPLfoDXPoblqB8MZ9aB38ER1SFguzWsCN,20240302,岐阜,1,F2,Ａ級チャレンジ一般,base_color_3_bk,base_color_3,3,,013415,山崎　明寛,,,千　葉,A3,A3,追,70.05,0,0,0,2,0
qW-ZPX5Na0y9CaoMyhsv48DP72jKZKcCPLfoDXPoblqB8MZ9aB38ER1SFguzWsCN,20240302,岐阜,1,F2,Ａ級チャレンジ一般,base_color_4_bk,base_color_4,4,,015164,菱沼　元樹,,,埼　玉,A3,A3,逃,69.30,12,0,1,0,18
qW-ZPX5Na0y9CaoMyhsv48DP72jKZKcCPLfoDXPoblqB8MZ9aB38ER1SFguzWsCN,20240302,岐阜,1,F2,Ａ級チャレンジ一般,base_color_5_bk,base_color_5,5,,013830,田崎良太郎,,,福　島,A3,A3,追,70.80,0,0,4,3,0
qW-ZPX5Na0y9CaoMyhsv48DP72jKZKcCPLfoDXPoblqB8MZ9aB38ER1SFguzWsCN,20240302,岐阜,1,F2,Ａ級チャレンジ一般,base_color_6_bk,base_color_6,6,,012514,海野　敦男,,,静　岡,A2,A3,追,67.83,0,0,0,0,0
qW-ZPX5Na0y9CaoMyhsv4_cWhiwlNodP8AOPU6UDO9hFpKW5NgiGsvkSiPRS5kzK,20240302,岐阜,2,F2,Ａ級チャレンジ一般,base_color_1_bk,base_color_1,1,,011792,木下　章,color_blue,追加,長　野,A3,A3,両,70.26,0,0,2,2,0
qW-ZPX5Na0y9CaoMyhsv4_cWhiwlNodP8AOPU6UDO9hFpKW5NgiGsvkSiPRS5kzK,20240302,岐阜,2,F2,Ａ級チャレンジ一般,base_color_2_bk,base_color_2,2,,011599,和泉田喜一,,,千　葉,A3,A3,追,70.74,0,0,8,1,0
qW-ZPX5Na0y9CaoMyhsv4_cWhiwlNodP8AOPU6UDO9hFpKW5NgiGsvkSiPRS5kzK,20240302,岐阜,2,F2,Ａ級チャレンジ一般,base_color_3_bk,base_color_3,3,,014529,片山　大輔,,,静　岡,A3,A3,追,69.16,0,0,2,1,0
qW-ZPX5Na0y9CaoMyhsv4_cWhiwlNodP8AOPU6UDO9hFpKW5NgiGsvkSiPRS5kzK,20240302,岐阜,2,F2,Ａ級チャレンジ一般,base_color_4_bk,base_color_4,4,,014661,駒井　大輔,,,東　京,A3,A3,両,69.00,4,2,3,0,4
qW-ZPX5Na0y9CaoMyhsv4_cWhiwlNodP8AOPU6UDO9hFpKW5NgiGsvkSiPRS5kzK,20240302,岐阜,2,F2,Ａ級チャレンジ一般,base_color_5_bk,base_color_5,5,,014381,吉澤　賢,,,千　葉,A3,A3,追,68.62,0,0,2,1,0
qW-ZPX5Na0y9CaoMyhsv4_cWhiwlNodP8AOPU6UDO9hFpKW5NgiGsvkSiPRS5kzK,20240302,岐阜,2,F2,Ａ級チャレンジ一般,base_color_6_bk,base_color_6,6,,014667,藤本　龍也,,,長　野,A3,A3,両,68.93,4,0,1,0,7
qW-ZPX5Na0y9CaoMyhsv407eDk2EPGv1CR1Rvr0lxAmS90B1701WNut0EMCBVUQI,20240302,岐阜,3,F2,Ａ級チャレンジ準決勝,base_color_1_bk,base_color_1,1,,015710,鈴木　康平,,,静　岡,A3,A3,逃,73.04,7,2,0,1,9
qW-ZPX5Na0y9CaoMyhsv407eDk2EPGv1CR1Rvr0lxAmS90B1701WNut0EMCBVUQI,20240302,岐阜,3,F2,Ａ級チャレンジ準決勝,base_color_2_bk,base_color_2,2,,013684,吉橋　秀城,,,埼　玉,A3,A3,追,68.18,0,0,2,0,0
qW-ZPX5Na0y9CaoMyhsv407eDk2EPGv1CR1Rvr0lxAmS90B1701WNut0EMCBVUQI,20240302,岐阜,3,F2,Ａ級チャレンジ準決勝,base_color_3_bk,base_color_3,3,,014798,三浦平志郎,,,秋　田,A3,A3,逃,67.80,1,2,0,0,5
qW-ZPX5Na0y9CaoMyhsv407eDk2EPGv1CR1Rvr0lxAmS90B1701WNut0EMCBVUQI,20240302,岐阜,3,F2,Ａ級チャレンジ準決勝,base_color_4_bk,base_color_4,4,,011875,神田　宏行,,,埼　玉,A3,A3,追,70.31,0,0,2,1,0
qW-ZPX5Na0y9CaoMyhsv407eDk2EPGv1CR1Rvr0lxAmS90B1701WNut0EMCBVUQI,20240302,岐阜,3,F2,Ａ級チャレンジ準決勝,base_color_5_bk,base_color_5,5,,015612,小榑　佑弥,color_blue,追加,新　潟,A3,A3,逃,77.66,1,8,3,3,3
qW-ZPX5Na0y9CaoMyhsv407eDk2EPGv1CR1Rvr0lxAmS90B1701WNut0EMCBVUQI,20240302,岐阜,3,F2,Ａ級チャレンジ準決勝,base_color_6_bk,base_color_6,6,,013161,齋藤　和也,,,福　島,A3,A3,追,66.70,3,1,1,1,4
qW-ZPX5Na0y9CaoMyhsv407eDk2EPGv1CR1Rvr0lxAmS90B1701WNut0EMCBVUQI,20240302,岐阜,3,F2,Ａ級チャレンジ準決勝,base_color_7_bk,base_color_7,7,,014739,里見　恒平,,,千　葉,A2,A3,逃,74.41,0,3,2,4,0
qW-ZPX5Na0y9CaoMyhsv4xuinxZ3wvvTTsoqI99uuZ0c07w2Zt8K61YyJhpbLq_r,20240302,岐阜,4,F2,Ａ級チャレンジ準決勝,base_color_1_bk,base_color_1,1,,015623,野崎　翼,color_blue,追加,岐　阜,A2,A3,逃,79.48,5,5,5,1,10
qW-ZPX5Na0y9CaoMyhsv4xuinxZ3wvvTTsoqI99uuZ0c07w2Zt8K61YyJhpbLq_r,20240302,岐阜,4,F2,Ａ級チャレンジ準決勝,base_color_2_bk,base_color_2,2,,012957,宮澤　晃,,,山　梨,A3,A3,追,71.58,0,0,4,1,0
qW-ZPX5Na0y9CaoMyhsv4xuinxZ3wvvTTsoqI99uuZ0c07w2Zt8K61YyJhpbLq_r,20240302,岐阜,4,F2,Ａ級チャレンジ準決勝,base_color_3_bk,base_color_3,3,,014651,須永　勝太,,,福　島,A3,A3,逃,73.11,4,1,2,2,6
qW-ZPX5Na0y9CaoMyhsv4xuinxZ3wvvTTsoqI99uuZ0c07w2Zt8K61YyJhpbLq_r,20240302,岐阜,4,F2,Ａ級チャレンジ準決勝,base_color_4_bk,base_color_4,4,,013272,古田　義明,,,三　重,A3,A3,追,70.95,0,0,1,1,0
qW-ZPX5Na0y9CaoMyhsv4xuinxZ3wvvTTsoqI99uuZ0c07w2Zt8K61YyJhpbLq_r,20240302,岐阜,4,F2,Ａ級チャレンジ準決勝,base_color_5_bk,base_color_5,5,,013526,三澤　勝成,,,宮　城,A3,A3,追,70.25,0,0,5,1,0
qW-ZPX5Na0y9CaoMyhsv4xuinxZ3wvvTTsoqI99uuZ0c07w2Zt8K61YyJhpbLq_r,20240302,岐阜,4,F2,Ａ級チャレンジ準決勝,base_color_6_bk,base_color_6,6,,012827,光岡　義洋,,,愛　知,A3,A3,追,70.11,0,0,0,0,0
qW-ZPX5Na0y9CaoMyhsv4xuinxZ3wvvTTsoqI99uuZ0c07w2Zt8K61YyJhpbLq_r,20240302,岐阜,4,F2,Ａ級チャレンジ準決勝,base_color_7_bk,base_color_7,7,,014666,等々力久就,color_blue,追加,長　野,A2,A3,逃,75.06,7,5,0,1,12
qW-ZPX5Na0y9CaoMyhsv4-dBs-Pc0o445Wv7v5cDgcG0Vy2qmNTPlFkmjPyJeel4,20240302,岐阜,5,F2,Ａ級チャレンジ準決勝,base_color_1_bk,base_color_1,1,,015085,奈良　基,,,宮　城,A3,A3,両,70.38,2,1,1,2,2
qW-ZPX5Na0y9CaoMyhsv4-dBs-Pc0o445Wv7v5cDgcG0Vy2qmNTPlFkmjPyJeel4,20240302,岐阜,5,F2,Ａ級チャレンジ準決勝,base_color_2_bk,base_color_2,2,,015719,出口謙一郎,,,岐　阜,A3,A3,逃,78.60,7,3,2,0,7
qW-ZPX5Na0y9CaoMyhsv4-dBs-Pc0o445Wv7v5cDgcG0Vy2qmNTPlFkmjPyJeel4,20240302,岐阜,5,F2,Ａ級チャレンジ準決勝,base_color_3_bk,base_color_3,3,,011142,小林　宏年,,,静　岡,A3,A3,追,67.50,0,0,3,3,0
qW-ZPX5Na0y9CaoMyhsv4-dBs-Pc0o445Wv7v5cDgcG0Vy2qmNTPlFkmjPyJeel4,20240302,岐阜,5,F2,Ａ級チャレンジ準決勝,base_color_4_bk,base_color_4,4,,011367,石川　一浩,,,静　岡,A3,A3,追,69.42,0,0,3,1,0
qW-ZPX5Na0y9CaoMyhsv4-dBs-Pc0o445Wv7v5cDgcG0Vy2qmNTPlFkmjPyJeel4,20240302,岐阜,5,F2,Ａ級チャレンジ準決勝,base_color_5_bk,base_color_5,5,,013781,服部　正継,,,岐　阜,A2,A3,追,75.65,0,0,2,9,0
qW-ZPX5Na0y9CaoMyhsv4-dBs-Pc0o445Wv7v5cDgcG0Vy2qmNTPlFkmjPyJeel4,20240302,岐阜,5,F2,Ａ級チャレンジ準決勝,base_color_6_bk,base_color_6,6,,013573,高野　輝彰,,,愛　知,A3,A3,追,67.33,0,1,0,1,0
qW-ZPX5Na0y9CaoMyhsv4-dBs-Pc0o445Wv7v5cDgcG0Vy2qmNTPlFkmjPyJeel4,20240302,岐阜,5,F2,Ａ級チャレンジ準決勝,base_color_7_bk,base_color_7,7,,014644,高橋　明久,,,宮　城,A3,A3,逃,73.61,3,3,2,1,5
qW-ZPX5Na0y9CaoMyhsv4yKk2A5sFUFeEPQKVSnkW8FifbUvTzdYA_EaY1aZqycK,20240302,岐阜,6,F2,Ｌ級ガールズ予選（第２走）,base_color_1_bk,base_color_1,1,,014895,荒牧　聖未,,,栃　木,L1,L1,両,56.52,0,5,10,2,3
qW-ZPX5Na0y9CaoMyhsv4yKk2A5sFUFeEPQKVSnkW8FifbUvTzdYA_EaY1aZqycK,20240302,岐阜,6,F2,Ｌ級ガールズ予選（第２走）,base_color_2_bk,base_color_2,2,,015573,蛯原　杏奈,,,北海道,L1,L1,両,49.70,0,0,1,4,0
qW-ZPX5Na0y9CaoMyhsv4yKk2A5sFUFeEPQKVSnkW8FifbUvTzdYA_EaY1aZqycK,20240302,岐阜,6,F2,Ｌ級ガールズ予選（第２走）,base_color_3_bk,base_color_3,3,,015764,宇野　紅音,,,岐　阜,L1,L1,両,52.09,0,2,1,1,1
qW-ZPX5Na0y9CaoMyhsv4yKk2A5sFUFeEPQKVSnkW8FifbUvTzdYA_EaY1aZqycK,20240302,岐阜,6,F2,Ｌ級ガールズ予選（第２走）,base_color_4_bk,base_color_4,4,,015673,塩田　日海,,,神奈川,L1,L1,両,48.70,0,2,0,1,0
qW-ZPX5Na0y9CaoMyhsv4yKk2A5sFUFeEPQKVSnkW8FifbUvTzdYA_EaY1aZqycK,20240302,岐阜,6,F2,Ｌ級ガールズ予選（第２走）,base_color_5_bk,base_color_5,5,,015396,神澤　瑛菜,,,群　馬,L1,L1,両,45.00,0,0,0,0,0
qW-ZPX5Na0y9CaoMyhsv4yKk2A5sFUFeEPQKVSnkW8FifbUvTzdYA_EaY1aZqycK,20240302,岐阜,6,F2,Ｌ級ガールズ予選（第２走）,base_color_6_bk,base_color_6,6,,015758,熊谷　碩子,,,東　京,L1,L1,両,47.00,0,1,0,1,0
qW-ZPX5Na0y9CaoMyhsv4yKk2A5sFUFeEPQKVSnkW8FifbUvTzdYA_EaY1aZqycK,20240302,岐阜,6,F2,Ｌ級ガールズ予選（第２走）,base_color_7_bk,base_color_7,7,,015401,清水　彩那,,,静　岡,L1,L1,両,48.91,1,1,1,0,4
qW-ZPX5Na0y9CaoMyhsv49_nwdn-0Ha2h2s-MO3ahrSRDASXg59zFW_JZAH-im06,20240302,岐阜,7,F2,Ｌ級ガールズ予選（第２走）,base_color_1_bk,base_color_1,1,,015308,當銘　直美,color_blue,追加,愛　知,L1,L1,両,55.52,2,2,5,4,4
qW-ZPX5Na0y9CaoMyhsv49_nwdn-0Ha2h2s-MO3ahrSRDASXg59zFW_JZAH-im06,20240302,岐阜,7,F2,Ｌ級ガールズ予選（第２走）,base_color_2_bk,base_color_2,2,,015763,山口　優依,,,愛　知,L1,L1,両,49.05,0,0,0,2,3
qW-ZPX5Na0y9CaoMyhsv49_nwdn-0Ha2h2s-MO3ahrSRDASXg59zFW_JZAH-im06,20240302,岐阜,7,F2,Ｌ級ガールズ予選（第２走）,base_color_3_bk,base_color_3,3,,015760,五味田奈穂,,,千　葉,L1,L1,両,49.72,4,1,0,0,9
qW-ZPX5Na0y9CaoMyhsv49_nwdn-0Ha2h2s-MO3ahrSRDASXg59zFW_JZAH-im06,20240302,岐阜,7,F2,Ｌ級ガールズ予選（第２走）,base_color_4_bk,base_color_4,4,,015309,黒沢　夢姫,,,埼　玉,L1,L1,両,48.46,0,0,0,1,0
qW-ZPX5Na0y9CaoMyhsv49_nwdn-0Ha2h2s-MO3ahrSRDASXg59zFW_JZAH-im06,20240302,岐阜,7,F2,Ｌ級ガールズ予選（第２走）,base_color_5_bk,base_color_5,5,,015145,大谷　杏奈,,,大　阪,L1,L1,両,46.50,0,0,0,0,0
qW-ZPX5Na0y9CaoMyhsv49_nwdn-0Ha2h2s-MO3ahrSRDASXg59zFW_JZAH-im06,20240302,岐阜,7,F2,Ｌ級ガールズ予選（第２走）,base_color_6_bk,base_color_6,6,,015587,吉川　美穂,,,和歌山,L1,L1,両,54.88,0,2,7,1,1
qW-ZPX5Na0y9CaoMyhsv49_nwdn-0Ha2h2s-MO3ahrSRDASXg59zFW_JZAH-im06,20240302,岐阜,7,F2,Ｌ級ガールズ予選（第２走）,base_color_7_bk,base_color_7,7,,015226,成田可菜絵,color_blue,補充,大　阪,L1,L1,両,49.13,1,0,2,2,1
qW-ZPX5Na0y9CaoMyhsv4-E0mqXs_EbGG9SCaBmMPLH1MaqgbI617jDsXL24OV6W,20240302,岐阜,8,F2,Ａ級特一般,base_color_1_bk,base_color_1,1,,014064,吉松　賢二,color_blue,追加,群　馬,A2,A2,両,79.75,1,1,2,0,5
qW-ZPX5Na0y9CaoMyhsv4-E0mqXs_EbGG9SCaBmMPLH1MaqgbI617jDsXL24OV6W,20240302,岐阜,8,F2,Ａ級特一般,base_color_2_bk,base_color_2,2,,012970,山内　大作,,,静　岡,A1,A2,追,88.61,0,0,1,3,0
qW-ZPX5Na0y9CaoMyhsv4-E0mqXs_EbGG9SCaBmMPLH1MaqgbI617jDsXL24OV6W,20240302,岐阜,8,F2,Ａ級特一般,base_color_3_bk,base_color_3,3,,012529,木本　賢二,,,大　阪,A2,A2,追,85.44,0,0,0,3,0
qW-ZPX5Na0y9CaoMyhsv4-E0mqXs_EbGG9SCaBmMPLH1MaqgbI617jDsXL24OV6W,20240302,岐阜,8,F2,Ａ級特一般,base_color_4_bk,base_color_4,4,,013382,成田　直喜,,,青　森,A1,A1,追,84.81,0,0,4,5,0
qW-ZPX5Na0y9CaoMyhsv4-E0mqXs_EbGG9SCaBmMPLH1MaqgbI617jDsXL24OV6W,20240302,岐阜,8,F2,Ａ級特一般,base_color_5_bk,base_color_5,5,,014737,河上　陽一,,,千　葉,A2,A2,両,80.13,0,2,0,1,0
qW-ZPX5Na0y9CaoMyhsv4-E0mqXs_EbGG9SCaBmMPLH1MaqgbI617jDsXL24OV6W,20240302,岐阜,8,F2,Ａ級特一般,base_color_6_bk,base_color_6,6,,014483,竜門　孝宗,,,兵　庫,A3,A2,追,75.71,0,0,1,0,1
qW-ZPX5Na0y9CaoMyhsv4-E0mqXs_EbGG9SCaBmMPLH1MaqgbI617jDsXL24OV6W,20240302,岐阜,8,F2,Ａ級特一般,base_color_7_bk,base_color_7,7,,013179,飯島　淳,,,東　京,A2,A2,追,82.83,0,0,2,3,0
qW-ZPX5Na0y9CaoMyhsv44B2uYyIJrhxmOXI5xwqt-vygsEdUPM3Two1OIvem9H4,20240302,岐阜,9,F2,Ａ級特一般,base_color_1_bk,base_color_1,1,,012681,辻　力,,,石　川,A2,A2,追,83.90,0,1,4,1,0
qW-ZPX5Na0y9CaoMyhsv44B2uYyIJrhxmOXI5xwqt-vygsEdUPM3Two1OIvem9H4,20240302,岐阜,9,F2,Ａ級特一般,base_color_2_bk,base_color_2,2,,013417,梅原　大治,,,静　岡,A2,A2,追,82.66,0,0,2,3,0
qW-ZPX5Na0y9CaoMyhsv44B2uYyIJrhxmOXI5xwqt-vygsEdUPM3Two1OIvem9H4,20240302,岐阜,9,F2,Ａ級特一般,base_color_3_bk,base_color_3,3,,013461,市川　健太,,,東　京,A2,A2,両,81.52,1,3,0,0,5
qW-ZPX5Na0y9CaoMyhsv44B2uYyIJrhxmOXI5xwqt-vygsEdUPM3Two1OIvem9H4,20240302,岐阜,9,F2,Ａ級特一般,base_color_4_bk,base_color_4,4,,012197,奥山　雅士,,,静　岡,A3,A2,追,78.66,0,0,3,1,0
qW-ZPX5Na0y9CaoMyhsv44B2uYyIJrhxmOXI5xwqt-vygsEdUPM3Two1OIvem9H4,20240302,岐阜,9,F2,Ａ級特一般,base_color_5_bk,base_color_5,5,,011341,黒崎　直行,,,栃　木,A2,A2,追,80.66,0,0,2,1,0
qW-ZPX5Na0y9CaoMyhsv44B2uYyIJrhxmOXI5xwqt-vygsEdUPM3Two1OIvem9H4,20240302,岐阜,9,F2,Ａ級特一般,base_color_6_bk,base_color_6,6,,012496,中村　淳,,,栃　木,A3,A2,追,75.20,0,0,2,0,0
qW-ZPX5Na0y9CaoMyhsv44B2uYyIJrhxmOXI5xwqt-vygsEdUPM3Two1OIvem9H4,20240302,岐阜,9,F2,Ａ級特一般,base_color_7_bk,base_color_7,7,,013270,中川　貴史,,,三　重,A1,A1,追,87.13,0,0,3,2,0
qW-ZPX5Na0y9CaoMyhsv48_Uc8XRTnoXv_IRnjTyaziFYR2ZJ0wqIhePAu6F1Htf,20240302,岐阜,10,F2,Ａ級準決勝,base_color_1_bk,base_color_1,1,,014600,山田　祥明,,,岐　阜,A1,A1,追,90.57,0,0,5,2,0
qW-ZPX5Na0y9CaoMyhsv48_Uc8XRTnoXv_IRnjTyaziFYR2ZJ0wqIhePAu6F1Htf,20240302,岐阜,10,F2,Ａ級準決勝,base_color_2_bk,base_color_2,2,,013209,奥谷　広巳,,,兵　庫,A1,A1,追,87.76,0,0,4,1,0
qW-ZPX5Na0y9CaoMyhsv48_Uc8XRTnoXv_IRnjTyaziFYR2ZJ0wqIhePAu6F1Htf,20240302,岐阜,10,F2,Ａ級準決勝,base_color_3_bk,base_color_3,3,,015157,高橋　大輝,,,秋　田,A2,A2,両,86.45,0,3,3,0,4
qW-ZPX5Na0y9CaoMyhsv48_Uc8XRTnoXv_IRnjTyaziFYR2ZJ0wqIhePAu6F1Htf,20240302,岐阜,10,F2,Ａ級準決勝,base_color_4_bk,base_color_4,4,,012678,舛井　幹雄,,,三　重,A1,A1,追,85.61,0,0,6,2,0
qW-ZPX5Na0y9CaoMyhsv48_Uc8XRTnoXv_IRnjTyaziFYR2ZJ0wqIhePAu6F1Htf,20240302,岐阜,10,F2,Ａ級準決勝,base_color_5_bk,base_color_5,5,,015171,出澤　拓也,,,神奈川,A1,A1,追,90.46,0,0,2,1,0
qW-ZPX5Na0y9CaoMyhsv48_Uc8XRTnoXv_IRnjTyaziFYR2ZJ0wqIhePAu6F1Htf,20240302,岐阜,10,F2,Ａ級準決勝,base_color_6_bk,base_color_6,6,,015188,浜田　翔平,,,大　阪,A3,A2,逃,77.45,0,3,2,0,7
qW-ZPX5Na0y9CaoMyhsv48_Uc8XRTnoXv_IRnjTyaziFYR2ZJ0wqIhePAu6F1Htf,20240302,岐阜,10,F2,Ａ級準決勝,base_color_7_bk,base_color_7,7,,014026,高橋　成英,,,愛　知,A1,A1,両,91.36,5,1,4,0,11
qW-ZPX5Na0y9CaoMyhsv42ihYzGMUu2H768UxG9eQ6arnCYr9Wdk18ZxfFEmJ95B,20240302,岐阜,11,F2,Ａ級準決勝,base_color_1_bk,base_color_1,1,,014096,伊藤　成紀,color_blue,追加,大　阪,A1,A1,両,92.50,1,3,6,3,4
qW-ZPX5Na0y9CaoMyhsv42ihYzGMUu2H768UxG9eQ6arnCYr9Wdk18ZxfFEmJ95B,20240302,岐阜,11,F2,Ａ級準決勝,base_color_2_bk,base_color_2,2,,015434,片桐　善也,,,新　潟,A1,A1,逃,87.57,9,2,1,0,8
qW-ZPX5Na0y9CaoMyhsv42ihYzGMUu2H768UxG9eQ6arnCYr9Wdk18ZxfFEmJ95B,20240302,岐阜,11,F2,Ａ級準決勝,base_color_3_bk,base_color_3,3,,014826,菅原　裕太,,,静　岡,S2,A1,逃,94.17,2,2,5,0,3
qW-ZPX5Na0y9CaoMyhsv42ihYzGMUu2H768UxG9eQ6arnCYr9Wdk18ZxfFEmJ95B,20240302,岐阜,11,F2,Ａ級準決勝,base_color_4_bk,base_color_4,4,,015187,鮫島　康治,,,大　阪,A1,A1,逃,87.41,2,4,1,0,4
qW-ZPX5Na0y9CaoMyhsv42ihYzGMUu2H768UxG9eQ6arnCYr9Wdk18ZxfFEmJ95B,20240302,岐阜,11,F2,Ａ級準決勝,base_color_5_bk,base_color_5,5,,013852,五十嵐　力,,,神奈川,S2,A1,追,98.77,0,0,4,1,0
qW-ZPX5Na0y9CaoMyhsv42ihYzGMUu2H768UxG9eQ6arnCYr9Wdk18ZxfFEmJ95B,20240302,岐阜,11,F2,Ａ級準決勝,base_color_6_bk,base_color_6,6,,012689,前田　拓也,,,大　阪,A2,A2,追,84.40,0,0,2,1,0
qW-ZPX5Na0y9CaoMyhsv42ihYzGMUu2H768UxG9eQ6arnCYr9Wdk18ZxfFEmJ95B,20240302,岐阜,11,F2,Ａ級準決勝,base_color_7_bk,base_color_7,7,,014233,西村　行貴,,,東　京,A1,A1,追,88.66,0,2,6,2,0
qW-ZPX5Na0y9CaoMyhsv4w5g77sHRoyeqK8PjTAY8FFQW07XQrmurZzoTBSvM3-6,20240302,岐阜,12,F2,Ａ級準決勝,base_color_1_bk,base_color_1,1,,014645,三浦　翔大,,,宮　城,A1,A2,逃,92.26,2,2,1,1,8
qW-ZPX5Na0y9CaoMyhsv4w5g77sHRoyeqK8PjTAY8FFQW07XQrmurZzoTBSvM3-6,20240302,岐阜,12,F2,Ａ級準決勝,base_color_2_bk,base_color_2,2,,012452,伊藤　健詞,color_blue,追加,石　川,S2,A1,追,89.89,0,0,3,0,0
qW-ZPX5Na0y9CaoMyhsv4w5g77sHRoyeqK8PjTAY8FFQW07XQrmurZzoTBSvM3-6,20240302,岐阜,12,F2,Ａ級準決勝,base_color_3_bk,base_color_3,3,,013014,江連　和洋,,,栃　木,S2,A1,追,93.91,0,0,5,2,0
qW-ZPX5Na0y9CaoMyhsv4w5g77sHRoyeqK8PjTAY8FFQW07XQrmurZzoTBSvM3-6,20240302,岐阜,12,F2,Ａ級準決勝,base_color_4_bk,base_color_4,4,,014984,會澤　龍,,,宮　城,A1,A1,両,86.37,1,0,3,2,2
qW-ZPX5Na0y9CaoMyhsv4w5g77sHRoyeqK8PjTAY8FFQW07XQrmurZzoTBSvM3-6,20240302,岐阜,12,F2,Ａ級準決勝,base_color_5_bk,base_color_5,5,,012598,大庭　正紀,,,富　山,A1,A2,追,83.07,0,0,3,1,0
qW-ZPX5Na0y9CaoMyhsv4w5g77sHRoyeqK8PjTAY8FFQW07XQrmurZzoTBSvM3-6,20240302,岐阜,12,F2,Ａ級準決勝,base_color_6_bk,base_color_6,6,,014172,山田　隼司,,,岐　阜,A2,A2,逃,80.88,4,1,1,0,11
qW-ZPX5Na0y9CaoMyhsv4w5g77sHRoyeqK8PjTAY8FFQW07XQrmurZzoTBSvM3-6,20240302,岐阜,12,F2,Ａ級準決勝,base_color_7_bk,base_color_7,7,,015340,幸田　望夢,,,栃　木,S2,A1,逃,94.30,2,4,0,0,9
TzXNr1IyQYXd8vmMpJjd_4fR40VTCsMT_Iddm9D6dlupsFKDiK14lcnhgyiutJky,20240302,小倉,1,F2,Ａ級チャレンジ予選,base_color_1_bk,base_color_1,1,,015754,成海　大聖,,,沖　縄,A3,A3,逃,71.11,3,4,0,1,7
TzXNr1IyQYXd8vmMpJjd_4fR40VTCsMT_Iddm9D6dlupsFKDiK14lcnhgyiutJky,20240302,小倉,1,F2,Ａ級チャレンジ予選,base_color_2_bk,base_color_2,2,,013647,光畑　政志,,,岡　山,A2,A3,追,74.08,0,1,4,3,0
TzXNr1IyQYXd8vmMpJjd_4fR40VTCsMT_Iddm9D6dlupsFKDiK14lcnhgyiutJky,20240302,小倉,1,F2,Ａ級チャレンジ予選,base_color_3_bk,base_color_3,3,,011741,澤亀　浩司,,,福　岡,A3,A3,追,69.69,0,1,2,3,0
TzXNr1IyQYXd8vmMpJjd_4fR40VTCsMT_Iddm9D6dlupsFKDiK14lcnhgyiutJky,20240302,小倉,1,F2,Ａ級チャレンジ予選,base_color_4_bk,base_color_4,4,,012373,中畑　利英,,,和歌山,A3,A3,追,66.05,0,0,0,1,0
TzXNr1IyQYXd8vmMpJjd_4fR40VTCsMT_Iddm9D6dlupsFKDiK14lcnhgyiutJky,20240302,小倉,1,F2,Ａ級チャレンジ予選,base_color_5_bk,base_color_5,5,,014183,隅田　幸助,,,広　島,A2,A3,逃,74.52,4,2,2,1,8
TzXNr1IyQYXd8vmMpJjd_4fR40VTCsMT_Iddm9D6dlupsFKDiK14lcnhgyiutJky,20240302,小倉,1,F2,Ａ級チャレンジ予選,base_color_6_bk,base_color_6,6,,012054,礒田　義則,,,熊　本,A3,A3,追,65.40,0,0,1,1,0
TzXNr1IyQYXd8vmMpJjd_4fR40VTCsMT_Iddm9D6dlupsFKDiK14lcnhgyiutJky,20240302,小倉,1,F2,Ａ級チャレンジ予選,base_color_7_bk,base_color_7,7,,013220,幸津　博,,,徳　島,A3,A3,追,67.90,0,0,1,0,0
TzXNr1IyQYXd8vmMpJjd_zLktkoxPPImZTAAdDsA550aJmwAVPnwehVuilwQerqC,20240302,小倉,2,F2,Ａ級チャレンジ予選,base_color_1_bk,base_color_1,1,,015209,中野　真吾,,,佐　賀,A2,A3,逃,77.83,8,5,1,0,11
TzXNr1IyQYXd8vmMpJjd_zLktkoxPPImZTAAdDsA550aJmwAVPnwehVuilwQerqC,20240302,小倉,2,F2,Ａ級チャレンジ予選,base_color_2_bk,base_color_2,2,,012906,太田　良政,,,岡　山,A3,A3,追,69.66,0,0,2,1,0
TzXNr1IyQYXd8vmMpJjd_zLktkoxPPImZTAAdDsA550aJmwAVPnwehVuilwQerqC,20240302,小倉,2,F2,Ａ級チャレンジ予選,base_color_3_bk,base_color_3,3,,012774,大窪　輝之,,,熊　本,A3,A3,追,68.59,0,0,1,0,0
TzXNr1IyQYXd8vmMpJjd_zLktkoxPPImZTAAdDsA550aJmwAVPnwehVuilwQerqC,20240302,小倉,2,F2,Ａ級チャレンジ予選,base_color_4_bk,base_color_4,4,,012836,大田　啓介,,,岡　山,A3,A3,追,64.91,0,0,1,1,0
TzXNr1IyQYXd8vmMpJjd_zLktkoxPPImZTAAdDsA550aJmwAVPnwehVuilwQerqC,20240302,小倉,2,F2,Ａ級チャレンジ予選,base_color_5_bk,base_color_5,5,,013223,木谷　凉,,,福　岡,A3,A3,追,72.27,0,0,5,2,0
TzXNr1IyQYXd8vmMpJjd_zLktkoxPPImZTAAdDsA550aJmwAVPnwehVuilwQerqC,20240302,小倉,2,F2,Ａ級チャレンジ予選,base_color_6_bk,base_color_6,6,,015478,田　典幸,,,熊　本,A2,A3,逃,63.23,0,0,0,0,3
TzXNr1IyQYXd8vmMpJjd_zLktkoxPPImZTAAdDsA550aJmwAVPnwehVuilwQerqC,20240302,小倉,2,F2,Ａ級チャレンジ予選,base_color_7_bk,base_color_7,7,,014780,古川　大輔,,,広　島,A3,A3,両,69.94,8,3,1,0,14
TzXNr1IyQYXd8vmMpJjd_0uTRU776IVqjcnqG5LwuCHr4GyhSgXroCmihQTt0YQe,20240302,小倉,3,F2,Ａ級チャレンジ予選,base_color_1_bk,base_color_1,1,,012671,滝川　秀嗣,,,愛　知,A3,A3,追,68.20,0,1,3,1,1
TzXNr1IyQYXd8vmMpJjd_0uTRU776IVqjcnqG5LwuCHr4GyhSgXroCmihQTt0YQe,20240302,小倉,3,F2,Ａ級チャレンジ予選,base_color_2_bk,base_color_2,2,,012406,濱田昭一郎,,,鹿児島,A3,A3,追,70.03,0,0,3,4,0
TzXNr1IyQYXd8vmMpJjd_0uTRU776IVqjcnqG5LwuCHr4GyhSgXroCmihQTt0YQe,20240302,小倉,3,F2,Ａ級チャレンジ予選,base_color_3_bk,base_color_3,3,,011847,赤松　誠一,,,高　知,A3,A3,追,67.50,0,0,2,1,0
TzXNr1IyQYXd8vmMpJjd_0uTRU776IVqjcnqG5LwuCHr4GyhSgXroCmihQTt0YQe,20240302,小倉,3,F2,Ａ級チャレンジ予選,base_color_4_bk,base_color_4,4,,015621,長谷川裕一,,,愛　知,A3,A3,逃,68.61,5,3,0,0,8
TzXNr1IyQYXd8vmMpJjd_0uTRU776IVqjcnqG5LwuCHr4GyhSgXroCmihQTt0YQe,20240302,小倉,3,F2,Ａ級チャレンジ予選,base_color_5_bk,base_color_5,5,,015726,龍野琳太郎,,,岡　山,A3,A3,逃,74.04,10,1,1,0,14
TzXNr1IyQYXd8vmMpJjd_0uTRU776IVqjcnqG5LwuCHr4GyhSgXroCmihQTt0YQe,20240302,小倉,3,F2,Ａ級チャレンジ予選,base_color_6_bk,base_color_6,6,,014957,永田　秀佑,,,長　崎,A3,A3,両,67.11,3,1,1,0,4
TzXNr1IyQYXd8vmMpJjd_0uTRU776IVqjcnqG5LwuCHr4GyhSgXroCmihQTt0YQe,20240302,小倉,3,F2,Ａ級チャレンジ予選,base_color_7_bk,base_color_7,7,,013588,齋藤　仁,color_blue,追加,徳　島,A2,A3,追,72.44,0,0,5,1,1
TzXNr1IyQYXd8vmMpJjd_1aqRQwZukBQ2XFBMbA4HHD0fFPLf04MWRiD2yY1CU9o,20240302,小倉,4,F2,Ａ級チャレンジ予選,base_color_1_bk,base_color_1,1,,012988,沖　健一,,,高　知,A3,A3,追,68.79,0,0,1,1,0
TzXNr1IyQYXd8vmMpJjd_1aqRQwZukBQ2XFBMbA4HHD0fFPLf04MWRiD2yY1CU9o,20240302,小倉,4,F2,Ａ級チャレンジ予選,base_color_2_bk,base_color_2,2,,015210,白濱　一平,,,長　崎,A2,A3,両,76.75,1,2,0,0,4
TzXNr1IyQYXd8vmMpJjd_1aqRQwZukBQ2XFBMbA4HHD0fFPLf04MWRiD2yY1CU9o,20240302,小倉,4,F2,Ａ級チャレンジ予選,base_color_3_bk,base_color_3,3,,015737,火島　裕輝,color_blue,追加,愛　媛,A3,A3,逃,74.31,6,5,1,0,11
TzXNr1IyQYXd8vmMpJjd_1aqRQwZukBQ2XFBMbA4HHD0fFPLf04MWRiD2yY1CU9o,20240302,小倉,4,F2,Ａ級チャレンジ予選,base_color_4_bk,base_color_4,4,,012914,武市　和人,,,高　知,A3,A3,両,74.00,0,0,3,1,0
TzXNr1IyQYXd8vmMpJjd_1aqRQwZukBQ2XFBMbA4HHD0fFPLf04MWRiD2yY1CU9o,20240302,小倉,4,F2,Ａ級チャレンジ予選,base_color_5_bk,base_color_5,5,,015571,吉田　悟,,,熊　本,A3,A3,逃,69.94,4,2,1,1,10
TzXNr1IyQYXd8vmMpJjd_1aqRQwZukBQ2XFBMbA4HHD0fFPLf04MWRiD2yY1CU9o,20240302,小倉,4,F2,Ａ級チャレンジ予選,base_color_6_bk,base_color_6,6,,015374,池川　瑠威,,,広　島,A3,A3,両,61.66,0,0,0,0,0
TzXNr1IyQYXd8vmMpJjd_1aqRQwZukBQ2XFBMbA4HHD0fFPLf04MWRiD2yY1CU9o,20240302,小倉,4,F2,Ａ級チャレンジ予選,base_color_7_bk,base_color_7,7,,014200,西村　尚文,,,鹿児島,A3,A3,追,64.33,0,0,0,0,0
TzXNr1IyQYXd8vmMpJjd_1exqD6f3ZGoZ2aRcC6RSnIdbR07SncDZ4arGVFDgeDC,20240302,小倉,5,F2,Ａ級チャレンジ予選,base_color_1_bk,base_color_1,1,,012444,垣外中勝哉,,,大　阪,A2,A3,追,71.26,0,0,1,1,0
TzXNr1IyQYXd8vmMpJjd_1exqD6f3ZGoZ2aRcC6RSnIdbR07SncDZ4arGVFDgeDC,20240302,小倉,5,F2,Ａ級チャレンジ予選,base_color_2_bk,base_color_2,2,,011655,安藤　雄一,,,福　岡,A3,A3,追,65.70,0,0,1,0,0
TzXNr1IyQYXd8vmMpJjd_1exqD6f3ZGoZ2aRcC6RSnIdbR07SncDZ4arGVFDgeDC,20240302,小倉,5,F2,Ａ級チャレンジ予選,base_color_3_bk,base_color_3,3,,014482,松本　琢也,,,兵　庫,A3,A3,両,69.53,0,1,3,0,1
TzXNr1IyQYXd8vmMpJjd_1exqD6f3ZGoZ2aRcC6RSnIdbR07SncDZ4arGVFDgeDC,20240302,小倉,5,F2,Ａ級チャレンジ予選,base_color_4_bk,base_color_4,4,,014687,井上　将志,,,福　岡,A2,A3,両,78.85,0,2,7,3,0
TzXNr1IyQYXd8vmMpJjd_1exqD6f3ZGoZ2aRcC6RSnIdbR07SncDZ4arGVFDgeDC,20240302,小倉,5,F2,Ａ級チャレンジ予選,base_color_5_bk,base_color_5,5,,014395,竹田　慎一,,,富　山,A3,A3,逃,69.31,5,3,1,0,10
TzXNr1IyQYXd8vmMpJjd_1exqD6f3ZGoZ2aRcC6RSnIdbR07SncDZ4arGVFDgeDC,20240302,小倉,5,F2,Ａ級チャレンジ予選,base_color_6_bk,base_color_6,6,,010914,谷尾　佳昭,color_blue,追加,岡　山,A3,A3,追,61.93,0,0,0,0,0
TzXNr1IyQYXd8vmMpJjd_1exqD6f3ZGoZ2aRcC6RSnIdbR07SncDZ4arGVFDgeDC,20240302,小倉,5,F2,Ａ級チャレンジ予選,base_color_7_bk,base_color_7,7,,015748,田中　会心,,,熊　本,A3,A3,逃,75.91,12,2,0,0,16
TzXNr1IyQYXd8vmMpJjd_wbgR6fpsOOi9IVohD6oiDLg6zNRDbATtKWzqgtz7cSu,20240302,小倉,6,F2,Ｌ級ガールズ予選（第１走）,base_color_1_bk,base_color_1,1,,015391,伊藤のぞみ,,,北海道,L1,L1,両,51.19,0,0,0,5,0
TzXNr1IyQYXd8vmMpJjd_wbgR6fpsOOi9IVohD6oiDLg6zNRDbATtKWzqgtz7cSu,20240302,小倉,6,F2,Ｌ級ガールズ予選（第１走）,base_color_2_bk,base_color_2,2,,015774,金田　舞夏,,,福　岡,L1,L1,両,48.52,0,0,1,1,1
TzXNr1IyQYXd8vmMpJjd_wbgR6fpsOOi9IVohD6oiDLg6zNRDbATtKWzqgtz7cSu,20240302,小倉,6,F2,Ｌ級ガールズ予選（第１走）,base_color_3_bk,base_color_3,3,,015023,石井　貴子,,,千　葉,L1,L1,両,56.19,0,8,9,1,2
TzXNr1IyQYXd8vmMpJjd_wbgR6fpsOOi9IVohD6oiDLg6zNRDbATtKWzqgtz7cSu,20240302,小倉,6,F2,Ｌ級ガールズ予選（第１走）,base_color_4_bk,base_color_4,4,,015315,渡口まりあ,,,山　口,L1,L1,両,50.41,3,1,2,2,6
TzXNr1IyQYXd8vmMpJjd_wbgR6fpsOOi9IVohD6oiDLg6zNRDbATtKWzqgtz7cSu,20240302,小倉,6,F2,Ｌ級ガールズ予選（第１走）,base_color_5_bk,base_color_5,5,,015578,飯田　風音,,,埼　玉,L1,L1,両,55.87,5,4,4,1,2
TzXNr1IyQYXd8vmMpJjd_wbgR6fpsOOi9IVohD6oiDLg6zNRDbATtKWzqgtz7cSu,20240302,小倉,6,F2,Ｌ級ガールズ予選（第１走）,base_color_6_bk,base_color_6,6,,015407,出口　倫子,,,長　崎,L1,L1,両,45.81,0,0,0,0,0
TzXNr1IyQYXd8vmMpJjd_wbgR6fpsOOi9IVohD6oiDLg6zNRDbATtKWzqgtz7cSu,20240302,小倉,6,F2,Ｌ級ガールズ予選（第１走）,base_color_7_bk,base_color_7,7,,015152,亀川　史華,,,長　野,L1,L1,両,46.33,0,0,0,0,0
TzXNr1IyQYXd8vmMpJjd_7e2Aq9ieH3DselEOr43im6v8-Nqv8E69iDWYGTkDnB_,20240302,小倉,7,F2,Ｌ級ガールズ予選（第１走）,base_color_1_bk,base_color_1,1,,015502,廣木　まこ,,,福　岡,L1,L1,両,53.23,4,6,2,1,11
TzXNr1IyQYXd8vmMpJjd_7e2Aq9ieH3DselEOr43im6v8-Nqv8E69iDWYGTkDnB_,20240302,小倉,7,F2,Ｌ級ガールズ予選（第１走）,base_color_2_bk,base_color_2,2,,015577,本多　優,,,群　馬,L1,L1,両,47.16,0,0,0,0,0
TzXNr1IyQYXd8vmMpJjd_7e2Aq9ieH3DselEOr43im6v8-Nqv8E69iDWYGTkDnB_,20240302,小倉,7,F2,Ｌ級ガールズ予選（第１走）,base_color_3_bk,base_color_3,3,,015402,鈴木　樹里,color_blue,追加,福　島,L1,L1,両,49.28,0,0,2,2,1
TzXNr1IyQYXd8vmMpJjd_7e2Aq9ieH3DselEOr43im6v8-Nqv8E69iDWYGTkDnB_,20240302,小倉,7,F2,Ｌ級ガールズ予選（第１走）,base_color_4_bk,base_color_4,4,,015027,長澤　彩,,,福　岡,L1,L1,両,52.57,0,1,1,3,0
TzXNr1IyQYXd8vmMpJjd_7e2Aq9ieH3DselEOr43im6v8-Nqv8E69iDWYGTkDnB_,20240302,小倉,7,F2,Ｌ級ガールズ予選（第１走）,base_color_5_bk,base_color_5,5,,015575,高木　香帆,,,岩　手,L1,L1,両,45.80,0,0,0,1,0
TzXNr1IyQYXd8vmMpJjd_7e2Aq9ieH3DselEOr43im6v8-Nqv8E69iDWYGTkDnB_,20240302,小倉,7,F2,Ｌ級ガールズ予選（第１走）,base_color_6_bk,base_color_6,6,,014959,奈良岡彩子,,,神奈川,L1,L1,両,44.00,0,0,0,0,0
TzXNr1IyQYXd8vmMpJjd_7e2Aq9ieH3DselEOr43im6v8-Nqv8E69iDWYGTkDnB_,20240302,小倉,7,F2,Ｌ級ガールズ予選（第１走）,base_color_7_bk,base_color_7,7,,014974,山原さくら,,,高　知,L1,L1,両,56.47,2,16,0,0,14
TzXNr1IyQYXd8vmMpJjd_xTScSrhXo11fRmP0wPiaicEtWMtpexk5YVxTnIIXNwU,20240302,小倉,8,F2,Ａ級特予選,base_color_1_bk,base_color_1,1,,015652,橋本　陸,,,福　岡,A2,A2,逃,82.11,1,1,1,0,5
TzXNr1IyQYXd8vmMpJjd_xTScSrhXo11fRmP0wPiaicEtWMtpexk5YVxTnIIXNwU,20240302,小倉,8,F2,Ａ級特予選,base_color_2_bk,base_color_2,2,,014193,玉手　翔,,,兵　庫,A1,A1,追,85.32,0,0,2,3,0
TzXNr1IyQYXd8vmMpJjd_xTScSrhXo11fRmP0wPiaicEtWMtpexk5YVxTnIIXNwU,20240302,小倉,8,F2,Ａ級特予選,base_color_3_bk,base_color_3,3,,015281,増田　仁,,,広　島,A1,A1,逃,85.90,12,3,2,1,15
TzXNr1IyQYXd8vmMpJjd_xTScSrhXo11fRmP0wPiaicEtWMtpexk5YVxTnIIXNwU,20240302,小倉,8,F2,Ａ級特予選,base_color_4_bk,base_color_4,4,,014046,秋山　貴宏,,,佐　賀,A3,A2,両,79.33,0,1,3,4,0
TzXNr1IyQYXd8vmMpJjd_xTScSrhXo11fRmP0wPiaicEtWMtpexk5YVxTnIIXNwU,20240302,小倉,8,F2,Ａ級特予選,base_color_5_bk,base_color_5,5,,013491,近藤　範昌,,,岡　山,A1,A1,追,87.68,1,0,2,3,1
TzXNr1IyQYXd8vmMpJjd_xTScSrhXo11fRmP0wPiaicEtWMtpexk5YVxTnIIXNwU,20240302,小倉,8,F2,Ａ級特予選,base_color_6_bk,base_color_6,6,,014266,宮本　龍一,,,福　岡,A2,A2,両,0.00,0,0,0,0,0
TzXNr1IyQYXd8vmMpJjd_xTScSrhXo11fRmP0wPiaicEtWMtpexk5YVxTnIIXNwU,20240302,小倉,8,F2,Ａ級特予選,base_color_7_bk,base_color_7,7,,014093,窪田　陽介,,,滋　賀,A1,A2,追,83.83,0,0,4,0,0
TzXNr1IyQYXd8vmMpJjd_-FfiUamD9Uxw0XV6tyNZ_BG2CzvygKp-Wa8KKEkmRLZ,20240302,小倉,9,F2,Ａ級特予選,base_color_1_bk,base_color_1,1,,015665,福田　要,,,宮　崎,A2,A2,逃,89.57,3,7,2,0,5
TzXNr1IyQYXd8vmMpJjd_-FfiUamD9Uxw0XV6tyNZ_BG2CzvygKp-Wa8KKEkmRLZ,20240302,小倉,9,F2,Ａ級特予選,base_color_2_bk,base_color_2,2,,014474,山崎　晃,,,石　川,A1,A2,両,84.77,4,2,0,2,12
TzXNr1IyQYXd8vmMpJjd_-FfiUamD9Uxw0XV6tyNZ_BG2CzvygKp-Wa8KKEkmRLZ,20240302,小倉,9,F2,Ａ級特予選,base_color_3_bk,base_color_3,3,,012128,山根　泰道,,,岡　山,A2,A2,追,81.50,0,0,1,0,0
TzXNr1IyQYXd8vmMpJjd_-FfiUamD9Uxw0XV6tyNZ_BG2CzvygKp-Wa8KKEkmRLZ,20240302,小倉,9,F2,Ａ級特予選,base_color_4_bk,base_color_4,4,,013722,宝満　大作,,,岐　阜,A1,A1,追,86.90,0,0,3,2,0
TzXNr1IyQYXd8vmMpJjd_-FfiUamD9Uxw0XV6tyNZ_BG2CzvygKp-Wa8KKEkmRLZ,20240302,小倉,9,F2,Ａ級特予選,base_color_5_bk,base_color_5,5,,013068,城戸崎隆史,,,福　岡,A1,A1,両,82.20,0,0,2,1,1
TzXNr1IyQYXd8vmMpJjd_-FfiUamD9Uxw0XV6tyNZ_BG2CzvygKp-Wa8KKEkmRLZ,20240302,小倉,9,F2,Ａ級特予選,base_color_6_bk,base_color_6,6,,010577,佐々木浩三,,,佐　賀,A3,A2,追,73.25,0,0,0,0,0
TzXNr1IyQYXd8vmMpJjd_-FfiUamD9Uxw0XV6tyNZ_BG2CzvygKp-Wa8KKEkmRLZ,20240302,小倉,9,F2,Ａ級特予選,base_color_7_bk,base_color_7,7,,014392,北村　篤,,,岐　阜,A2,A2,追,79.62,0,0,0,0,0
TzXNr1IyQYXd8vmMpJjd_w5bADqNn-j7rHz0vbFdCUcdL0Tw4mFle5XHaVkJNCi2,20240302,小倉,10,F2,Ａ級特予選,base_color_1_bk,base_color_1,1,,014881,山崎　泰己,,,岡　山,A1,A2,追,92.33,0,1,7,7,0
TzXNr1IyQYXd8vmMpJjd_w5bADqNn-j7rHz0vbFdCUcdL0Tw4mFle5XHaVkJNCi2,20240302,小倉,10,F2,Ａ級特予選,base_color_2_bk,base_color_2,2,,014374,屋良　朝春,,,沖　縄,A1,A1,両,85.61,1,0,4,3,2
TzXNr1IyQYXd8vmMpJjd_w5bADqNn-j7rHz0vbFdCUcdL0Tw4mFle5XHaVkJNCi2,20240302,小倉,10,F2,Ａ級特予選,base_color_3_bk,base_color_3,3,,014598,岡崎　祥伍,,,岐　阜,A1,A2,追,82.61,0,1,3,0,1
TzXNr1IyQYXd8vmMpJjd_w5bADqNn-j7rHz0vbFdCUcdL0Tw4mFle5XHaVkJNCi2,20240302,小倉,10,F2,Ａ級特予選,base_color_4_bk,base_color_4,4,,015194,船瀬　惇平,,,広　島,A1,A2,逃,87.85,9,1,1,0,12
TzXNr1IyQYXd8vmMpJjd_w5bADqNn-j7rHz0vbFdCUcdL0Tw4mFle5XHaVkJNCi2,20240302,小倉,10,F2,Ａ級特予選,base_color_5_bk,base_color_5,5,,013892,梶山裕次郎,,,福　岡,A2,A1,追,83.21,0,0,0,0,0
TzXNr1IyQYXd8vmMpJjd_w5bADqNn-j7rHz0vbFdCUcdL0Tw4mFle5XHaVkJNCi2,20240302,小倉,10,F2,Ａ級特予選,base_color_6_bk,base_color_6,6,,012832,仙石　淳,,,滋　賀,A2,A2,追,78.91,0,0,1,0,0
TzXNr1IyQYXd8vmMpJjd_w5bADqNn-j7rHz0vbFdCUcdL0Tw4mFle5XHaVkJNCi2,20240302,小倉,10,F2,Ａ級特予選,base_color_7_bk,base_color_7,7,,014829,桜井　雄太,,,愛　知,A1,A2,逃,81.29,2,5,0,1,7
TzXNr1IyQYXd8vmMpJjd_2_DWxXEEEJm1RWeRG1yjPr2xG5Gjrsx0pF4KhSZejjv,20240302,小倉,11,F2,Ａ級特予選,base_color_1_bk,base_color_1,1,,015445,内藤　久文,,,愛　知,A1,A1,逃,90.16,10,2,0,0,15
TzXNr1IyQYXd8vmMpJjd_2_DWxXEEEJm1RWeRG1yjPr2xG5Gjrsx0pF4KhSZejjv,20240302,小倉,11,F2,Ａ級特予選,base_color_2_bk,base_color_2,2,,012913,増田　鉄男,,,徳　島,A2,A2,追,85.84,0,0,0,2,0
TzXNr1IyQYXd8vmMpJjd_2_DWxXEEEJm1RWeRG1yjPr2xG5Gjrsx0pF4KhSZejjv,20240302,小倉,11,F2,Ａ級特予選,base_color_3_bk,base_color_3,3,,015482,松本　一志,,,宮　崎,A2,A2,逃,80.20,6,1,0,0,8
TzXNr1IyQYXd8vmMpJjd_2_DWxXEEEJm1RWeRG1yjPr2xG5Gjrsx0pF4KhSZejjv,20240302,小倉,11,F2,Ａ級特予選,base_color_4_bk,base_color_4,4,,013370,三槻　智清,,,佐　賀,A2,A2,追,80.68,0,0,0,2,0
TzXNr1IyQYXd8vmMpJjd_2_DWxXEEEJm1RWeRG1yjPr2xG5Gjrsx0pF4KhSZejjv,20240302,小倉,11,F2,Ａ級特予選,base_color_5_bk,base_color_5,5,,012899,中井　護,,,滋　賀,A1,A1,追,90.03,0,0,6,3,0
TzXNr1IyQYXd8vmMpJjd_2_DWxXEEEJm1RWeRG1yjPr2xG5Gjrsx0pF4KhSZejjv,20240302,小倉,11,F2,Ａ級特予選,base_color_6_bk,base_color_6,6,,015284,田村　裕也,,,徳　島,A3,A2,逃,76.52,1,1,0,0,11
TzXNr1IyQYXd8vmMpJjd_2_DWxXEEEJm1RWeRG1yjPr2xG5Gjrsx0pF4KhSZejjv,20240302,小倉,11,F2,Ａ級特予選,base_color_7_bk,base_color_7,7,,014758,中野　智公,,,和歌山,A1,A1,追,87.42,0,0,3,3,0
TzXNr1IyQYXd8vmMpJjd__-I4T69GiOUkf41H2qByFyO2UGjDUd449_E_hPiCsIx,20240302,小倉,12,F2,Ａ級初日特選,base_color_1_bk,base_color_1,1,,014109,吉松　直人,,,高　知,S2,A1,追,94.58,0,3,7,1,1
TzXNr1IyQYXd8vmMpJjd__-I4T69GiOUkf41H2qByFyO2UGjDUd449_E_hPiCsIx,20240302,小倉,12,F2,Ａ級初日特選,base_color_2_bk,base_color_2,2,,014929,小酒　大勇,,,宮　崎,S2,A1,追,96.32,0,5,6,1,2
TzXNr1IyQYXd8vmMpJjd__-I4T69GiOUkf41H2qByFyO2UGjDUd449_E_hPiCsIx,20240302,小倉,12,F2,Ａ級初日特選,base_color_3_bk,base_color_3,3,,013570,加藤　寛治,,,愛　知,S2,A1,両,92.00,0,1,4,3,0
TzXNr1IyQYXd8vmMpJjd__-I4T69GiOUkf41H2qByFyO2UGjDUd449_E_hPiCsIx,20240302,小倉,12,F2,Ａ級初日特選,base_color_4_bk,base_color_4,4,,015377,蒋野　翔太,,,徳　島,S2,A1,逃,92.52,4,3,0,0,11
TzXNr1IyQYXd8vmMpJjd__-I4T69GiOUkf41H2qByFyO2UGjDUd449_E_hPiCsIx,20240302,小倉,12,F2,Ａ級初日特選,base_color_5_bk,base_color_5,5,,014245,後藤　彰仁,,,岐　阜,A1,A1,追,91.09,0,0,4,5,0
TzXNr1IyQYXd8vmMpJjd__-I4T69GiOUkf41H2qByFyO2UGjDUd449_E_hPiCsIx,20240302,小倉,12,F2,Ａ級初日特選,base_color_6_bk,base_color_6,6,,014674,丹波　孝佑,,,大　阪,A1,A1,逃,90.48,12,2,0,0,20
TzXNr1IyQYXd8vmMpJjd__-I4T69GiOUkf41H2qByFyO2UGjDUd449_E_hPiCsIx,20240302,小倉,12,F2,Ａ級初日特選,base_color_7_bk,base_color_7,7,,014473,重倉　高史,,,富　山,S2,A1,両,92.86,5,0,2,0,10
D7zTldhOQz1frw-9PCXWBeYq5_GRsufBtIXBWVAwrmvnYT1VIdGNw0k5s9H7Y5Ew,20240302,武雄,1,F2,Ａ級チャレンジ予選,base_color_1_bk,base_color_1,1,,015752,石川　航大,,,宮　崎,A3,A3,逃,76.51,7,13,0,0,15
D7zTldhOQz1frw-9PCXWBeYq5_GRsufBtIXBWVAwrmvnYT1VIdGNw0k5s9H7Y5Ew,20240302,武雄,1,F2,Ａ級チャレンジ予選,base_color_2_bk,base_color_2,2,,013513,南　和夫,,,福　岡,A2,A3,追,73.76,0,0,3,2,0
D7zTldhOQz1frw-9PCXWBeYq5_GRsufBtIXBWVAwrmvnYT1VIdGNw0k5s9H7Y5Ew,20240302,武雄,1,F2,Ａ級チャレンジ予選,base_color_3_bk,base_color_3,3,,014216,田村　純一,,,福　島,A3,A3,逃,72.29,3,7,0,0,10
D7zTldhOQz1frw-9PCXWBeYq5_GRsufBtIXBWVAwrmvnYT1VIdGNw0k5s9H7Y5Ew,20240302,武雄,1,F2,Ａ級チャレンジ予選,base_color_4_bk,base_color_4,4,,011574,坂本　英一,,,栃　木,A3,A3,追,71.55,0,0,6,3,0
D7zTldhOQz1frw-9PCXWBeYq5_GRsufBtIXBWVAwrmvnYT1VIdGNw0k5s9H7Y5Ew,20240302,武雄,1,F2,Ａ級チャレンジ予選,base_color_5_bk,base_color_5,5,,013109,志村　正洋,,,神奈川,A3,A3,追,69.51,0,0,2,1,0
D7zTldhOQz1frw-9PCXWBeYq5_GRsufBtIXBWVAwrmvnYT1VIdGNw0k5s9H7Y5Ew,20240302,武雄,1,F2,Ａ級チャレンジ予選,base_color_6_bk,base_color_6,6,,013174,古寺　伸洋,,,埼　玉,A3,A3,追,69.00,0,0,2,1,1
D7zTldhOQz1frw-9PCXWBeYq5_GRsufBtIXBWVAwrmvnYT1VIdGNw0k5s9H7Y5Ew,20240302,武雄,1,F2,Ａ級チャレンジ予選,base_color_7_bk,base_color_7,7,,012885,田中　智也,,,静　岡,A3,A3,追,68.28,0,0,2,1,0
D7zTldhOQz1frw-9PCXWBbSfS19jzlMyeCxe_DpwrXsDDHEBRpTyalk2iFQf3vrp,20240302,武雄,2,F2,Ａ級チャレンジ予選,base_color_1_bk,base_color_1,1,,013818,赤星　俊光,,,熊　本,A2,A3,追,75.06,0,0,1,3,0
D7zTldhOQz1frw-9PCXWBbSfS19jzlMyeCxe_DpwrXsDDHEBRpTyalk2iFQf3vrp,20240302,武雄,2,F2,Ａ級チャレンジ予選,base_color_2_bk,base_color_2,2,,015732,宮道　良輔,,,徳　島,A3,A3,逃,75.04,9,2,1,0,14
D7zTldhOQz1frw-9PCXWBbSfS19jzlMyeCxe_DpwrXsDDHEBRpTyalk2iFQf3vrp,20240302,武雄,2,F2,Ａ級チャレンジ予選,base_color_3_bk,base_color_3,3,,015742,堀越　翔己,color_blue,追加,福　岡,A3,A3,逃,74.28,8,3,2,0,9
D7zTldhOQz1frw-9PCXWBbSfS19jzlMyeCxe_DpwrXsDDHEBRpTyalk2iFQf3vrp,20240302,武雄,2,F2,Ａ級チャレンジ予選,base_color_4_bk,base_color_4,4,,012472,大山　泰伸,color_blue,追加,香　川,A3,A3,追,72.15,0,2,2,3,1
D7zTldhOQz1frw-9PCXWBbSfS19jzlMyeCxe_DpwrXsDDHEBRpTyalk2iFQf3vrp,20240302,武雄,2,F2,Ａ級チャレンジ予選,base_color_5_bk,base_color_5,5,,013907,佐藤　正吾,,,宮　城,A3,A3,追,69.80,0,0,2,2,0
D7zTldhOQz1frw-9PCXWBbSfS19jzlMyeCxe_DpwrXsDDHEBRpTyalk2iFQf3vrp,20240302,武雄,2,F2,Ａ級チャレンジ予選,base_color_6_bk,base_color_6,6,,014433,長田　彰人,,,宮　城,A3,A3,追,69.80,0,0,4,0,0
D7zTldhOQz1frw-9PCXWBbSfS19jzlMyeCxe_DpwrXsDDHEBRpTyalk2iFQf3vrp,20240302,武雄,2,F2,Ａ級チャレンジ予選,base_color_7_bk,base_color_7,7,,014349,佐藤　純嘉,,,青　森,A3,A3,追,68.61,0,0,1,0,0
D7zTldhOQz1frw-9PCXWBTqDmuLkboOiR8TrbYKtYIj8241rBpxkKSCvDVYowwq5,20240302,武雄,3,F2,Ａ級チャレンジ予選,base_color_1_bk,base_color_1,1,,013039,松山　正和,,,静　岡,A2,A3,追,76.76,0,0,4,5,0
D7zTldhOQz1frw-9PCXWBTqDmuLkboOiR8TrbYKtYIj8241rBpxkKSCvDVYowwq5,20240302,武雄,3,F2,Ａ級チャレンジ予選,base_color_2_bk,base_color_2,2,,012299,増成　富夫,,,岡　山,A2,A3,逃,75.40,3,1,4,0,6
D7zTldhOQz1frw-9PCXWBTqDmuLkboOiR8TrbYKtYIj8241rBpxkKSCvDVYowwq5,20240302,武雄,3,F2,Ａ級チャレンジ予選,base_color_3_bk,base_color_3,3,,015685,小笠原一真,,,青　森,A3,A3,逃,75.22,9,2,0,0,10
D7zTldhOQz1frw-9PCXWBTqDmuLkboOiR8TrbYKtYIj8241rBpxkKSCvDVYowwq5,20240302,武雄,3,F2,Ａ級チャレンジ予選,base_color_4_bk,base_color_4,4,,013893,片山　直人,,,福　岡,A3,A3,両,72.91,2,5,2,0,1
D7zTldhOQz1frw-9PCXWBTqDmuLkboOiR8TrbYKtYIj8241rBpxkKSCvDVYowwq5,20240302,武雄,3,F2,Ａ級チャレンジ予選,base_color_5_bk,base_color_5,5,,013558,永井　隆一,,,東　京,A3,A3,追,70.94,0,0,3,2,0
D7zTldhOQz1frw-9PCXWBTqDmuLkboOiR8TrbYKtYIj8241rBpxkKSCvDVYowwq5,20240302,武雄,3,F2,Ａ級チャレンジ予選,base_color_6_bk,base_color_6,6,,012058,中塚　記生,,,熊　本,A3,A3,追,69.25,0,0,1,1,0
D7zTldhOQz1frw-9PCXWBTqDmuLkboOiR8TrbYKtYIj8241rBpxkKSCvDVYowwq5,20240302,武雄,3,F2,Ａ級チャレンジ予選,base_color_7_bk,base_color_7,7,,012701,升澤　祥晃,,,愛　媛,A3,A3,追,66.50,0,0,1,2,0
D7zTldhOQz1frw-9PCXWBVSXaQQzEWvHC0fEDAhm-XRiKET7kBzrZrc10JEX2oyD,20240302,武雄,4,F2,Ａ級チャレンジ予選,base_color_1_bk,base_color_1,1,,013840,高瀬　卓,,,埼　玉,A1,A3,両,76.83,0,0,6,3,0
D7zTldhOQz1frw-9PCXWBVSXaQQzEWvHC0fEDAhm-XRiKET7kBzrZrc10JEX2oyD,20240302,武雄,4,F2,Ａ級チャレンジ予選,base_color_2_bk,base_color_2,2,,015746,峯口　司,color_blue,追加,長　崎,A3,A3,逃,76.76,3,5,0,0,6
D7zTldhOQz1frw-9PCXWBVSXaQQzEWvHC0fEDAhm-XRiKET7kBzrZrc10JEX2oyD,20240302,武雄,4,F2,Ａ級チャレンジ予選,base_color_3_bk,base_color_3,3,,012509,岡嵜　浩一,,,神奈川,A2,A3,追,74.85,0,1,0,4,0
D7zTldhOQz1frw-9PCXWBVSXaQQzEWvHC0fEDAhm-XRiKET7kBzrZrc10JEX2oyD,20240302,武雄,4,F2,Ａ級チャレンジ予選,base_color_4_bk,base_color_4,4,,014357,佐藤　康恭,,,福　島,A3,A3,両,70.58,1,1,5,2,4
D7zTldhOQz1frw-9PCXWBVSXaQQzEWvHC0fEDAhm-XRiKET7kBzrZrc10JEX2oyD,20240302,武雄,4,F2,Ａ級チャレンジ予選,base_color_5_bk,base_color_5,5,,014287,齋藤　昌太,,,栃　木,A3,A3,追,70.55,0,0,2,2,0
D7zTldhOQz1frw-9PCXWBVSXaQQzEWvHC0fEDAhm-XRiKET7kBzrZrc10JEX2oyD,20240302,武雄,4,F2,Ａ級チャレンジ予選,base_color_6_bk,base_color_6,6,,015699,助川翔太郎,,,埼　玉,A3,A3,逃,70.33,5,0,0,0,7
D7zTldhOQz1frw-9PCXWBVSXaQQzEWvHC0fEDAhm-XRiKET7kBzrZrc10JEX2oyD,20240302,武雄,4,F2,Ａ級チャレンジ予選,base_color_7_bk,base_color_7,7,,015013,平川慎太郎,,,佐　賀,A2,A3,逃,68.06,1,0,0,0,5
D7zTldhOQz1frw-9PCXWBbWPELf2_0XVXbNuYSXRqnHHdUE3N76CNxkxmcKyENXO,20240302,武雄,5,F2,Ａ級特予選,base_color_1_bk,base_color_1,1,,014620,二條　祐也,,,徳　島,A1,A1,追,89.66,0,0,5,4,0
D7zTldhOQz1frw-9PCXWBbWPELf2_0XVXbNuYSXRqnHHdUE3N76CNxkxmcKyENXO,20240302,武雄,5,F2,Ａ級特予選,base_color_2_bk,base_color_2,2,,012838,三木　健治,color_blue,追加,沖　縄,A2,A2,追,87.15,0,0,5,2,0
D7zTldhOQz1frw-9PCXWBbWPELf2_0XVXbNuYSXRqnHHdUE3N76CNxkxmcKyENXO,20240302,武雄,5,F2,Ａ級特予選,base_color_3_bk,base_color_3,3,,014891,小岩　哲也,,,大　分,A2,A2,逃,85.71,1,3,3,1,1
D7zTldhOQz1frw-9PCXWBbWPELf2_0XVXbNuYSXRqnHHdUE3N76CNxkxmcKyENXO,20240302,武雄,5,F2,Ａ級特予選,base_color_4_bk,base_color_4,4,,014684,松本　卓也,,,徳　島,A1,A1,逃,84.47,5,0,0,0,12
D7zTldhOQz1frw-9PCXWBbWPELf2_0XVXbNuYSXRqnHHdUE3N76CNxkxmcKyENXO,20240302,武雄,5,F2,Ａ級特予選,base_color_5_bk,base_color_5,5,,013183,坂木田雄介,,,千　葉,A1,A1,逃,83.35,3,2,1,0,14
D7zTldhOQz1frw-9PCXWBbWPELf2_0XVXbNuYSXRqnHHdUE3N76CNxkxmcKyENXO,20240302,武雄,5,F2,Ａ級特予選,base_color_6_bk,base_color_6,6,,013902,岩崎　将士,,,青　森,A1,A1,追,83.08,0,0,2,2,0
D7zTldhOQz1frw-9PCXWBbWPELf2_0XVXbNuYSXRqnHHdUE3N76CNxkxmcKyENXO,20240302,武雄,5,F2,Ａ級特予選,base_color_7_bk,base_color_7,7,,013398,関　敬,,,栃　木,A3,A2,追,74.00,0,0,0,1,0
D7zTldhOQz1frw-9PCXWBfR0BENYnsAmUsLYseB_mqWUIobxWlbE8wgW4nvz87W1,20240302,武雄,6,F2,Ａ級特予選,base_color_1_bk,base_color_1,1,,014502,相笠　翔太,,,福　島,A1,A1,両,89.41,1,4,5,2,1
D7zTldhOQz1frw-9PCXWBfR0BENYnsAmUsLYseB_mqWUIobxWlbE8wgW4nvz87W1,20240302,武雄,6,F2,Ａ級特予選,base_color_2_bk,base_color_2,2,,015294,小原　亮哉,,,大　分,A2,A2,両,84.04,0,0,3,2,0
D7zTldhOQz1frw-9PCXWBfR0BENYnsAmUsLYseB_mqWUIobxWlbE8wgW4nvz87W1,20240302,武雄,6,F2,Ａ級特予選,base_color_3_bk,base_color_3,3,,014514,古川　宗行,,,東　京,A1,A1,追,83.95,0,0,1,4,0
D7zTldhOQz1frw-9PCXWBfR0BENYnsAmUsLYseB_mqWUIobxWlbE8wgW4nvz87W1,20240302,武雄,6,F2,Ａ級特予選,base_color_4_bk,base_color_4,4,,014615,藤原　亮太,,,岡　山,A2,A2,両,82.16,0,4,0,0,2
D7zTldhOQz1frw-9PCXWBfR0BENYnsAmUsLYseB_mqWUIobxWlbE8wgW4nvz87W1,20240302,武雄,6,F2,Ａ級特予選,base_color_5_bk,base_color_5,5,,013969,武田　良太,,,愛　媛,A1,A2,追,81.83,0,0,1,1,0
D7zTldhOQz1frw-9PCXWBfR0BENYnsAmUsLYseB_mqWUIobxWlbE8wgW4nvz87W1,20240302,武雄,6,F2,Ａ級特予選,base_color_6_bk,base_color_6,6,,015563,久保　光司,,,佐　賀,A3,A2,逃,79.23,3,1,1,0,8
D7zTldhOQz1frw-9PCXWBfR0BENYnsAmUsLYseB_mqWUIobxWlbE8wgW4nvz87W1,20240302,武雄,6,F2,Ａ級特予選,base_color_7_bk,base_color_7,7,,012092,高木　隆弘,,,神奈川,A1,A2,追,0.00,0,0,0,0,0
D7zTldhOQz1frw-9PCXWBQYRQXl1uR8PvCUaJXk1H5-sGP45T0NeQD_jH8v7z2zO,20240302,武雄,7,F2,Ａ級特予選,base_color_1_bk,base_color_1,1,,012326,國武　耕二,,,佐　賀,A1,A1,追,86.16,0,0,2,3,0
D7zTldhOQz1frw-9PCXWBQYRQXl1uR8PvCUaJXk1H5-sGP45T0NeQD_jH8v7z2zO,20240302,武雄,7,F2,Ａ級特予選,base_color_2_bk,base_color_2,2,,013142,黒田　大介,color_blue,追加,愛　媛,A2,A2,追,82.85,0,1,0,2,1
D7zTldhOQz1frw-9PCXWBQYRQXl1uR8PvCUaJXk1H5-sGP45T0NeQD_jH8v7z2zO,20240302,武雄,7,F2,Ａ級特予選,base_color_3_bk,base_color_3,3,,013385,鎌田　聡,,,宮　城,A2,A2,追,82.42,0,0,2,3,0
D7zTldhOQz1frw-9PCXWBQYRQXl1uR8PvCUaJXk1H5-sGP45T0NeQD_jH8v7z2zO,20240302,武雄,7,F2,Ａ級特予選,base_color_4_bk,base_color_4,4,,015643,小川将二郎,,,徳　島,A2,A2,逃,82.40,0,1,0,1,2
D7zTldhOQz1frw-9PCXWBQYRQXl1uR8PvCUaJXk1H5-sGP45T0NeQD_jH8v7z2zO,20240302,武雄,7,F2,Ａ級特予選,base_color_5_bk,base_color_5,5,,015741,堀川敬太郎,,,福　岡,A3,A2,逃,82.08,11,7,1,1,16
D7zTldhOQz1frw-9PCXWBQYRQXl1uR8PvCUaJXk1H5-sGP45T0NeQD_jH8v7z2zO,20240302,武雄,7,F2,Ａ級特予選,base_color_6_bk,base_color_6,6,,015156,門脇　翼,,,秋　田,A2,A2,逃,79.36,0,0,0,1,3
D7zTldhOQz1frw-9PCXWBQYRQXl1uR8PvCUaJXk1H5-sGP45T0NeQD_jH8v7z2zO,20240302,武雄,7,F2,Ａ級特予選,base_color_7_bk,base_color_7,7,,014274,吉成　晃一,,,熊　本,A2,A2,追,78.75,0,0,2,0,0
D7zTldhOQz1frw-9PCXWBUzF1Z-0lknCfreKmaLPfEvoVhfJQMeIzk4ANlkIbDyF,20240302,武雄,8,F2,Ａ級特予選,base_color_1_bk,base_color_1,1,,014142,矢野　昌彦,,,栃　木,S2,A2,逃,96.31,3,4,1,1,6
D7zTldhOQz1frw-9PCXWBUzF1Z-0lknCfreKmaLPfEvoVhfJQMeIzk4ANlkIbDyF,20240302,武雄,8,F2,Ａ級特予選,base_color_2_bk,base_color_2,2,,014087,高橋　隆太,,,静　岡,A2,A1,追,86.47,0,0,4,0,0
D7zTldhOQz1frw-9PCXWBUzF1Z-0lknCfreKmaLPfEvoVhfJQMeIzk4ANlkIbDyF,20240302,武雄,8,F2,Ａ級特予選,base_color_3_bk,base_color_3,3,,015560,林　昴,,,福　岡,A1,A1,逃,85.38,5,1,2,0,9
D7zTldhOQz1frw-9PCXWBUzF1Z-0lknCfreKmaLPfEvoVhfJQMeIzk4ANlkIbDyF,20240302,武雄,8,F2,Ａ級特予選,base_color_4_bk,base_color_4,4,,014359,関根　彰人,,,沖　縄,A2,A1,追,84.59,0,0,6,0,0
D7zTldhOQz1frw-9PCXWBUzF1Z-0lknCfreKmaLPfEvoVhfJQMeIzk4ANlkIbDyF,20240302,武雄,8,F2,Ａ級特予選,base_color_5_bk,base_color_5,5,,012431,會田　正一,,,千　葉,A3,A2,追,79.46,0,0,6,5,0
D7zTldhOQz1frw-9PCXWBUzF1Z-0lknCfreKmaLPfEvoVhfJQMeIzk4ANlkIbDyF,20240302,武雄,8,F2,Ａ級特予選,base_color_6_bk,base_color_6,6,,013214,水本　博行,,,岡　山,A3,A2,追,78.88,0,0,4,3,0
D7zTldhOQz1frw-9PCXWBUzF1Z-0lknCfreKmaLPfEvoVhfJQMeIzk4ANlkIbDyF,20240302,武雄,8,F2,Ａ級特予選,base_color_7_bk,base_color_7,7,,012910,塩川真一郎,color_blue,追加,広　島,A2,A2,追,78.86,0,0,0,0,0
D7zTldhOQz1frw-9PCXWBTBehVNsoO2fPdzO4WWF9DwYA84nsq-PA9C0DBgTpQ6R,20240302,武雄,9,F2,Ａ級初日特選,base_color_1_bk,base_color_1,1,,015370,城戸　俊潔,,,岡　山,S2,A1,逃,98.68,1,8,2,0,5
D7zTldhOQz1frw-9PCXWBTBehVNsoO2fPdzO4WWF9DwYA84nsq-PA9C0DBgTpQ6R,20240302,武雄,9,F2,Ａ級初日特選,base_color_2_bk,base_color_2,2,,015202,今野　大輔,,,岡　山,S2,A1,両,94.50,4,1,6,1,5
D7zTldhOQz1frw-9PCXWBTBehVNsoO2fPdzO4WWF9DwYA84nsq-PA9C0DBgTpQ6R,20240302,武雄,9,F2,Ａ級初日特選,base_color_3_bk,base_color_3,3,,013667,田中　洋輔,color_blue,追加,宮　崎,S2,A1,追,94.50,0,0,4,5,0
D7zTldhOQz1frw-9PCXWBTBehVNsoO2fPdzO4WWF9DwYA84nsq-PA9C0DBgTpQ6R,20240302,武雄,9,F2,Ａ級初日特選,base_color_4_bk,base_color_4,4,,015655,一丸　尚伍,,,大　分,A2,A1,逃,93.50,1,4,0,1,6
D7zTldhOQz1frw-9PCXWBTBehVNsoO2fPdzO4WWF9DwYA84nsq-PA9C0DBgTpQ6R,20240302,武雄,9,F2,Ａ級初日特選,base_color_5_bk,base_color_5,5,,013550,安部　達也,,,埼　玉,A1,A1,追,92.50,0,0,5,5,0
D7zTldhOQz1frw-9PCXWBTBehVNsoO2fPdzO4WWF9DwYA84nsq-PA9C0DBgTpQ6R,20240302,武雄,9,F2,Ａ級初日特選,base_color_6_bk,base_color_6,6,,013188,山田　幸司,,,神奈川,A1,A1,追,91.66,0,0,1,3,0
D7zTldhOQz1frw-9PCXWBTBehVNsoO2fPdzO4WWF9DwYA84nsq-PA9C0DBgTpQ6R,20240302,武雄,9,F2,Ａ級初日特選,base_color_7_bk,base_color_7,7,,015244,植原　琢也,,,埼　玉,S2,A1,逃,90.52,2,0,2,1,9
4sLptYw_uaU3-SWJZKrd1Cu2jjHZuikV56BO8b1dc9VWOd20C1d2Rg6AWGjz5KVW,20240302,別府,1,F2,Ａ級一般,base_color_1_bk,base_color_1,1,,015637,近藤　雄太,,,岡　山,A3,A2,逃,81.37,6,5,1,2,11
4sLptYw_uaU3-SWJZKrd1Cu2jjHZuikV56BO8b1dc9VWOd20C1d2Rg6AWGjz5KVW,20240302,別府,1,F2,Ａ級一般,base_color_2_bk,base_color_2,2,,014418,安部　龍文,,,大　分,A2,A2,追,80.40,0,0,0,0,0
4sLptYw_uaU3-SWJZKrd1Cu2jjHZuikV56BO8b1dc9VWOd20C1d2Rg6AWGjz5KVW,20240302,別府,1,F2,Ａ級一般,base_color_3_bk,base_color_3,3,,015511,中込　健太,,,秋　田,A2,A2,逃,79.70,1,2,0,0,7
4sLptYw_uaU3-SWJZKrd1Cu2jjHZuikV56BO8b1dc9VWOd20C1d2Rg6AWGjz5KVW,20240302,別府,1,F2,Ａ級一般,base_color_4_bk,base_color_4,4,,012432,石井　孝,,,千　葉,A2,A2,追,82.73,0,0,1,0,0
4sLptYw_uaU3-SWJZKrd1Cu2jjHZuikV56BO8b1dc9VWOd20C1d2Rg6AWGjz5KVW,20240302,別府,1,F2,Ａ級一般,base_color_5_bk,base_color_5,5,,015664,米村　光星,,,熊　本,A2,A2,逃,85.22,0,2,0,0,2
4sLptYw_uaU3-SWJZKrd1Cu2jjHZuikV56BO8b1dc9VWOd20C1d2Rg6AWGjz5KVW,20240302,別府,1,F2,Ａ級一般,base_color_6_bk,base_color_6,6,,013965,岡田　雅也,,,高　知,A2,A2,追,77.80,0,0,0,0,0
4sLptYw_uaU3-SWJZKrd1Cu2jjHZuikV56BO8b1dc9VWOd20C1d2Rg6AWGjz5KVW,20240302,別府,1,F2,Ａ級一般,base_color_7_bk,base_color_7,7,,013983,大崎　智久,,,青　森,A2,A2,追,81.47,0,0,3,1,0
4sLptYw_uaU3-SWJZKrd1I5soQa574u7X6tOHEXjSN3q16K5JPTF-v3pJQIc--Og,20240302,別府,2,F2,Ａ級一般,base_color_1_bk,base_color_1,1,,013740,大久保直也,,,徳　島,A1,A1,追,84.27,3,0,3,3,5
4sLptYw_uaU3-SWJZKrd1I5soQa574u7X6tOHEXjSN3q16K5JPTF-v3pJQIc--Og,20240302,別府,2,F2,Ａ級一般,base_color_2_bk,base_color_2,2,,013942,大西　健士,color_blue,追加,神奈川,A1,A1,追,84.36,0,0,1,2,0
4sLptYw_uaU3-SWJZKrd1I5soQa574u7X6tOHEXjSN3q16K5JPTF-v3pJQIc--Og,20240302,別府,2,F2,Ａ級一般,base_color_3_bk,base_color_3,3,,014048,川島　勝,color_blue,補充,長　崎,A1,A2,追,82.33,0,0,2,2,0
4sLptYw_uaU3-SWJZKrd1I5soQa574u7X6tOHEXjSN3q16K5JPTF-v3pJQIc--Og,20240302,別府,2,F2,Ａ級一般,base_color_4_bk,base_color_4,4,,013508,曽我部匡史,,,愛　媛,A3,A2,追,76.83,0,0,0,3,0
4sLptYw_uaU3-SWJZKrd1I5soQa574u7X6tOHEXjSN3q16K5JPTF-v3pJQIc--Og,20240302,別府,2,F2,Ａ級一般,base_color_5_bk,base_color_5,5,,014619,木村　浩宣,color_blue,追加,香　川,A1,A2,逃,88.00,0,6,1,1,3
4sLptYw_uaU3-SWJZKrd1I5soQa574u7X6tOHEXjSN3q16K5JPTF-v3pJQIc--Og,20240302,別府,2,F2,Ａ級一般,base_color_6_bk,base_color_6,6,,014866,櫻井　利之,,,神奈川,A3,A2,両,76.66,4,0,0,0,6
4sLptYw_uaU3-SWJZKrd1I5soQa574u7X6tOHEXjSN3q16K5JPTF-v3pJQIc--Og,20240302,別府,2,F2,Ａ級一般,base_color_7_bk,base_color_7,7,,013314,鈴木　宏章,,,栃　木,A1,A2,追,82.83,0,0,1,1,0
4sLptYw_uaU3-SWJZKrd1GOMbI2vjYXjYj6U0cN2BEzwwIUymDXsnS_Laief3BAa,20240302,別府,3,F2,Ａ級選抜,base_color_1_bk,base_color_1,1,,013106,赤井　学,,,千　葉,A3,A2,追,80.46,0,0,3,2,0
4sLptYw_uaU3-SWJZKrd1GOMbI2vjYXjYj6U0cN2BEzwwIUymDXsnS_Laief3BAa,20240302,別府,3,F2,Ａ級選抜,base_color_2_bk,base_color_2,2,,013897,加藤　大輔,color_blue,追加,大　分,A2,A2,追,83.29,0,0,3,1,0
4sLptYw_uaU3-SWJZKrd1GOMbI2vjYXjYj6U0cN2BEzwwIUymDXsnS_Laief3BAa,20240302,別府,3,F2,Ａ級選抜,base_color_3_bk,base_color_3,3,,014181,藤原　悠斗,,,岡　山,A1,A1,追,89.09,2,1,4,2,1
4sLptYw_uaU3-SWJZKrd1GOMbI2vjYXjYj6U0cN2BEzwwIUymDXsnS_Laief3BAa,20240302,別府,3,F2,Ａ級選抜,base_color_4_bk,base_color_4,4,,013646,日浅　保幸,,,岡　山,A2,A2,両,81.04,1,3,1,0,8
4sLptYw_uaU3-SWJZKrd1GOMbI2vjYXjYj6U0cN2BEzwwIUymDXsnS_Laief3BAa,20240302,別府,3,F2,Ａ級選抜,base_color_5_bk,base_color_5,5,,013859,荒木　伸哉,color_blue,追加,静　岡,A1,A1,追,86.50,2,0,5,0,2
4sLptYw_uaU3-SWJZKrd1GOMbI2vjYXjYj6U0cN2BEzwwIUymDXsnS_Laief3BAa,20240302,別府,3,F2,Ａ級選抜,base_color_6_bk,base_color_6,6,,013294,木村　勉,,,徳　島,A3,A2,追,78.46,0,0,0,3,0
4sLptYw_uaU3-SWJZKrd1GOMbI2vjYXjYj6U0cN2BEzwwIUymDXsnS_Laief3BAa,20240302,別府,3,F2,Ａ級選抜,base_color_7_bk,base_color_7,7,,012953,矢内　良和,,,群　馬,A2,A2,追,81.70,0,0,1,2,0
4sLptYw_uaU3-SWJZKrd1DbODl2GRrZzPZ9QUZS9wLkC8GDbbsO8iH_fUaD4olzm,20240302,別府,4,F2,Ａ級選抜,base_color_1_bk,base_color_1,1,,014330,坂田　章,,,高　知,A1,A1,追,89.38,0,0,4,3,0
4sLptYw_uaU3-SWJZKrd1DbODl2GRrZzPZ9QUZS9wLkC8GDbbsO8iH_fUaD4olzm,20240302,別府,4,F2,Ａ級選抜,base_color_2_bk,base_color_2,2,,013860,藤原　清隆,color_blue,追加,静　岡,A2,A2,追,81.92,0,0,0,0,0
4sLptYw_uaU3-SWJZKrd1DbODl2GRrZzPZ9QUZS9wLkC8GDbbsO8iH_fUaD4olzm,20240302,別府,4,F2,Ａ級選抜,base_color_3_bk,base_color_3,3,,012321,檀　雄二,,,福　岡,A2,A2,追,81.88,0,0,0,0,0
4sLptYw_uaU3-SWJZKrd1DbODl2GRrZzPZ9QUZS9wLkC8GDbbsO8iH_fUaD4olzm,20240302,別府,4,F2,Ａ級選抜,base_color_4_bk,base_color_4,4,,015167,小林裕一朗,,,千　葉,A2,A1,逃,86.73,2,0,5,0,5
4sLptYw_uaU3-SWJZKrd1DbODl2GRrZzPZ9QUZS9wLkC8GDbbsO8iH_fUaD4olzm,20240302,別府,4,F2,Ａ級選抜,base_color_5_bk,base_color_5,5,,013929,宮内　善光,,,群　馬,A3,A1,追,78.70,0,0,1,1,0
4sLptYw_uaU3-SWJZKrd1DbODl2GRrZzPZ9QUZS9wLkC8GDbbsO8iH_fUaD4olzm,20240302,別府,4,F2,Ａ級選抜,base_color_6_bk,base_color_6,6,,012694,志村　達也,,,広　島,A2,A2,両,78.33,0,0,1,0,0
4sLptYw_uaU3-SWJZKrd1DbODl2GRrZzPZ9QUZS9wLkC8GDbbsO8iH_fUaD4olzm,20240302,別府,4,F2,Ａ級選抜,base_color_7_bk,base_color_7,7,,012845,林　成人,,,愛　媛,A2,A2,追,80.00,0,0,1,0,0
4sLptYw_uaU3-SWJZKrd1O8A0_qX8v-u8Ep9OZEkpoNKkAb1qnwDtCIycGwy3ZFN,20240302,別府,5,F2,Ａ級準決勝,base_color_1_bk,base_color_1,1,,015607,中山　拓人,,,埼　玉,A2,A2,逃,89.95,10,2,0,0,15
4sLptYw_uaU3-SWJZKrd1O8A0_qX8v-u8Ep9OZEkpoNKkAb1qnwDtCIycGwy3ZFN,20240302,別府,5,F2,Ａ級準決勝,base_color_2_bk,base_color_2,2,,015131,池部　壮太,,,大　分,A1,A1,逃,87.20,8,4,1,0,13
4sLptYw_uaU3-SWJZKrd1O8A0_qX8v-u8Ep9OZEkpoNKkAb1qnwDtCIycGwy3ZFN,20240302,別府,5,F2,Ａ級準決勝,base_color_3_bk,base_color_3,3,,014333,阿部　兼士,,,福　岡,A1,A1,追,89.04,0,0,3,10,0
4sLptYw_uaU3-SWJZKrd1O8A0_qX8v-u8Ep9OZEkpoNKkAb1qnwDtCIycGwy3ZFN,20240302,別府,5,F2,Ａ級準決勝,base_color_4_bk,base_color_4,4,,013407,大矢　将大,,,埼　玉,A1,A1,追,90.76,0,0,2,2,0
4sLptYw_uaU3-SWJZKrd1O8A0_qX8v-u8Ep9OZEkpoNKkAb1qnwDtCIycGwy3ZFN,20240302,別府,5,F2,Ａ級準決勝,base_color_5_bk,base_color_5,5,,013903,川崎　健次,,,神奈川,S2,A1,追,93.19,0,0,3,3,0
4sLptYw_uaU3-SWJZKrd1O8A0_qX8v-u8Ep9OZEkpoNKkAb1qnwDtCIycGwy3ZFN,20240302,別府,5,F2,Ａ級準決勝,base_color_6_bk,base_color_6,6,,012924,太田黒大心,,,熊　本,A1,A2,追,85.04,0,0,3,0,0
4sLptYw_uaU3-SWJZKrd1O8A0_qX8v-u8Ep9OZEkpoNKkAb1qnwDtCIycGwy3ZFN,20240302,別府,5,F2,Ａ級準決勝,base_color_7_bk,base_color_7,7,,015561,原井　剣也,,,福　岡,A2,A2,逃,86.72,4,0,1,0,6
4sLptYw_uaU3-SWJZKrd1O5pbOE5Z8KdMl9uuXdqMC0zkxKJz38V5otpeu5U9J4T,20240302,別府,6,F2,Ａ級準決勝,base_color_1_bk,base_color_1,1,,014043,中園　和剛,,,福　岡,A1,A1,追,89.95,0,1,3,4,0
4sLptYw_uaU3-SWJZKrd1O5pbOE5Z8KdMl9uuXdqMC0zkxKJz38V5otpeu5U9J4T,20240302,別府,6,F2,Ａ級準決勝,base_color_2_bk,base_color_2,2,,013465,春日　勇人,color_blue,追加,千　葉,S2,A1,追,92.45,0,0,5,2,0
4sLptYw_uaU3-SWJZKrd1O5pbOE5Z8KdMl9uuXdqMC0zkxKJz38V5otpeu5U9J4T,20240302,別府,6,F2,Ａ級準決勝,base_color_3_bk,base_color_3,3,,014132,三澤　康人,color_blue,追加,宮　城,A1,A1,追,89.46,0,0,10,2,0
4sLptYw_uaU3-SWJZKrd1O5pbOE5Z8KdMl9uuXdqMC0zkxKJz38V5otpeu5U9J4T,20240302,別府,6,F2,Ａ級準決勝,base_color_4_bk,base_color_4,4,,015438,佐々木和紀,,,神奈川,A2,A1,両,93.58,1,4,2,1,5
4sLptYw_uaU3-SWJZKrd1O5pbOE5Z8KdMl9uuXdqMC0zkxKJz38V5otpeu5U9J4T,20240302,別府,6,F2,Ａ級準決勝,base_color_5_bk,base_color_5,5,,014414,是永　幸寛,,,福　岡,A1,A1,追,88.55,0,0,2,2,0
4sLptYw_uaU3-SWJZKrd1O5pbOE5Z8KdMl9uuXdqMC0zkxKJz38V5otpeu5U9J4T,20240302,別府,6,F2,Ａ級準決勝,base_color_6_bk,base_color_6,6,,014556,小川　祐司,color_blue,追加,愛　媛,A1,A1,逃,86.76,4,1,3,2,5
4sLptYw_uaU3-SWJZKrd1O5pbOE5Z8KdMl9uuXdqMC0zkxKJz38V5otpeu5U9J4T,20240302,別府,6,F2,Ａ級準決勝,base_color_7_bk,base_color_7,7,,015660,河崎　正晴,,,熊　本,A2,A2,逃,91.87,4,7,1,0,7
4sLptYw_uaU3-SWJZKrd1GXQLyG-FmjOjCC9f67DPKr-na-bIZFh1GJwNbOD8w5p,20240302,別府,7,F2,Ａ級準決勝,base_color_1_bk,base_color_1,1,,015378,今野　有樹,,,愛　媛,S2,A1,逃,92.95,0,3,4,0,5
4sLptYw_uaU3-SWJZKrd1GXQLyG-FmjOjCC9f67DPKr-na-bIZFh1GJwNbOD8w5p,20240302,別府,7,F2,Ａ級準決勝,base_color_2_bk,base_color_2,2,,014783,魚屋　周成,,,大　分,S2,A2,逃,86.66,2,0,1,0,1
4sLptYw_uaU3-SWJZKrd1GXQLyG-FmjOjCC9f67DPKr-na-bIZFh1GJwNbOD8w5p,20240302,別府,7,F2,Ａ級準決勝,base_color_3_bk,base_color_3,3,,013910,高橋　秀吉,,,秋　田,A1,A1,追,86.74,2,0,8,1,2
4sLptYw_uaU3-SWJZKrd1GXQLyG-FmjOjCC9f67DPKr-na-bIZFh1GJwNbOD8w5p,20240302,別府,7,F2,Ａ級準決勝,base_color_4_bk,base_color_4,4,,014078,植草　亮介,,,千　葉,A1,A1,追,89.33,0,0,0,1,0
4sLptYw_uaU3-SWJZKrd1GXQLyG-FmjOjCC9f67DPKr-na-bIZFh1GJwNbOD8w5p,20240302,別府,7,F2,Ａ級準決勝,base_color_5_bk,base_color_5,5,,013650,吉本　哲郎,color_blue,追加,広　島,S2,A1,両,95.95,0,2,4,3,1
4sLptYw_uaU3-SWJZKrd1GXQLyG-FmjOjCC9f67DPKr-na-bIZFh1GJwNbOD8w5p,20240302,別府,7,F2,Ａ級準決勝,base_color_6_bk,base_color_6,6,,014494,山崎　翼,,,大　分,A1,A2,逃,85.60,5,3,1,0,9
4sLptYw_uaU3-SWJZKrd1GXQLyG-FmjOjCC9f67DPKr-na-bIZFh1GJwNbOD8w5p,20240302,別府,7,F2,Ａ級準決勝,base_color_7_bk,base_color_7,7,,015382,竹元　健竜,,,福　岡,A2,A1,逃,86.50,0,3,3,0,2
hHQoBSTIFmBY5TBll3-vbpBQVS-J7wgVqoWp-sxSKHEoI5YiaMD-MW1wg-n_9TKh,20240303,玉野,1,G3,Ｓ級一般,base_color_1_bk,base_color_1,1,1,014720,高橋　広大,,,埼　玉,S2,S2,追,101.45,0,0,2,2,0
hHQoBSTIFmBY5TBll3-vbpBQVS-J7wgVqoWp-sxSKHEoI5YiaMD-MW1wg-n_9TKh,20240303,玉野,1,G3,Ｓ級一般,base_color_2_bk,base_color_2,2,2,014757,藤井　昭吾,,,滋　賀,S2,S2,両,100.30,0,3,2,0,0
hHQoBSTIFmBY5TBll3-vbpBQVS-J7wgVqoWp-sxSKHEoI5YiaMD-MW1wg-n_9TKh,20240303,玉野,1,G3,Ｓ級一般,base_color_3_bk,base_color_3,3,3,014981,磯島　康祐,,,青　森,S2,S2,逃,96.04,1,0,1,1,3
hHQoBSTIFmBY5TBll3-vbpBQVS-J7wgVqoWp-sxSKHEoI5YiaMD-MW1wg-n_9TKh,20240303,玉野,1,G3,Ｓ級一般,base_color_4_bk,base_color_4,4,4,015327,阿部架惟都,,,宮　城,S2,S2,逃,96.92,2,0,0,0,5
hHQoBSTIFmBY5TBll3-vbpBQVS-J7wgVqoWp-sxSKHEoI5YiaMD-MW1wg-n_9TKh,20240303,玉野,1,G3,Ｓ級一般,base_color_5_bk,base_color_5,5,5,015522,堀江　省吾,,,長　野,S2,S2,逃,103.71,4,5,0,0,13
hHQoBSTIFmBY5TBll3-vbpBQVS-J7wgVqoWp-sxSKHEoI5YiaMD-MW1wg-n_9TKh,20240303,玉野,1,G3,Ｓ級一般,base_color_6_bk,base_color_6,6,5,013204,佐野　梅一,,,京　都,A1,S2,追,90.75,0,0,2,2,0
hHQoBSTIFmBY5TBll3-vbpBQVS-J7wgVqoWp-sxSKHEoI5YiaMD-MW1wg-n_9TKh,20240303,玉野,1,G3,Ｓ級一般,base_color_7_bk,base_color_7,7,6,014511,内藤　高裕,,,東　京,S2,S2,追,100.57,0,0,1,0,0
hHQoBSTIFmBY5TBll3-vbpBQVS-J7wgVqoWp-sxSKHEoI5YiaMD-MW1wg-n_9TKh,20240303,玉野,1,G3,Ｓ級一般,base_color_8_bk,base_color_8,8,6,014983,高木　翔,,,岩　手,A1,S2,両,94.44,0,0,2,1,0
hHQoBSTIFmBY5TBll3-vbmkx2pqARaPRUChQdNIk6KX_eM7boMMg4Jmdt9FlYzE2,20240303,玉野,2,G3,Ｓ級一般,base_color_1_bk,base_color_1,1,1,015276,佐伯　亮輔,,,岡　山,A1,S2,逃,97.00,5,3,0,0,11
hHQoBSTIFmBY5TBll3-vbmkx2pqARaPRUChQdNIk6KX_eM7boMMg4Jmdt9FlYzE2,20240303,玉野,2,G3,Ｓ級一般,base_color_2_bk,base_color_2,2,2,013230,開坂　秀明,,,青　森,S2,S2,追,96.03,0,0,0,1,0
hHQoBSTIFmBY5TBll3-vbmkx2pqARaPRUChQdNIk6KX_eM7boMMg4Jmdt9FlYzE2,20240303,玉野,2,G3,Ｓ級一般,base_color_3_bk,base_color_3,3,3,015619,日高　裕太,,,静　岡,S2,S2,逃,100.30,7,0,0,0,9
hHQoBSTIFmBY5TBll3-vbmkx2pqARaPRUChQdNIk6KX_eM7boMMg4Jmdt9FlYzE2,20240303,玉野,2,G3,Ｓ級一般,base_color_4_bk,base_color_4,4,4,013482,松崎　貴久,,,富　山,A1,S2,追,94.82,0,0,6,3,0
hHQoBSTIFmBY5TBll3-vbmkx2pqARaPRUChQdNIk6KX_eM7boMMg4Jmdt9FlYzE2,20240303,玉野,2,G3,Ｓ級一般,base_color_5_bk,base_color_5,5,4,013990,荻原　尚人,color_blue,追加,宮　城,S2,S2,追,104.85,0,0,7,1,0
hHQoBSTIFmBY5TBll3-vbmkx2pqARaPRUChQdNIk6KX_eM7boMMg4Jmdt9FlYzE2,20240303,玉野,2,G3,Ｓ級一般,base_color_6_bk,base_color_6,6,5,014164,田中　孝彦,,,静　岡,A1,S2,追,93.64,0,0,4,3,0
hHQoBSTIFmBY5TBll3-vbmkx2pqARaPRUChQdNIk6KX_eM7boMMg4Jmdt9FlYzE2,20240303,玉野,2,G3,Ｓ級一般,base_color_7_bk,base_color_7,7,5,014221,古川　尚耶,,,栃　木,S2,S2,追,95.59,0,0,4,2,1
hHQoBSTIFmBY5TBll3-vbmkx2pqARaPRUChQdNIk6KX_eM7boMMg4Jmdt9FlYzE2,20240303,玉野,2,G3,Ｓ級一般,base_color_8_bk,base_color_8,8,6,015508,菅野　航基,,,宮　城,A1,S2,逃,94.00,6,0,0,0,14
hHQoBSTIFmBY5TBll3-vbmkx2pqARaPRUChQdNIk6KX_eM7boMMg4Jmdt9FlYzE2,20240303,玉野,2,G3,Ｓ級一般,base_color_9_bk,base_color_9,9,6,014710,花田　将司,,,千　葉,A1,S2,両,95.14,0,5,4,1,3
hHQoBSTIFmBY5TBll3-vbuQMfAYtWHlg-zmTfPLb4Kn5WR9hp1sbAcso-K_fGSOF,20240303,玉野,3,G3,Ｓ級一般,base_color_1_bk,base_color_1,1,1,013306,齋藤登志信,,,宮　城,S1,S2,追,100.90,0,0,2,1,1
hHQoBSTIFmBY5TBll3-vbuQMfAYtWHlg-zmTfPLb4Kn5WR9hp1sbAcso-K_fGSOF,20240303,玉野,3,G3,Ｓ級一般,base_color_2_bk,base_color_2,2,2,014082,高橋　雅之,,,千　葉,S2,S2,追,98.76,0,0,1,2,0
hHQoBSTIFmBY5TBll3-vbuQMfAYtWHlg-zmTfPLb4Kn5WR9hp1sbAcso-K_fGSOF,20240303,玉野,3,G3,Ｓ級一般,base_color_3_bk,base_color_3,3,3,015208,金ヶ江勇気,,,佐　賀,S2,S1,逃,101.37,1,7,0,1,4
hHQoBSTIFmBY5TBll3-vbuQMfAYtWHlg-zmTfPLb4Kn5WR9hp1sbAcso-K_fGSOF,20240303,玉野,3,G3,Ｓ級一般,base_color_4_bk,base_color_4,4,4,013950,松山　桂輔,color_blue,補充,愛　知,A1,S2,追,95.50,0,0,5,2,0
hHQoBSTIFmBY5TBll3-vbuQMfAYtWHlg-zmTfPLb4Kn5WR9hp1sbAcso-K_fGSOF,20240303,玉野,3,G3,Ｓ級一般,base_color_5_bk,base_color_5,5,4,015035,阿部　拓真,,,宮　城,S2,S1,両,97.62,0,0,2,0,3
hHQoBSTIFmBY5TBll3-vbuQMfAYtWHlg-zmTfPLb4Kn5WR9hp1sbAcso-K_fGSOF,20240303,玉野,3,G3,Ｓ級一般,base_color_6_bk,base_color_6,6,5,013810,良永　浩一,color_blue,追加,福　岡,A1,S2,追,93.35,0,1,1,2,0
hHQoBSTIFmBY5TBll3-vbuQMfAYtWHlg-zmTfPLb4Kn5WR9hp1sbAcso-K_fGSOF,20240303,玉野,3,G3,Ｓ級一般,base_color_7_bk,base_color_7,7,5,014465,村上　直久,,,神奈川,S2,S2,逃,98.17,3,2,0,0,4
hHQoBSTIFmBY5TBll3-vbuQMfAYtWHlg-zmTfPLb4Kn5WR9hp1sbAcso-K_fGSOF,20240303,玉野,3,G3,Ｓ級一般,base_color_8_bk,base_color_8,8,6,015632,常次　勇人,,,大　阪,A2,S2,逃,94.09,5,4,0,0,14
hHQoBSTIFmBY5TBll3-vbuQMfAYtWHlg-zmTfPLb4Kn5WR9hp1sbAcso-K_fGSOF,20240303,玉野,3,G3,Ｓ級一般,base_color_9_bk,base_color_9,9,6,014714,橋本　智昭,color_blue,追加,宮　城,S2,S2,逃,101.00,1,2,2,2,4
hHQoBSTIFmBY5TBll3-vbu6JiTHcb4ZkJBtEewdo1tOXR1soeEj8sH_W_aBNt9IK,20240303,玉野,4,G3,Ｓ級選抜,base_color_1_bk,base_color_1,1,1,012819,齊藤　竜也,,,神奈川,S1,S2,追,101.81,0,0,1,0,0
hHQoBSTIFmBY5TBll3-vbu6JiTHcb4ZkJBtEewdo1tOXR1soeEj8sH_W_aBNt9IK,20240303,玉野,4,G3,Ｓ級選抜,base_color_2_bk,base_color_2,2,2,013653,森安　崇之,,,香　川,S2,S2,追,94.82,0,0,2,0,0
hHQoBSTIFmBY5TBll3-vbu6JiTHcb4ZkJBtEewdo1tOXR1soeEj8sH_W_aBNt9IK,20240303,玉野,4,G3,Ｓ級選抜,base_color_3_bk,base_color_3,3,3,014004,松永　将,,,茨　城,S2,S2,追,98.26,0,0,3,1,0
hHQoBSTIFmBY5TBll3-vbu6JiTHcb4ZkJBtEewdo1tOXR1soeEj8sH_W_aBNt9IK,20240303,玉野,4,G3,Ｓ級選抜,base_color_4_bk,base_color_4,4,4,015361,高田　修汰,,,福　井,S2,S2,逃,94.26,1,0,0,0,15
hHQoBSTIFmBY5TBll3-vbu6JiTHcb4ZkJBtEewdo1tOXR1soeEj8sH_W_aBNt9IK,20240303,玉野,4,G3,Ｓ級選抜,base_color_5_bk,base_color_5,5,4,015288,薦田　将伍,color_blue,補充,愛　媛,S2,S2,逃,96.38,0,1,0,0,0
hHQoBSTIFmBY5TBll3-vbu6JiTHcb4ZkJBtEewdo1tOXR1soeEj8sH_W_aBNt9IK,20240303,玉野,4,G3,Ｓ級選抜,base_color_6_bk,base_color_6,6,5,013883,高津　晃治,color_blue,補充,岡　山,A1,S2,追,92.80,0,0,2,1,0
hHQoBSTIFmBY5TBll3-vbu6JiTHcb4ZkJBtEewdo1tOXR1soeEj8sH_W_aBNt9IK,20240303,玉野,4,G3,Ｓ級選抜,base_color_7_bk,base_color_7,7,5,014399,佐川　翔吾,,,大　阪,S2,S2,逃,98.39,2,2,2,0,2
hHQoBSTIFmBY5TBll3-vbu6JiTHcb4ZkJBtEewdo1tOXR1soeEj8sH_W_aBNt9IK,20240303,玉野,4,G3,Ｓ級選抜,base_color_8_bk,base_color_8,8,6,014590,近藤　夏樹,,,千　葉,A1,S2,逃,93.71,0,3,2,0,1
hHQoBSTIFmBY5TBll3-vbu6JiTHcb4ZkJBtEewdo1tOXR1soeEj8sH_W_aBNt9IK,20240303,玉野,4,G3,Ｓ級選抜,base_color_9_bk,base_color_9,9,6,012421,小沼　良,,,埼　玉,A1,S2,追,102.00,0,0,1,1,0
hHQoBSTIFmBY5TBll3-vbtDvqhWFemY_xzoqGerokKG-80JNj6kruXsOGAvOqX-Y,20240303,玉野,5,G3,Ｓ級選抜,base_color_1_bk,base_color_1,1,1,013724,渡辺　十夢,,,福　井,S1,S2,追,103.45,0,0,5,3,0
hHQoBSTIFmBY5TBll3-vbtDvqhWFemY_xzoqGerokKG-80JNj6kruXsOGAvOqX-Y,20240303,玉野,5,G3,Ｓ級選抜,base_color_2_bk,base_color_2,2,2,013604,庄子　信弘,,,宮　城,S2,S2,追,100.63,0,0,2,0,0
hHQoBSTIFmBY5TBll3-vbtDvqhWFemY_xzoqGerokKG-80JNj6kruXsOGAvOqX-Y,20240303,玉野,5,G3,Ｓ級選抜,base_color_3_bk,base_color_3,3,3,013495,友定　祐己,color_blue,追加,岡　山,S2,S2,追,98.37,0,0,4,0,0
hHQoBSTIFmBY5TBll3-vbtDvqhWFemY_xzoqGerokKG-80JNj6kruXsOGAvOqX-Y,20240303,玉野,5,G3,Ｓ級選抜,base_color_4_bk,base_color_4,4,4,013924,阿久津　修,,,栃　木,S2,S2,追,95.76,0,0,0,3,0
hHQoBSTIFmBY5TBll3-vbtDvqhWFemY_xzoqGerokKG-80JNj6kruXsOGAvOqX-Y,20240303,玉野,5,G3,Ｓ級選抜,base_color_5_bk,base_color_5,5,4,014641,箱田　優樹,,,青　森,S2,S2,両,98.46,0,1,0,0,1
hHQoBSTIFmBY5TBll3-vbtDvqhWFemY_xzoqGerokKG-80JNj6kruXsOGAvOqX-Y,20240303,玉野,5,G3,Ｓ級選抜,base_color_6_bk,base_color_6,6,5,013438,前反祐一郎,,,広　島,S2,S2,追,94.00,0,0,0,0,0
hHQoBSTIFmBY5TBll3-vbtDvqhWFemY_xzoqGerokKG-80JNj6kruXsOGAvOqX-Y,20240303,玉野,5,G3,Ｓ級選抜,base_color_7_bk,base_color_7,7,5,014253,伊藤　信,,,大　阪,S1,S1,逃,104.52,1,7,0,0,1
hHQoBSTIFmBY5TBll3-vbtDvqhWFemY_xzoqGerokKG-80JNj6kruXsOGAvOqX-Y,20240303,玉野,5,G3,Ｓ級選抜,base_color_8_bk,base_color_8,8,6,015463,畝木　聖,color_blue,補充,岡　山,A1,S2,逃,94.10,0,4,0,0,7
hHQoBSTIFmBY5TBll3-vbtDvqhWFemY_xzoqGerokKG-80JNj6kruXsOGAvOqX-Y,20240303,玉野,5,G3,Ｓ級選抜,base_color_9_bk,base_color_9,9,6,014440,渡辺　正光,,,福　島,S2,S2,追,97.13,0,0,1,1,1
hHQoBSTIFmBY5TBll3-vbj5igmTCMQBa4tqqtPrbSmiZAhEC4sb-3Io4rNaVB6b2,20240303,玉野,6,G3,Ｓ級選抜,base_color_1_bk,base_color_1,1,1,014394,不破　将登,,,岐　阜,S2,S2,両,99.96,0,1,3,5,1
hHQoBSTIFmBY5TBll3-vbj5igmTCMQBa4tqqtPrbSmiZAhEC4sb-3Io4rNaVB6b2,20240303,玉野,6,G3,Ｓ級選抜,base_color_2_bk,base_color_2,2,2,012786,佐藤　康紀,,,青　森,S2,S2,追,99.69,0,0,1,0,0
hHQoBSTIFmBY5TBll3-vbj5igmTCMQBa4tqqtPrbSmiZAhEC4sb-3Io4rNaVB6b2,20240303,玉野,6,G3,Ｓ級選抜,base_color_3_bk,base_color_3,3,3,015466,久田　裕也,,,徳　島,S2,S2,逃,105.17,4,7,1,0,9
hHQoBSTIFmBY5TBll3-vbj5igmTCMQBa4tqqtPrbSmiZAhEC4sb-3Io4rNaVB6b2,20240303,玉野,6,G3,Ｓ級選抜,base_color_4_bk,base_color_4,4,4,014258,片山　智晴,,,岡　山,A1,S2,追,97.40,0,0,1,0,0
hHQoBSTIFmBY5TBll3-vbj5igmTCMQBa4tqqtPrbSmiZAhEC4sb-3Io4rNaVB6b2,20240303,玉野,6,G3,Ｓ級選抜,base_color_5_bk,base_color_5,5,4,014168,高橋　和也,,,愛　知,S2,S2,両,99.52,0,4,1,1,2
hHQoBSTIFmBY5TBll3-vbj5igmTCMQBa4tqqtPrbSmiZAhEC4sb-3Io4rNaVB6b2,20240303,玉野,6,G3,Ｓ級選抜,base_color_6_bk,base_color_6,6,5,014455,小野　裕次,,,千　葉,A1,S2,追,92.76,0,0,2,0,0
hHQoBSTIFmBY5TBll3-vbj5igmTCMQBa4tqqtPrbSmiZAhEC4sb-3Io4rNaVB6b2,20240303,玉野,6,G3,Ｓ級選抜,base_color_7_bk,base_color_7,7,5,014795,櫻井　正孝,,,宮　城,S1,S1,追,103.78,0,0,3,0,0
hHQoBSTIFmBY5TBll3-vbj5igmTCMQBa4tqqtPrbSmiZAhEC4sb-3Io4rNaVB6b2,20240303,玉野,6,G3,Ｓ級選抜,base_color_8_bk,base_color_8,8,6,015060,滝本　泰行,color_blue,補充,岡　山,A1,S2,逃,94.32,1,1,4,0,7
hHQoBSTIFmBY5TBll3-vbj5igmTCMQBa4tqqtPrbSmiZAhEC4sb-3Io4rNaVB6b2,20240303,玉野,6,G3,Ｓ級選抜,base_color_9_bk,base_color_9,9,6,014081,田中　晴基,,,千　葉,S2,S1,追,103.58,0,0,1,3,1
hHQoBSTIFmBY5TBll3-vbsHwF9Cs2sdZw9pT1xJUQT-teh3-Ue6VCoW-ynGxioXf,20240303,玉野,7,G3,Ｓ級特選,base_color_1_bk,base_color_1,1,1,015465,石原　颯,,,香　川,S1,S2,逃,104.28,9,5,0,0,13
hHQoBSTIFmBY5TBll3-vbsHwF9Cs2sdZw9pT1xJUQT-teh3-Ue6VCoW-ynGxioXf,20240303,玉野,7,G3,Ｓ級特選,base_color_2_bk,base_color_2,2,2,014809,恩田　淳平,,,群　馬,S2,S1,追,108.68,0,1,7,2,0
hHQoBSTIFmBY5TBll3-vbsHwF9Cs2sdZw9pT1xJUQT-teh3-Ue6VCoW-ynGxioXf,20240303,玉野,7,G3,Ｓ級特選,base_color_3_bk,base_color_3,3,3,014016,石塚　孝幸,,,神奈川,S2,S2,追,104.78,0,0,5,1,0
hHQoBSTIFmBY5TBll3-vbsHwF9Cs2sdZw9pT1xJUQT-teh3-Ue6VCoW-ynGxioXf,20240303,玉野,7,G3,Ｓ級特選,base_color_4_bk,base_color_4,4,4,015235,嵯峨昇喜郎,,,青　森,S1,S2,逃,98.25,1,1,1,2,5
hHQoBSTIFmBY5TBll3-vbsHwF9Cs2sdZw9pT1xJUQT-teh3-Ue6VCoW-ynGxioXf,20240303,玉野,7,G3,Ｓ級特選,base_color_5_bk,base_color_5,5,4,015517,橋本　壮史,color_blue,追加,茨　城,S2,S1,逃,104.45,3,3,0,0,13
hHQoBSTIFmBY5TBll3-vbsHwF9Cs2sdZw9pT1xJUQT-teh3-Ue6VCoW-ynGxioXf,20240303,玉野,7,G3,Ｓ級特選,base_color_6_bk,base_color_6,6,5,013045,岩本　和也,,,石　川,A1,S2,追,96.15,0,1,3,2,0
hHQoBSTIFmBY5TBll3-vbsHwF9Cs2sdZw9pT1xJUQT-teh3-Ue6VCoW-ynGxioXf,20240303,玉野,7,G3,Ｓ級特選,base_color_7_bk,base_color_7,7,5,014458,近藤　保,,,千　葉,S1,S1,追,103.51,0,3,6,3,0
hHQoBSTIFmBY5TBll3-vbsHwF9Cs2sdZw9pT1xJUQT-teh3-Ue6VCoW-ynGxioXf,20240303,玉野,7,G3,Ｓ級特選,base_color_8_bk,base_color_8,8,6,013335,坂上　樹大,,,石　川,A1,S2,追,97.68,0,2,7,1,1
hHQoBSTIFmBY5TBll3-vbsHwF9Cs2sdZw9pT1xJUQT-teh3-Ue6VCoW-ynGxioXf,20240303,玉野,7,G3,Ｓ級特選,base_color_9_bk,base_color_9,9,6,014451,武藤　篤弘,,,埼　玉,S2,S2,追,101.80,0,0,3,1,0
hHQoBSTIFmBY5TBll3-vblnQpVu_dICL3AcjbGUFpo_FMcZULHX_dBNhaoh-midC,20240303,玉野,8,G3,Ｓ級特選,base_color_1_bk,base_color_1,1,1,015274,福永　大智,,,大　阪,S1,S1,逃,108.13,1,6,0,0,11
hHQoBSTIFmBY5TBll3-vblnQpVu_dICL3AcjbGUFpo_FMcZULHX_dBNhaoh-midC,20240303,玉野,8,G3,Ｓ級特選,base_color_2_bk,base_color_2,2,2,015373,晝田宗一郎,,,岡　山,S2,S2,逃,103.92,2,9,2,0,9
hHQoBSTIFmBY5TBll3-vblnQpVu_dICL3AcjbGUFpo_FMcZULHX_dBNhaoh-midC,20240303,玉野,8,G3,Ｓ級特選,base_color_3_bk,base_color_3,3,3,015289,橋本　瑠偉,color_blue,追加,栃　木,S2,S1,逃,104.61,3,5,1,0,5
hHQoBSTIFmBY5TBll3-vblnQpVu_dICL3AcjbGUFpo_FMcZULHX_dBNhaoh-midC,20240303,玉野,8,G3,Ｓ級特選,base_color_4_bk,base_color_4,4,4,015120,竹内　翼,,,広　島,S1,S2,逃,101.80,2,4,1,0,7
hHQoBSTIFmBY5TBll3-vblnQpVu_dICL3AcjbGUFpo_FMcZULHX_dBNhaoh-midC,20240303,玉野,8,G3,Ｓ級特選,base_color_5_bk,base_color_5,5,4,014317,山田　久徳,,,京　都,S1,S1,両,107.91,4,3,3,0,6
hHQoBSTIFmBY5TBll3-vblnQpVu_dICL3AcjbGUFpo_FMcZULHX_dBNhaoh-midC,20240303,玉野,8,G3,Ｓ級特選,base_color_6_bk,base_color_6,6,5,013912,金成　和幸,,,福　島,S2,S2,追,97.10,0,0,1,1,0
hHQoBSTIFmBY5TBll3-vblnQpVu_dICL3AcjbGUFpo_FMcZULHX_dBNhaoh-midC,20240303,玉野,8,G3,Ｓ級特選,base_color_7_bk,base_color_7,7,5,014507,長島　大介,,,栃　木,S1,S1,逃,108.05,2,3,2,0,5
hHQoBSTIFmBY5TBll3-vblnQpVu_dICL3AcjbGUFpo_FMcZULHX_dBNhaoh-midC,20240303,玉野,8,G3,Ｓ級特選,base_color_8_bk,base_color_8,8,6,013685,岡田　征陽,,,東　京,S2,S2,追,99.33,0,0,2,2,0
hHQoBSTIFmBY5TBll3-vblnQpVu_dICL3AcjbGUFpo_FMcZULHX_dBNhaoh-midC,20240303,玉野,8,G3,Ｓ級特選,base_color_9_bk,base_color_9,9,6,014356,佐藤　一伸,,,福　島,S2,S1,両,104.55,2,4,4,1,3
hHQoBSTIFmBY5TBll3-vbp6ie6rCW6HEePaKemO9qGtCE7_HiNmFvpS1f2NihBg4,20240303,玉野,9,G3,Ｓ級特選,base_color_1_bk,base_color_1,1,1,014441,芦澤　辰弘,,,茨　城,S2,S2,追,105.54,0,1,7,4,0
hHQoBSTIFmBY5TBll3-vbp6ie6rCW6HEePaKemO9qGtCE7_HiNmFvpS1f2NihBg4,20240303,玉野,9,G3,Ｓ級特選,base_color_2_bk,base_color_2,2,2,015040,隅田　洋介,,,岡　山,S1,S1,両,111.90,0,0,3,1,0
hHQoBSTIFmBY5TBll3-vbp6ie6rCW6HEePaKemO9qGtCE7_HiNmFvpS1f2NihBg4,20240303,玉野,9,G3,Ｓ級特選,base_color_3_bk,base_color_3,3,3,014264,松尾信太郎,,,福　岡,S2,S2,追,101.19,0,2,3,4,0
hHQoBSTIFmBY5TBll3-vbp6ie6rCW6HEePaKemO9qGtCE7_HiNmFvpS1f2NihBg4,20240303,玉野,9,G3,Ｓ級特選,base_color_4_bk,base_color_4,4,4,015043,大矢　崇弘,,,東　京,S2,S2,逃,99.72,2,1,1,0,3
hHQoBSTIFmBY5TBll3-vbp6ie6rCW6HEePaKemO9qGtCE7_HiNmFvpS1f2NihBg4,20240303,玉野,9,G3,Ｓ級特選,base_color_5_bk,base_color_5,5,4,014939,長尾　拳太,,,岐　阜,S2,S2,両,101.45,0,1,2,2,2
hHQoBSTIFmBY5TBll3-vbp6ie6rCW6HEePaKemO9qGtCE7_HiNmFvpS1f2NihBg4,20240303,玉野,9,G3,Ｓ級特選,base_color_6_bk,base_color_6,6,5,014845,表原　周,,,大　阪,S2,S2,追,98.46,0,1,2,3,0
hHQoBSTIFmBY5TBll3-vbp6ie6rCW6HEePaKemO9qGtCE7_HiNmFvpS1f2NihBg4,20240303,玉野,9,G3,Ｓ級特選,base_color_7_bk,base_color_7,7,5,015546,山根　将太,,,岡　山,S1,S1,逃,103.07,4,2,1,0,8
hHQoBSTIFmBY5TBll3-vbp6ie6rCW6HEePaKemO9qGtCE7_HiNmFvpS1f2NihBg4,20240303,玉野,9,G3,Ｓ級特選,base_color_8_bk,base_color_8,8,6,013274,八日市屋浩,,,石　川,S2,S2,追,99.37,0,0,2,5,0
hHQoBSTIFmBY5TBll3-vbp6ie6rCW6HEePaKemO9qGtCE7_HiNmFvpS1f2NihBg4,20240303,玉野,9,G3,Ｓ級特選,base_color_9_bk,base_color_9,9,6,015385,立部　楓真,,,佐　賀,S2,S2,逃,102.40,3,5,0,0,11
hHQoBSTIFmBY5TBll3-vbsgFEx0NQtKWQ-6axSfqY883pRe0UwGX7JhI0fnJh_GT,20240303,玉野,10,G3,Ｓ級特別優秀,base_color_1_bk,base_color_1,1,1,015248,森田　優弥,,,埼　玉,S2,S2,逃,109.57,10,3,1,0,15
hHQoBSTIFmBY5TBll3-vbsgFEx0NQtKWQ-6axSfqY883pRe0UwGX7JhI0fnJh_GT,20240303,玉野,10,G3,Ｓ級特別優秀,base_color_2_bk,base_color_2,2,2,014113,北津留　翼,,,福　岡,S1,S1,逃,112.48,0,11,2,0,9
hHQoBSTIFmBY5TBll3-vbsgFEx0NQtKWQ-6axSfqY883pRe0UwGX7JhI0fnJh_GT,20240303,玉野,10,G3,Ｓ級特別優秀,base_color_3_bk,base_color_3,3,3,014996,岡本　総,,,愛　知,S1,S1,追,105.23,1,1,3,1,3
hHQoBSTIFmBY5TBll3-vbsgFEx0NQtKWQ-6axSfqY883pRe0UwGX7JhI0fnJh_GT,20240303,玉野,10,G3,Ｓ級特別優秀,base_color_4_bk,base_color_4,4,4,015195,久保田泰弘,,,山　口,S2,S2,追,103.54,0,0,4,1,0
hHQoBSTIFmBY5TBll3-vbsgFEx0NQtKWQ-6axSfqY883pRe0UwGX7JhI0fnJh_GT,20240303,玉野,10,G3,Ｓ級特別優秀,base_color_5_bk,base_color_5,5,4,014564,塚本　大樹,,,熊　本,S1,S2,追,105.44,0,0,0,2,0
hHQoBSTIFmBY5TBll3-vbsgFEx0NQtKWQ-6axSfqY883pRe0UwGX7JhI0fnJh_GT,20240303,玉野,10,G3,Ｓ級特別優秀,base_color_6_bk,base_color_6,6,5,014574,佐伯　翔,,,福　島,S2,S2,追,98.28,0,0,2,3,0
hHQoBSTIFmBY5TBll3-vbsgFEx0NQtKWQ-6axSfqY883pRe0UwGX7JhI0fnJh_GT,20240303,玉野,10,G3,Ｓ級特別優秀,base_color_7_bk,base_color_7,7,5,015291,山口　敦也,,,佐　賀,S1,S2,両,105.10,0,1,1,1,0
hHQoBSTIFmBY5TBll3-vbsgFEx0NQtKWQ-6axSfqY883pRe0UwGX7JhI0fnJh_GT,20240303,玉野,10,G3,Ｓ級特別優秀,base_color_8_bk,base_color_8,8,6,012948,小林　潤二,,,群　馬,S2,S2,追,102.00,0,0,4,1,0
hHQoBSTIFmBY5TBll3-vbsgFEx0NQtKWQ-6axSfqY883pRe0UwGX7JhI0fnJh_GT,20240303,玉野,10,G3,Ｓ級特別優秀,base_color_9_bk,base_color_9,9,6,015661,東矢　圭吾,,,熊　本,S2,S2,逃,105.95,5,1,1,0,9
hHQoBSTIFmBY5TBll3-vbs60y7TeHOhbOQO255d3KBeKJzNROpHjwb3y4mnmN0QT,20240303,玉野,11,G3,Ｓ級特別優秀,base_color_1_bk,base_color_1,1,1,015009,清水　裕友,,,山　口,SS,SS,逃,118.64,0,7,2,2,1
hHQoBSTIFmBY5TBll3-vbs60y7TeHOhbOQO255d3KBeKJzNROpHjwb3y4mnmN0QT,20240303,玉野,11,G3,Ｓ級特別優秀,base_color_2_bk,base_color_2,2,2,012339,内藤　宣彦,,,秋　田,S1,S1,追,106.90,0,0,6,1,0
hHQoBSTIFmBY5TBll3-vbs60y7TeHOhbOQO255d3KBeKJzNROpHjwb3y4mnmN0QT,20240303,玉野,11,G3,Ｓ級特別優秀,base_color_3_bk,base_color_3,3,3,014117,小岩　大介,,,大　分,S1,S1,追,109.87,0,0,7,4,0
hHQoBSTIFmBY5TBll3-vbs60y7TeHOhbOQO255d3KBeKJzNROpHjwb3y4mnmN0QT,20240303,玉野,11,G3,Ｓ級特別優秀,base_color_4_bk,base_color_4,4,4,015381,岩谷　拓磨,,,福　岡,S1,S1,逃,106.31,1,9,1,0,10
hHQoBSTIFmBY5TBll3-vbs60y7TeHOhbOQO255d3KBeKJzNROpHjwb3y4mnmN0QT,20240303,玉野,11,G3,Ｓ級特別優秀,base_color_5_bk,base_color_5,5,4,015436,青野　将大,,,神奈川,S1,S1,逃,107.50,7,3,0,0,12
hHQoBSTIFmBY5TBll3-vbs60y7TeHOhbOQO255d3KBeKJzNROpHjwb3y4mnmN0QT,20240303,玉野,11,G3,Ｓ級特別優秀,base_color_6_bk,base_color_6,6,5,014177,小堺　浩二,,,石　川,S2,S2,両,99.75,0,8,2,0,1
hHQoBSTIFmBY5TBll3-vbs60y7TeHOhbOQO255d3KBeKJzNROpHjwb3y4mnmN0QT,20240303,玉野,11,G3,Ｓ級特別優秀,base_color_7_bk,base_color_7,7,5,015518,吉田　有希,,,茨　城,S1,S1,逃,108.11,6,1,0,1,7
hHQoBSTIFmBY5TBll3-vbs60y7TeHOhbOQO255d3KBeKJzNROpHjwb3y4mnmN0QT,20240303,玉野,11,G3,Ｓ級特別優秀,base_color_8_bk,base_color_8,8,6,014588,柿澤　大貴,,,長　野,S1,S1,追,100.16,0,1,0,2,1
hHQoBSTIFmBY5TBll3-vbs60y7TeHOhbOQO255d3KBeKJzNROpHjwb3y4mnmN0QT,20240303,玉野,11,G3,Ｓ級特別優秀,base_color_9_bk,base_color_9,9,6,013963,柏野　智典,,,岡　山,S1,S1,追,106.53,0,0,4,1,0
hHQoBSTIFmBY5TBll3-vbuEh9oVWcEe-PgOmjcJZ-I-hiSsMXEpiQpobCFbgnPDp,20240303,玉野,12,G3,Ｓ級決勝,base_color_1_bk,base_color_1,1,1,014681,松浦　悠士,,,広　島,SS,SS,両,118.62,0,3,7,0,0
hHQoBSTIFmBY5TBll3-vbuEh9oVWcEe-PgOmjcJZ-I-hiSsMXEpiQpobCFbgnPDp,20240303,玉野,12,G3,Ｓ級決勝,base_color_2_bk,base_color_2,2,2,013841,平原　康多,,,埼　玉,S1,S1,両,113.47,0,0,8,2,0
hHQoBSTIFmBY5TBll3-vbuEh9oVWcEe-PgOmjcJZ-I-hiSsMXEpiQpobCFbgnPDp,20240303,玉野,12,G3,Ｓ級決勝,base_color_3_bk,base_color_3,3,3,015451,山口　拳矢,,,岐　阜,SS,SS,逃,113.22,0,2,0,0,1
hHQoBSTIFmBY5TBll3-vbuEh9oVWcEe-PgOmjcJZ-I-hiSsMXEpiQpobCFbgnPDp,20240303,玉野,12,G3,Ｓ級決勝,base_color_4_bk,base_color_4,4,4,013880,岩津　裕介,,,岡　山,S1,S1,追,108.57,0,0,1,1,0
hHQoBSTIFmBY5TBll3-vbuEh9oVWcEe-PgOmjcJZ-I-hiSsMXEpiQpobCFbgnPDp,20240303,玉野,12,G3,Ｓ級決勝,base_color_5_bk,base_color_5,5,4,013791,村上　博幸,,,京　都,S1,S1,追,112.00,0,0,5,3,0
hHQoBSTIFmBY5TBll3-vbuEh9oVWcEe-PgOmjcJZ-I-hiSsMXEpiQpobCFbgnPDp,20240303,玉野,12,G3,Ｓ級決勝,base_color_6_bk,base_color_6,6,5,014384,佐藤　龍二,,,神奈川,S2,S2,両,102.51,0,3,5,3,0
hHQoBSTIFmBY5TBll3-vbuEh9oVWcEe-PgOmjcJZ-I-hiSsMXEpiQpobCFbgnPDp,20240303,玉野,12,G3,Ｓ級決勝,base_color_7_bk,base_color_7,7,5,015061,取鳥　雄吾,,,岡　山,S1,S1,逃,111.25,5,6,1,1,11
hHQoBSTIFmBY5TBll3-vbuEh9oVWcEe-PgOmjcJZ-I-hiSsMXEpiQpobCFbgnPDp,20240303,玉野,12,G3,Ｓ級決勝,base_color_8_bk,base_color_8,8,6,014635,中本　匠栄,,,熊　本,S1,S1,追,106.90,0,0,0,0,0
hHQoBSTIFmBY5TBll3-vbuEh9oVWcEe-PgOmjcJZ-I-hiSsMXEpiQpobCFbgnPDp,20240303,玉野,12,G3,Ｓ級決勝,base_color_9_bk,base_color_9,9,6,015242,眞杉　匠,,,栃　木,SS,SS,逃,117.80,0,1,0,0,0
4y6dPhGvcrSladdkbHutiwxiom5Qc3Vg1lBCI3kbtuPjAp2P0slJheftocXHRU16,20240303,いわき平,1,F1,Ａ級一般,base_color_1_bk,base_color_1,1,,013914,小谷田公則,,,福　島,A2,A2,追,83.96,0,0,4,5,0
4y6dPhGvcrSladdkbHutiwxiom5Qc3Vg1lBCI3kbtuPjAp2P0slJheftocXHRU16,20240303,いわき平,1,F1,Ａ級一般,base_color_2_bk,base_color_2,2,,011451,重　一徳,,,鹿児島,A2,A2,追,81.04,0,0,2,2,0
4y6dPhGvcrSladdkbHutiwxiom5Qc3Vg1lBCI3kbtuPjAp2P0slJheftocXHRU16,20240303,いわき平,1,F1,Ａ級一般,base_color_3_bk,base_color_3,3,,014937,田中　誇士,,,静　岡,A2,A2,両,82.09,6,1,0,0,7
4y6dPhGvcrSladdkbHutiwxiom5Qc3Vg1lBCI3kbtuPjAp2P0slJheftocXHRU16,20240303,いわき平,1,F1,Ａ級一般,base_color_4_bk,base_color_4,4,,013399,塚本　勝士,,,栃　木,A2,A1,両,78.86,0,0,0,0,0
4y6dPhGvcrSladdkbHutiwxiom5Qc3Vg1lBCI3kbtuPjAp2P0slJheftocXHRU16,20240303,いわき平,1,F1,Ａ級一般,base_color_5_bk,base_color_5,5,,014019,長崎　達也,,,神奈川,A3,A2,両,75.62,0,0,3,1,0
4y6dPhGvcrSladdkbHutiwxiom5Qc3Vg1lBCI3kbtuPjAp2P0slJheftocXHRU16,20240303,いわき平,1,F1,Ａ級一般,base_color_6_bk,base_color_6,6,,014772,細田　純平,,,広　島,A3,A2,逃,73.50,1,0,0,0,6
4y6dPhGvcrSladdkbHutiz5essVX-Jbb8avAH-BRsFFtRXLm5RWHfXyfEknlMNSs,20240303,いわき平,2,F1,Ａ級一般,base_color_1_bk,base_color_1,1,,013742,葛西雄太郎,,,愛　媛,A1,A2,両,79.95,6,0,0,0,13
4y6dPhGvcrSladdkbHutiz5essVX-Jbb8avAH-BRsFFtRXLm5RWHfXyfEknlMNSs,20240303,いわき平,2,F1,Ａ級一般,base_color_2_bk,base_color_2,2,,011487,宮倉　勇,,,千　葉,A1,A1,追,84.20,0,1,3,0,0
4y6dPhGvcrSladdkbHutiz5essVX-Jbb8avAH-BRsFFtRXLm5RWHfXyfEknlMNSs,20240303,いわき平,2,F1,Ａ級一般,base_color_3_bk,base_color_3,3,,015155,三浦　大輝,,,宮　城,A2,A2,逃,80.20,1,0,0,0,4
4y6dPhGvcrSladdkbHutiz5essVX-Jbb8avAH-BRsFFtRXLm5RWHfXyfEknlMNSs,20240303,いわき平,2,F1,Ａ級一般,base_color_4_bk,base_color_4,4,,013099,大橋　直人,,,埼　玉,A2,A2,追,82.64,0,0,0,0,0
4y6dPhGvcrSladdkbHutiz5essVX-Jbb8avAH-BRsFFtRXLm5RWHfXyfEknlMNSs,20240303,いわき平,2,F1,Ａ級一般,base_color_5_bk,base_color_5,5,,012466,郡　英治,,,広　島,A1,A2,追,84.66,0,0,2,2,0
4y6dPhGvcrSladdkbHutiz5essVX-Jbb8avAH-BRsFFtRXLm5RWHfXyfEknlMNSs,20240303,いわき平,2,F1,Ａ級一般,base_color_6_bk,base_color_6,6,,012586,佐藤　和典,,,神奈川,A2,A2,追,77.33,0,0,0,0,0
4y6dPhGvcrSladdkbHutizIzsH9WsChnCyzO0YU76uX5xkbFFEljo7dMnZBi8kJG,20240303,いわき平,3,F1,Ａ級特選,base_color_1_bk,base_color_1,1,,014731,山崎　輝夫,,,埼　玉,A1,A1,両,89.36,1,0,8,3,1
4y6dPhGvcrSladdkbHutizIzsH9WsChnCyzO0YU76uX5xkbFFEljo7dMnZBi8kJG,20240303,いわき平,3,F1,Ａ級特選,base_color_2_bk,base_color_2,2,,013493,立花　成泰,,,岡　山,S2,A1,追,91.36,0,0,2,2,0
4y6dPhGvcrSladdkbHutizIzsH9WsChnCyzO0YU76uX5xkbFFEljo7dMnZBi8kJG,20240303,いわき平,3,F1,Ａ級特選,base_color_3_bk,base_color_3,3,,014304,大竹　哲也,,,静　岡,A1,A1,追,83.75,0,0,4,1,0
4y6dPhGvcrSladdkbHutizIzsH9WsChnCyzO0YU76uX5xkbFFEljo7dMnZBi8kJG,20240303,いわき平,3,F1,Ａ級特選,base_color_4_bk,base_color_4,4,,015339,土田　武志,,,茨　城,A1,A1,逃,92.66,3,0,1,0,4
4y6dPhGvcrSladdkbHutizIzsH9WsChnCyzO0YU76uX5xkbFFEljo7dMnZBi8kJG,20240303,いわき平,3,F1,Ａ級特選,base_color_5_bk,base_color_5,5,,013553,小島　雅章,,,埼　玉,A1,A1,追,84.60,0,0,5,2,0
4y6dPhGvcrSladdkbHutizIzsH9WsChnCyzO0YU76uX5xkbFFEljo7dMnZBi8kJG,20240303,いわき平,3,F1,Ａ級特選,base_color_6_bk,base_color_6,6,,014278,白川　将太,,,青　森,A1,A2,追,79.47,0,0,0,0,0
4y6dPhGvcrSladdkbHutizIzsH9WsChnCyzO0YU76uX5xkbFFEljo7dMnZBi8kJG,20240303,いわき平,3,F1,Ａ級特選,base_color_7_bk,base_color_7,7,,015650,田代　匠,color_blue,追加,福　岡,A2,A2,逃,86.13,3,1,1,0,10
4y6dPhGvcrSladdkbHutix0HoVDT9iTgDUnSc9foFiErx7HFENmth7RXBjIcikg4,20240303,いわき平,4,F1,Ａ級特選,base_color_1_bk,base_color_1,1,,015200,谷口　幸司,,,高　知,A1,A1,両,88.33,0,0,4,3,0
4y6dPhGvcrSladdkbHutix0HoVDT9iTgDUnSc9foFiErx7HFENmth7RXBjIcikg4,20240303,いわき平,4,F1,Ａ級特選,base_color_2_bk,base_color_2,2,,014579,齋藤　一茂,,,群　馬,A2,A2,逃,85.29,6,2,1,0,13
4y6dPhGvcrSladdkbHutix0HoVDT9iTgDUnSc9foFiErx7HFENmth7RXBjIcikg4,20240303,いわき平,4,F1,Ａ級特選,base_color_3_bk,base_color_3,3,,013824,上吹越直樹,,,鹿児島,S2,A1,追,94.05,0,0,4,1,0
4y6dPhGvcrSladdkbHutix0HoVDT9iTgDUnSc9foFiErx7HFENmth7RXBjIcikg4,20240303,いわき平,4,F1,Ａ級特選,base_color_4_bk,base_color_4,4,,014805,吉田　元輝,,,茨　城,A2,A2,両,84.95,0,1,2,3,3
4y6dPhGvcrSladdkbHutix0HoVDT9iTgDUnSc9foFiErx7HFENmth7RXBjIcikg4,20240303,いわき平,4,F1,Ａ級特選,base_color_5_bk,base_color_5,5,,015513,菊池　翔,,,福　島,A1,A1,逃,89.66,2,3,1,1,5
4y6dPhGvcrSladdkbHutix0HoVDT9iTgDUnSc9foFiErx7HFENmth7RXBjIcikg4,20240303,いわき平,4,F1,Ａ級特選,base_color_6_bk,base_color_6,6,,014850,岡田　啓渡,,,愛　媛,A1,A2,両,83.46,0,0,3,0,1
4y6dPhGvcrSladdkbHutix0HoVDT9iTgDUnSc9foFiErx7HFENmth7RXBjIcikg4,20240303,いわき平,4,F1,Ａ級特選,base_color_7_bk,base_color_7,7,,012794,宇賀神浩幸,,,栃　木,A1,A2,追,84.83,0,0,1,2,0
4y6dPhGvcrSladdkbHuti3225ln4wqOtFYrSaZiSRB3U_T0zYN11Eip6J8XOY1et,20240303,いわき平,5,F1,Ｓ級一般,base_color_1_bk,base_color_1,1,,013766,武井　大介,color_blue,追加,千　葉,S2,S2,追,98.30,0,0,1,2,0
4y6dPhGvcrSladdkbHuti3225ln4wqOtFYrSaZiSRB3U_T0zYN11Eip6J8XOY1et,20240303,いわき平,5,F1,Ｓ級一般,base_color_2_bk,base_color_2,2,,014548,棚橋　勉,,,岡　山,S2,S2,追,98.75,0,0,1,3,0
4y6dPhGvcrSladdkbHuti3225ln4wqOtFYrSaZiSRB3U_T0zYN11Eip6J8XOY1et,20240303,いわき平,5,F1,Ｓ級一般,base_color_3_bk,base_color_3,3,,014141,中川　貴徳,,,栃　木,S2,S2,追,102.30,0,0,5,1,0
4y6dPhGvcrSladdkbHuti3225ln4wqOtFYrSaZiSRB3U_T0zYN11Eip6J8XOY1et,20240303,いわき平,5,F1,Ｓ級一般,base_color_4_bk,base_color_4,4,,015442,仁藤　秀,,,静　岡,A1,S2,逃,96.50,2,6,0,0,4
4y6dPhGvcrSladdkbHuti3225ln4wqOtFYrSaZiSRB3U_T0zYN11Eip6J8XOY1et,20240303,いわき平,5,F1,Ｓ級一般,base_color_5_bk,base_color_5,5,,015507,上遠野拓馬,,,宮　城,A1,S2,逃,93.35,1,1,0,0,12
4y6dPhGvcrSladdkbHuti3225ln4wqOtFYrSaZiSRB3U_T0zYN11Eip6J8XOY1et,20240303,いわき平,5,F1,Ｓ級一般,base_color_6_bk,base_color_6,6,,015278,田中　和磨,,,岡　山,A1,S2,逃,89.29,0,1,2,0,8
4y6dPhGvcrSladdkbHuti3225ln4wqOtFYrSaZiSRB3U_T0zYN11Eip6J8XOY1et,20240303,いわき平,5,F1,Ｓ級一般,base_color_7_bk,base_color_7,7,,012501,金子　真也,,,群　馬,S1,S2,追,98.00,0,0,0,0,0
4y6dPhGvcrSladdkbHuti-Ai_losdY36BfGAeG2SHwigO4Ojzm0MIymUDeL3sZDY,20240303,いわき平,6,F1,Ｓ級一般,base_color_1_bk,base_color_1,1,,013146,八谷　誠賢,,,福　岡,A1,S2,逃,95.26,1,4,1,0,0
4y6dPhGvcrSladdkbHuti-Ai_losdY36BfGAeG2SHwigO4Ojzm0MIymUDeL3sZDY,20240303,いわき平,6,F1,Ｓ級一般,base_color_2_bk,base_color_2,2,,012487,紺野　哲也,,,宮　城,S2,S2,追,98.08,0,0,3,1,0
4y6dPhGvcrSladdkbHuti-Ai_losdY36BfGAeG2SHwigO4Ojzm0MIymUDeL3sZDY,20240303,いわき平,6,F1,Ｓ級一般,base_color_3_bk,base_color_3,3,,014225,伊藤　亮,color_blue,追加,埼　玉,S2,S2,追,96.26,0,0,1,1,0
4y6dPhGvcrSladdkbHuti-Ai_losdY36BfGAeG2SHwigO4Ojzm0MIymUDeL3sZDY,20240303,いわき平,6,F1,Ｓ級一般,base_color_4_bk,base_color_4,4,,014361,真船圭一郎,color_blue,補充,福　島,S2,S2,逃,97.80,0,4,0,0,7
4y6dPhGvcrSladdkbHuti-Ai_losdY36BfGAeG2SHwigO4Ojzm0MIymUDeL3sZDY,20240303,いわき平,6,F1,Ｓ級一般,base_color_5_bk,base_color_5,5,,014448,相川　永伍,,,埼　玉,S2,S2,追,99.00,0,1,1,3,0
4y6dPhGvcrSladdkbHuti-Ai_losdY36BfGAeG2SHwigO4Ojzm0MIymUDeL3sZDY,20240303,いわき平,6,F1,Ｓ級一般,base_color_6_bk,base_color_6,6,,015348,寺沼　伊織,,,東　京,S2,S2,両,93.04,0,0,0,0,0
4y6dPhGvcrSladdkbHuti-Ai_losdY36BfGAeG2SHwigO4Ojzm0MIymUDeL3sZDY,20240303,いわき平,6,F1,Ｓ級一般,base_color_7_bk,base_color_7,7,,014262,稲吉　悠大,,,福　岡,S2,S2,追,102.16,0,1,1,3,0
4y6dPhGvcrSladdkbHutix2Yw_28t_u5AsrVeTEPIAuC4btIUC3EcgxIO8fLBt9X,20240303,いわき平,7,F1,Ｓ級一般,base_color_1_bk,base_color_1,1,,014350,佐藤　雅春,,,宮　城,S2,S2,両,97.70,0,0,2,4,0
4y6dPhGvcrSladdkbHutix2Yw_28t_u5AsrVeTEPIAuC4btIUC3EcgxIO8fLBt9X,20240303,いわき平,7,F1,Ｓ級一般,base_color_2_bk,base_color_2,2,,014622,高市　訓但,,,愛　媛,S2,S2,追,96.55,0,0,2,2,0
4y6dPhGvcrSladdkbHutix2Yw_28t_u5AsrVeTEPIAuC4btIUC3EcgxIO8fLBt9X,20240303,いわき平,7,F1,Ｓ級一般,base_color_3_bk,base_color_3,3,,015350,山本　修平,,,東　京,S2,S2,逃,97.78,2,3,1,0,4
4y6dPhGvcrSladdkbHutix2Yw_28t_u5AsrVeTEPIAuC4btIUC3EcgxIO8fLBt9X,20240303,いわき平,7,F1,Ｓ級一般,base_color_4_bk,base_color_4,4,,014791,木村　弘,,,青　森,S2,S2,逃,102.05,4,2,0,0,14
4y6dPhGvcrSladdkbHutix2Yw_28t_u5AsrVeTEPIAuC4btIUC3EcgxIO8fLBt9X,20240303,いわき平,7,F1,Ｓ級一般,base_color_5_bk,base_color_5,5,,014506,磯田　旭,,,栃　木,S1,S1,追,97.83,0,0,1,2,0
4y6dPhGvcrSladdkbHutix2Yw_28t_u5AsrVeTEPIAuC4btIUC3EcgxIO8fLBt9X,20240303,いわき平,7,F1,Ｓ級一般,base_color_6_bk,base_color_6,6,,014212,山崎　将幸,,,宮　城,A1,S2,追,94.29,0,0,0,0,0
4y6dPhGvcrSladdkbHutix2Yw_28t_u5AsrVeTEPIAuC4btIUC3EcgxIO8fLBt9X,20240303,いわき平,7,F1,Ｓ級一般,base_color_7_bk,base_color_7,7,,014163,内田　英介,,,東　京,S2,S2,追,98.76,0,0,2,1,0
4y6dPhGvcrSladdkbHuti-dYoLkp4XzHsF7oXsFpqeffwd-pnBwwKsMA4Ku1L0St,20240303,いわき平,8,F1,Ｓ級特選,base_color_1_bk,base_color_1,1,,014080,近藤　隆司,,,千　葉,S1,S2,逃,100.03,3,2,2,1,3
4y6dPhGvcrSladdkbHuti-dYoLkp4XzHsF7oXsFpqeffwd-pnBwwKsMA4Ku1L0St,20240303,いわき平,8,F1,Ｓ級特選,base_color_2_bk,base_color_2,2,,015239,佐々木堅次,,,福　島,S2,S2,逃,102.45,1,6,1,1,1
4y6dPhGvcrSladdkbHuti-dYoLkp4XzHsF7oXsFpqeffwd-pnBwwKsMA4Ku1L0St,20240303,いわき平,8,F1,Ｓ級特選,base_color_3_bk,base_color_3,3,,015038,山岸　佳太,,,茨　城,S1,S1,両,102.33,0,2,0,0,1
4y6dPhGvcrSladdkbHuti-dYoLkp4XzHsF7oXsFpqeffwd-pnBwwKsMA4Ku1L0St,20240303,いわき平,8,F1,Ｓ級特選,base_color_4_bk,base_color_4,4,,013772,岡村　潤,,,静　岡,S1,S1,追,108.53,0,0,8,7,0
4y6dPhGvcrSladdkbHuti-dYoLkp4XzHsF7oXsFpqeffwd-pnBwwKsMA4Ku1L0St,20240303,いわき平,8,F1,Ｓ級特選,base_color_5_bk,base_color_5,5,,013670,小橋　秀幸,,,青　森,S2,S2,追,100.08,0,0,2,1,0
4y6dPhGvcrSladdkbHuti-dYoLkp4XzHsF7oXsFpqeffwd-pnBwwKsMA4Ku1L0St,20240303,いわき平,8,F1,Ｓ級特選,base_color_6_bk,base_color_6,6,,013631,勝瀬　卓也,,,神奈川,S2,S2,追,95.59,0,0,1,1,0
4y6dPhGvcrSladdkbHuti-dYoLkp4XzHsF7oXsFpqeffwd-pnBwwKsMA4Ku1L0St,20240303,いわき平,8,F1,Ｓ級特選,base_color_7_bk,base_color_7,7,,015346,鈴木　薫,,,東　京,S2,S2,逃,99.42,3,0,1,1,10
4y6dPhGvcrSladdkbHutiw6C-53ufbCemjxa0CNsL028o4ws3K0YbQhUJZ7hSmOW,20240303,いわき平,9,F1,Ｓ級特選,base_color_1_bk,base_color_1,1,,014730,中田　健太,,,埼　玉,S1,S1,追,110.62,0,0,5,3,0
4y6dPhGvcrSladdkbHutiw6C-53ufbCemjxa0CNsL028o4ws3K0YbQhUJZ7hSmOW,20240303,いわき平,9,F1,Ｓ級特選,base_color_2_bk,base_color_2,2,,013945,福田　知也,,,神奈川,S1,S1,追,106.00,0,1,10,1,0
4y6dPhGvcrSladdkbHutiw6C-53ufbCemjxa0CNsL028o4ws3K0YbQhUJZ7hSmOW,20240303,いわき平,9,F1,Ｓ級特選,base_color_3_bk,base_color_3,3,,015191,奥村　諭志,color_blue,追加,岡　山,S2,S2,逃,97.50,3,2,1,0,6
4y6dPhGvcrSladdkbHutiw6C-53ufbCemjxa0CNsL028o4ws3K0YbQhUJZ7hSmOW,20240303,いわき平,9,F1,Ｓ級特選,base_color_4_bk,base_color_4,4,,013765,海老根恵太,,,千　葉,A1,S2,追,103.85,0,0,5,2,0
4y6dPhGvcrSladdkbHutiw6C-53ufbCemjxa0CNsL028o4ws3K0YbQhUJZ7hSmOW,20240303,いわき平,9,F1,Ｓ級特選,base_color_5_bk,base_color_5,5,,015246,黒沢　征治,,,埼　玉,S2,S1,逃,105.46,5,1,0,2,11
4y6dPhGvcrSladdkbHutiw6C-53ufbCemjxa0CNsL028o4ws3K0YbQhUJZ7hSmOW,20240303,いわき平,9,F1,Ｓ級特選,base_color_6_bk,base_color_6,6,,013618,櫻井　学,,,群　馬,A1,S2,両,96.42,0,3,4,1,1
4y6dPhGvcrSladdkbHutiw6C-53ufbCemjxa0CNsL028o4ws3K0YbQhUJZ7hSmOW,20240303,いわき平,9,F1,Ｓ級特選,base_color_7_bk,base_color_7,7,,013886,大屋　健司,,,広　島,S2,S2,追,98.23,0,1,4,0,0
4y6dPhGvcrSladdkbHuti82F27qwmEQ1DAK304lk3W3MmPsfiXpgdvVqSE_tNd-1,20240303,いわき平,10,F1,Ｓ級特選,base_color_1_bk,base_color_1,1,,014052,飯野　祐太,,,福　島,S1,S1,両,104.57,0,2,3,3,1
4y6dPhGvcrSladdkbHuti82F27qwmEQ1DAK304lk3W3MmPsfiXpgdvVqSE_tNd-1,20240303,いわき平,10,F1,Ｓ級特選,base_color_2_bk,base_color_2,2,,014685,掛水　泰範,,,高　知,S2,S2,両,97.35,0,0,1,1,0
4y6dPhGvcrSladdkbHuti82F27qwmEQ1DAK304lk3W3MmPsfiXpgdvVqSE_tNd-1,20240303,いわき平,10,F1,Ｓ級特選,base_color_3_bk,base_color_3,3,,013920,山崎　芳仁,,,福　島,S1,S1,両,109.75,0,5,2,1,4
4y6dPhGvcrSladdkbHuti82F27qwmEQ1DAK304lk3W3MmPsfiXpgdvVqSE_tNd-1,20240303,いわき平,10,F1,Ｓ級特選,base_color_4_bk,base_color_4,4,,014045,吉本　卓仁,,,福　岡,S1,S1,両,104.08,0,5,2,3,4
4y6dPhGvcrSladdkbHuti82F27qwmEQ1DAK304lk3W3MmPsfiXpgdvVqSE_tNd-1,20240303,いわき平,10,F1,Ｓ級特選,base_color_5_bk,base_color_5,5,,015389,宮崎　大空,,,熊　本,A1,S2,両,95.93,0,1,2,2,0
4y6dPhGvcrSladdkbHuti82F27qwmEQ1DAK304lk3W3MmPsfiXpgdvVqSE_tNd-1,20240303,いわき平,10,F1,Ｓ級特選,base_color_6_bk,base_color_6,6,,014065,鰐淵　圭佑,,,群　馬,A1,S2,追,95.10,0,0,3,0,0
4y6dPhGvcrSladdkbHuti82F27qwmEQ1DAK304lk3W3MmPsfiXpgdvVqSE_tNd-1,20240303,いわき平,10,F1,Ｓ級特選,base_color_7_bk,base_color_7,7,,013252,中村　浩士,,,千　葉,S2,S1,追,102.23,0,0,3,2,0
4y6dPhGvcrSladdkbHutizx6UK5HNgy3DeNZ8F0sNkZspxe53891MCUqtiZtj2Od,20240303,いわき平,11,F1,Ａ級決勝,base_color_1_bk,base_color_1,1,,015529,塚本　瑠羽,,,神奈川,A2,A1,逃,91.23,3,4,0,0,5
4y6dPhGvcrSladdkbHutizx6UK5HNgy3DeNZ8F0sNkZspxe53891MCUqtiZtj2Od,20240303,いわき平,11,F1,Ａ級決勝,base_color_2_bk,base_color_2,2,,015285,久樹　克門,,,徳　島,A1,A1,逃,93.71,1,5,4,1,3
4y6dPhGvcrSladdkbHutizx6UK5HNgy3DeNZ8F0sNkZspxe53891MCUqtiZtj2Od,20240303,いわき平,11,F1,Ａ級決勝,base_color_3_bk,base_color_3,3,,014334,高倉　俊宏,,,福　岡,A2,A2,両,85.95,2,3,3,1,2
4y6dPhGvcrSladdkbHutizx6UK5HNgy3DeNZ8F0sNkZspxe53891MCUqtiZtj2Od,20240303,いわき平,11,F1,Ａ級決勝,base_color_4_bk,base_color_4,4,,014378,加賀山　淳,,,千　葉,A1,A1,逃,95.50,5,6,2,0,6
4y6dPhGvcrSladdkbHutizx6UK5HNgy3DeNZ8F0sNkZspxe53891MCUqtiZtj2Od,20240303,いわき平,11,F1,Ａ級決勝,base_color_5_bk,base_color_5,5,,012261,岡部　芳幸,,,福　島,A1,A1,追,90.85,0,1,3,3,1
4y6dPhGvcrSladdkbHutizx6UK5HNgy3DeNZ8F0sNkZspxe53891MCUqtiZtj2Od,20240303,いわき平,11,F1,Ａ級決勝,base_color_6_bk,base_color_6,6,,015371,田上　晃也,,,岡　山,A1,A1,逃,81.86,4,1,2,0,16
4y6dPhGvcrSladdkbHutizx6UK5HNgy3DeNZ8F0sNkZspxe53891MCUqtiZtj2Od,20240303,いわき平,11,F1,Ａ級決勝,base_color_7_bk,base_color_7,7,,015556,上野　恭哉,,,福　岡,A1,A2,逃,88.00,1,3,3,1,4
4y6dPhGvcrSladdkbHuti8234RhaiWsFc0l3Swd_UkU6vyYqDNeiMwiUzNDqH_4u,20240303,いわき平,12,F1,Ｓ級決勝,base_color_1_bk,base_color_1,1,,014129,菅田　壱道,,,宮　城,S1,S1,両,110.00,0,3,6,1,2
4y6dPhGvcrSladdkbHuti8234RhaiWsFc0l3Swd_UkU6vyYqDNeiMwiUzNDqH_4u,20240303,いわき平,12,F1,Ｓ級決勝,base_color_2_bk,base_color_2,2,,013140,小倉　竜二,,,徳　島,S1,S1,追,109.62,0,0,7,4,0
4y6dPhGvcrSladdkbHuti8234RhaiWsFc0l3Swd_UkU6vyYqDNeiMwiUzNDqH_4u,20240303,いわき平,12,F1,Ｓ級決勝,base_color_3_bk,base_color_3,3,,015525,鈴木　浩太,,,千　葉,S2,S2,逃,99.05,6,1,0,0,9
4y6dPhGvcrSladdkbHuti8234RhaiWsFc0l3Swd_UkU6vyYqDNeiMwiUzNDqH_4u,20240303,いわき平,12,F1,Ｓ級決勝,base_color_4_bk,base_color_4,4,,014127,永澤　剛,,,青　森,S1,S2,追,111.25,0,0,10,3,0
4y6dPhGvcrSladdkbHuti8234RhaiWsFc0l3Swd_UkU6vyYqDNeiMwiUzNDqH_4u,20240303,いわき平,12,F1,Ｓ級決勝,base_color_5_bk,base_color_5,5,,013291,三宅　達也,,,岡　山,S2,S1,追,99.83,1,1,7,1,2
4y6dPhGvcrSladdkbHuti8234RhaiWsFc0l3Swd_UkU6vyYqDNeiMwiUzNDqH_4u,20240303,いわき平,12,F1,Ｓ級決勝,base_color_6_bk,base_color_6,6,,015440,長田　龍拳,color_blue,追加,静　岡,A1,S2,逃,97.65,4,0,1,0,10
4y6dPhGvcrSladdkbHuti8234RhaiWsFc0l3Swd_UkU6vyYqDNeiMwiUzNDqH_4u,20240303,いわき平,12,F1,Ｓ級決勝,base_color_7_bk,base_color_7,7,,015475,伊藤　旭,,,熊　本,S1,S1,逃,109.12,0,5,4,0,5
II_18ke30tFAZvFi9_0G4FQAlMY4pJjRsOfrlKxG_k9wjbs8G4xm1dFnefoJawBS,20240303,大宮,1,F1,Ａ級一般,base_color_1_bk,base_color_1,1,,014519,湯浅　大輔,color_blue,追加,千　葉,A2,A2,逃,79.42,0,1,2,0,6
II_18ke30tFAZvFi9_0G4FQAlMY4pJjRsOfrlKxG_k9wjbs8G4xm1dFnefoJawBS,20240303,大宮,1,F1,Ａ級一般,base_color_2_bk,base_color_2,2,,013839,若林　耕司,color_blue,追加,群　馬,A2,A2,追,81.83,0,1,4,0,0
II_18ke30tFAZvFi9_0G4FQAlMY4pJjRsOfrlKxG_k9wjbs8G4xm1dFnefoJawBS,20240303,大宮,1,F1,Ａ級一般,base_color_3_bk,base_color_3,3,,014079,江本　博明,,,千　葉,A2,A2,追,84.26,0,0,1,1,0
II_18ke30tFAZvFi9_0G4FQAlMY4pJjRsOfrlKxG_k9wjbs8G4xm1dFnefoJawBS,20240303,大宮,1,F1,Ａ級一般,base_color_4_bk,base_color_4,4,,014058,佐藤　謙,,,栃　木,A3,A2,追,80.15,0,0,6,2,0
II_18ke30tFAZvFi9_0G4FQAlMY4pJjRsOfrlKxG_k9wjbs8G4xm1dFnefoJawBS,20240303,大宮,1,F1,Ａ級一般,base_color_5_bk,base_color_5,5,,013838,山田　武,,,群　馬,A3,A2,追,79.27,0,0,2,1,0
II_18ke30tFAZvFi9_0G4FQAlMY4pJjRsOfrlKxG_k9wjbs8G4xm1dFnefoJawBS,20240303,大宮,1,F1,Ａ級一般,base_color_6_bk,base_color_6,6,,012893,吉野　猛,,,愛　知,A3,A2,追,78.80,0,0,3,5,0
II_18ke30tFAZvFi9_0G4FQAlMY4pJjRsOfrlKxG_k9wjbs8G4xm1dFnefoJawBS,20240303,大宮,1,F1,Ａ級一般,base_color_7_bk,base_color_7,7,,012656,柴田　健,,,神奈川,A2,A2,追,80.80,0,0,1,2,0
II_18ke30tFAZvFi9_0G4FUwE90M8xPtaHH67WM_ez0m6e_srKmZKTZDtFXajp48,20240303,大宮,2,F1,Ａ級一般,base_color_1_bk,base_color_1,1,,012944,渡邊　恭典,,,栃　木,A2,A2,追,78.50,0,0,0,0,0
II_18ke30tFAZvFi9_0G4FUwE90M8xPtaHH67WM_ez0m6e_srKmZKTZDtFXajp48,20240303,大宮,2,F1,Ａ級一般,base_color_2_bk,base_color_2,2,,012710,大内　達也,,,宮　城,A2,A2,追,80.93,0,0,0,1,0
II_18ke30tFAZvFi9_0G4FUwE90M8xPtaHH67WM_ez0m6e_srKmZKTZDtFXajp48,20240303,大宮,2,F1,Ａ級一般,base_color_3_bk,base_color_3,3,,013127,北浦　弘幹,,,和歌山,A2,A2,追,83.54,0,0,1,2,0
II_18ke30tFAZvFi9_0G4FUwE90M8xPtaHH67WM_ez0m6e_srKmZKTZDtFXajp48,20240303,大宮,2,F1,Ａ級一般,base_color_4_bk,base_color_4,4,,015189,山本　隼人,,,大　阪,A2,A2,逃,81.60,1,0,0,2,2
II_18ke30tFAZvFi9_0G4FUwE90M8xPtaHH67WM_ez0m6e_srKmZKTZDtFXajp48,20240303,大宮,2,F1,Ａ級一般,base_color_5_bk,base_color_5,5,,013171,岩橋　則明,,,埼　玉,A2,A2,追,81.83,0,0,0,2,0
II_18ke30tFAZvFi9_0G4FUwE90M8xPtaHH67WM_ez0m6e_srKmZKTZDtFXajp48,20240303,大宮,2,F1,Ａ級一般,base_color_6_bk,base_color_6,6,,014810,小川　辰徳,color_blue,補充,埼　玉,A2,A2,両,78.11,2,0,1,0,6
II_18ke30tFAZvFi9_0G4FUwE90M8xPtaHH67WM_ez0m6e_srKmZKTZDtFXajp48,20240303,大宮,2,F1,Ａ級一般,base_color_7_bk,base_color_7,7,,012436,渡邊　秀明,,,神奈川,A1,A2,追,80.38,0,0,2,1,0
II_18ke30tFAZvFi9_0G4FZWUcxr4KPoyfV7l39yMm6wmMxJvEwdbAbd4mEGTJhr,20240303,大宮,3,F1,Ａ級特選,base_color_1_bk,base_color_1,1,,015099,吉竹　尚城,,,静　岡,A2,A2,逃,85.82,5,5,1,0,9
II_18ke30tFAZvFi9_0G4FZWUcxr4KPoyfV7l39yMm6wmMxJvEwdbAbd4mEGTJhr,20240303,大宮,3,F1,Ａ級特選,base_color_2_bk,base_color_2,2,,013980,森田　康嗣,,,北海道,A1,A1,両,85.66,1,3,3,3,8
II_18ke30tFAZvFi9_0G4FZWUcxr4KPoyfV7l39yMm6wmMxJvEwdbAbd4mEGTJhr,20240303,大宮,3,F1,Ａ級特選,base_color_3_bk,base_color_3,3,,014950,市村　昌樹,,,兵　庫,A1,A1,追,87.41,1,4,3,1,1
II_18ke30tFAZvFi9_0G4FZWUcxr4KPoyfV7l39yMm6wmMxJvEwdbAbd4mEGTJhr,20240303,大宮,3,F1,Ａ級特選,base_color_4_bk,base_color_4,4,,014532,柴田　竜史,,,静　岡,A1,A1,追,86.51,0,0,4,4,0
II_18ke30tFAZvFi9_0G4FZWUcxr4KPoyfV7l39yMm6wmMxJvEwdbAbd4mEGTJhr,20240303,大宮,3,F1,Ａ級特選,base_color_5_bk,base_color_5,5,,013755,佐藤　悦夫,,,栃　木,A1,A1,追,88.60,0,0,5,1,0
II_18ke30tFAZvFi9_0G4FZWUcxr4KPoyfV7l39yMm6wmMxJvEwdbAbd4mEGTJhr,20240303,大宮,3,F1,Ａ級特選,base_color_6_bk,base_color_6,6,,014808,村上　貴彦,,,栃　木,A3,A2,両,77.61,0,6,0,0,1
II_18ke30tFAZvFi9_0G4FZWUcxr4KPoyfV7l39yMm6wmMxJvEwdbAbd4mEGTJhr,20240303,大宮,3,F1,Ａ級特選,base_color_7_bk,base_color_7,7,,015108,吉田　篤史,,,奈　良,S2,A1,逃,85.66,0,0,0,0,1
II_18ke30tFAZvFi9_0G4GYPL_7TezWeqNEaj1jQBg4bg8tyZSuZWZ2hGvgl9W75,20240303,大宮,4,F1,Ａ級特選,base_color_1_bk,base_color_1,1,,015533,岩城　佑典,,,愛　知,A2,A2,逃,86.05,2,3,2,1,9
II_18ke30tFAZvFi9_0G4GYPL_7TezWeqNEaj1jQBg4bg8tyZSuZWZ2hGvgl9W75,20240303,大宮,4,F1,Ａ級特選,base_color_2_bk,base_color_2,2,,014876,冨尾　享平,,,大　阪,S2,A1,両,91.85,0,0,2,2,0
II_18ke30tFAZvFi9_0G4GYPL_7TezWeqNEaj1jQBg4bg8tyZSuZWZ2hGvgl9W75,20240303,大宮,4,F1,Ａ級特選,base_color_3_bk,base_color_3,3,,014204,大崎　和也,,,青　森,A1,A1,追,85.87,0,0,4,1,0
II_18ke30tFAZvFi9_0G4GYPL_7TezWeqNEaj1jQBg4bg8tyZSuZWZ2hGvgl9W75,20240303,大宮,4,F1,Ａ級特選,base_color_4_bk,base_color_4,4,,013131,藤野　一良,,,大　阪,A1,A1,両,87.48,0,1,4,2,0
II_18ke30tFAZvFi9_0G4GYPL_7TezWeqNEaj1jQBg4bg8tyZSuZWZ2hGvgl9W75,20240303,大宮,4,F1,Ａ級特選,base_color_5_bk,base_color_5,5,,015003,小笹　隼人,,,奈　良,A1,A1,逃,89.72,0,2,6,0,4
II_18ke30tFAZvFi9_0G4GYPL_7TezWeqNEaj1jQBg4bg8tyZSuZWZ2hGvgl9W75,20240303,大宮,4,F1,Ａ級特選,base_color_6_bk,base_color_6,6,,015414,大森　光明,,,北海道,A2,A2,両,83.25,1,4,1,0,5
II_18ke30tFAZvFi9_0G4GYPL_7TezWeqNEaj1jQBg4bg8tyZSuZWZ2hGvgl9W75,20240303,大宮,4,F1,Ａ級特選,base_color_7_bk,base_color_7,7,,013479,田中　秀治,,,岐　阜,A1,A1,追,84.66,0,0,4,3,0
II_18ke30tFAZvFi9_0G4HGrmF4vonPDRkizMF07NaFKsZmWn677pzkOK0ALeZ3L,20240303,大宮,5,F1,Ｓ級一般,base_color_1_bk,base_color_1,1,,014711,相澤　政宏,,,宮　城,S2,S2,追,97.85,0,0,1,1,0
II_18ke30tFAZvFi9_0G4HGrmF4vonPDRkizMF07NaFKsZmWn677pzkOK0ALeZ3L,20240303,大宮,5,F1,Ｓ級一般,base_color_2_bk,base_color_2,2,,015342,福田　滉,,,栃　木,A1,S2,追,96.75,0,0,3,0,0
II_18ke30tFAZvFi9_0G4HGrmF4vonPDRkizMF07NaFKsZmWn677pzkOK0ALeZ3L,20240303,大宮,5,F1,Ｓ級一般,base_color_3_bk,base_color_3,3,,014537,西村　光太,,,三　重,S2,S1,追,102.54,0,0,7,2,0
II_18ke30tFAZvFi9_0G4HGrmF4vonPDRkizMF07NaFKsZmWn677pzkOK0ALeZ3L,20240303,大宮,5,F1,Ｓ級一般,base_color_4_bk,base_color_4,4,,013535,平沼　由充,,,福　島,A1,S2,追,93.64,0,0,0,1,0
II_18ke30tFAZvFi9_0G4HGrmF4vonPDRkizMF07NaFKsZmWn677pzkOK0ALeZ3L,20240303,大宮,5,F1,Ｓ級一般,base_color_5_bk,base_color_5,5,,015002,神田　龍,,,三　重,A1,S2,逃,97.37,0,1,0,1,3
II_18ke30tFAZvFi9_0G4HGrmF4vonPDRkizMF07NaFKsZmWn677pzkOK0ALeZ3L,20240303,大宮,5,F1,Ｓ級一般,base_color_6_bk,base_color_6,6,,015258,栗本　尚宗,,,千　葉,A2,S2,逃,91.63,2,1,0,0,6
II_18ke30tFAZvFi9_0G4HGrmF4vonPDRkizMF07NaFKsZmWn677pzkOK0ALeZ3L,20240303,大宮,5,F1,Ｓ級一般,base_color_7_bk,base_color_7,7,,014792,坂本　周輝,,,青　森,S2,S2,逃,100.70,1,1,4,0,4
II_18ke30tFAZvFi9_0G4Ah_20Fm61IwBKt643vmtj7Vw0z52z1kkkI-EpLRfed9,20240303,大宮,6,F1,Ｓ級一般,base_color_1_bk,base_color_1,1,,014942,清水　剛志,,,福　井,S2,S2,両,99.88,0,0,2,1,3
II_18ke30tFAZvFi9_0G4Ah_20Fm61IwBKt643vmtj7Vw0z52z1kkkI-EpLRfed9,20240303,大宮,6,F1,Ｓ級一般,base_color_2_bk,base_color_2,2,,013747,伊藤　大志,,,青　森,S2,S2,追,95.96,0,0,2,1,0
II_18ke30tFAZvFi9_0G4Ah_20Fm61IwBKt643vmtj7Vw0z52z1kkkI-EpLRfed9,20240303,大宮,6,F1,Ｓ級一般,base_color_3_bk,base_color_3,3,,014806,岡田　泰地,color_blue,追加,栃　木,S1,S1,追,101.06,0,1,6,1,0
II_18ke30tFAZvFi9_0G4Ah_20Fm61IwBKt643vmtj7Vw0z52z1kkkI-EpLRfed9,20240303,大宮,6,F1,Ｓ級一般,base_color_4_bk,base_color_4,4,,013197,鈴木　幸紀,,,三　重,A1,S2,追,96.76,0,0,2,3,0
II_18ke30tFAZvFi9_0G4Ah_20Fm61IwBKt643vmtj7Vw0z52z1kkkI-EpLRfed9,20240303,大宮,6,F1,Ｓ級一般,base_color_5_bk,base_color_5,5,,014740,須藤　悟,,,千　葉,S2,S2,追,95.75,0,0,2,0,0
II_18ke30tFAZvFi9_0G4Ah_20Fm61IwBKt643vmtj7Vw0z52z1kkkI-EpLRfed9,20240303,大宮,6,F1,Ｓ級一般,base_color_6_bk,base_color_6,6,,015421,秋本耀太郎,color_blue,追加,栃　木,A1,S2,逃,92.00,2,1,0,0,9
II_18ke30tFAZvFi9_0G4Ah_20Fm61IwBKt643vmtj7Vw0z52z1kkkI-EpLRfed9,20240303,大宮,6,F1,Ｓ級一般,base_color_7_bk,base_color_7,7,,015259,小林　稜武,color_blue,追加,千　葉,S2,S2,逃,95.04,3,0,0,1,8
II_18ke30tFAZvFi9_0G4CwsBOhQ97XAMSEfdkVme0EwuwEQ1JfKShYDST_C4IZO,20240303,大宮,7,F1,Ｓ級一般,base_color_1_bk,base_color_1,1,,014071,朝倉　佳弘,,,東　京,S1,S2,追,105.93,0,0,3,3,0
II_18ke30tFAZvFi9_0G4CwsBOhQ97XAMSEfdkVme0EwuwEQ1JfKShYDST_C4IZO,20240303,大宮,7,F1,Ｓ級一般,base_color_2_bk,base_color_2,2,,015168,染谷　幸喜,,,千　葉,S2,S2,逃,100.03,3,3,1,2,8
II_18ke30tFAZvFi9_0G4CwsBOhQ97XAMSEfdkVme0EwuwEQ1JfKShYDST_C4IZO,20240303,大宮,7,F1,Ｓ級一般,base_color_3_bk,base_color_3,3,,015113,酒井　拳蔵,,,大　阪,S2,S2,両,97.95,1,4,0,1,5
II_18ke30tFAZvFi9_0G4CwsBOhQ97XAMSEfdkVme0EwuwEQ1JfKShYDST_C4IZO,20240303,大宮,7,F1,Ｓ級一般,base_color_4_bk,base_color_4,4,,012592,水谷　良和,,,愛　知,S2,S2,追,99.78,0,0,1,2,0
II_18ke30tFAZvFi9_0G4CwsBOhQ97XAMSEfdkVme0EwuwEQ1JfKShYDST_C4IZO,20240303,大宮,7,F1,Ｓ級一般,base_color_5_bk,base_color_5,5,,013901,山田　敦也,,,北海道,S2,S2,追,96.32,0,0,1,1,0
II_18ke30tFAZvFi9_0G4CwsBOhQ97XAMSEfdkVme0EwuwEQ1JfKShYDST_C4IZO,20240303,大宮,7,F1,Ｓ級一般,base_color_6_bk,base_color_6,6,,013635,柏木　伸介,,,静　岡,S2,S2,両,92.20,0,0,0,0,1
II_18ke30tFAZvFi9_0G4CwsBOhQ97XAMSEfdkVme0EwuwEQ1JfKShYDST_C4IZO,20240303,大宮,7,F1,Ｓ級一般,base_color_7_bk,base_color_7,7,,015041,伊藤慶太郎,,,埼　玉,S2,S2,逃,92.72,1,0,0,0,5
II_18ke30tFAZvFi9_0G4O5aE-NbH1-p7vwQkK5MyzgS5Eqyv5k2uoNfItOfFjR1,20240303,大宮,8,F1,Ｓ級特選,base_color_1_bk,base_color_1,1,,013762,吉田　勇人,,,埼　玉,S2,S2,追,100.00,0,0,3,1,0
II_18ke30tFAZvFi9_0G4O5aE-NbH1-p7vwQkK5MyzgS5Eqyv5k2uoNfItOfFjR1,20240303,大宮,8,F1,Ｓ級特選,base_color_2_bk,base_color_2,2,,014249,鷲田　幸司,,,福　井,S2,S2,追,100.26,0,0,5,3,0
II_18ke30tFAZvFi9_0G4O5aE-NbH1-p7vwQkK5MyzgS5Eqyv5k2uoNfItOfFjR1,20240303,大宮,8,F1,Ｓ級特選,base_color_3_bk,base_color_3,3,,013328,萩原　孝之,color_blue,追加,静　岡,S2,S1,追,102.00,0,0,2,0,0
II_18ke30tFAZvFi9_0G4O5aE-NbH1-p7vwQkK5MyzgS5Eqyv5k2uoNfItOfFjR1,20240303,大宮,8,F1,Ｓ級特選,base_color_4_bk,base_color_4,4,,014767,藤井　栄二,,,兵　庫,S2,S2,逃,97.88,4,3,2,0,12
II_18ke30tFAZvFi9_0G4O5aE-NbH1-p7vwQkK5MyzgS5Eqyv5k2uoNfItOfFjR1,20240303,大宮,8,F1,Ｓ級特選,base_color_5_bk,base_color_5,5,,014151,宿口　潤平,,,埼　玉,S2,S2,追,101.28,1,0,5,4,1
II_18ke30tFAZvFi9_0G4O5aE-NbH1-p7vwQkK5MyzgS5Eqyv5k2uoNfItOfFjR1,20240303,大宮,8,F1,Ｓ級特選,base_color_6_bk,base_color_6,6,,015173,格清　洋介,,,静　岡,S2,S2,逃,97.70,2,3,3,0,9
II_18ke30tFAZvFi9_0G4O5aE-NbH1-p7vwQkK5MyzgS5Eqyv5k2uoNfItOfFjR1,20240303,大宮,8,F1,Ｓ級特選,base_color_7_bk,base_color_7,7,,015412,菊池　岳仁,,,長　野,S1,S1,逃,105.32,7,1,0,0,23
II_18ke30tFAZvFi9_0G4EgCdbUcuJCSU6HYgeNS4r9DMLg3jrvE7EWJ9oRkFM63,20240303,大宮,9,F1,Ｓ級特選,base_color_1_bk,base_color_1,1,,012669,伊藤　正樹,,,愛　知,S2,S2,追,100.38,0,0,4,5,0
II_18ke30tFAZvFi9_0G4EgCdbUcuJCSU6HYgeNS4r9DMLg3jrvE7EWJ9oRkFM63,20240303,大宮,9,F1,Ｓ級特選,base_color_2_bk,base_color_2,2,,014140,神山　拓弥,,,栃　木,S1,S1,追,108.82,0,0,7,3,0
II_18ke30tFAZvFi9_0G4EgCdbUcuJCSU6HYgeNS4r9DMLg3jrvE7EWJ9oRkFM63,20240303,大宮,9,F1,Ｓ級特選,base_color_3_bk,base_color_3,3,,015329,板垣　昴,,,福　島,S2,S2,逃,100.27,1,4,0,0,6
II_18ke30tFAZvFi9_0G4EgCdbUcuJCSU6HYgeNS4r9DMLg3jrvE7EWJ9oRkFM63,20240303,大宮,9,F1,Ｓ級特選,base_color_4_bk,base_color_4,4,,013878,松岡　健介,,,兵　庫,S1,S2,両,103.84,0,1,5,2,0
II_18ke30tFAZvFi9_0G4EgCdbUcuJCSU6HYgeNS4r9DMLg3jrvE7EWJ9oRkFM63,20240303,大宮,9,F1,Ｓ級特選,base_color_5_bk,base_color_5,5,,014020,松坂　洋平,,,神奈川,S1,S2,両,106.15,0,1,8,1,1
II_18ke30tFAZvFi9_0G4EgCdbUcuJCSU6HYgeNS4r9DMLg3jrvE7EWJ9oRkFM63,20240303,大宮,9,F1,Ｓ級特選,base_color_6_bk,base_color_6,6,,015347,武田　亮,,,東　京,S2,S2,逃,98.91,4,0,1,0,11
II_18ke30tFAZvFi9_0G4EgCdbUcuJCSU6HYgeNS4r9DMLg3jrvE7EWJ9oRkFM63,20240303,大宮,9,F1,Ｓ級特選,base_color_7_bk,base_color_7,7,,015006,石塚輪太郎,,,和歌山,S1,S1,逃,105.25,2,3,0,0,7
II_18ke30tFAZvFi9_0G4A9MHP2fTtEkWQ8JiVDPBTslxEbcjzQadeNXSIqVEbQn,20240303,大宮,10,F1,Ｓ級特選,base_color_1_bk,base_color_1,1,,015598,大川　剛,,,青　森,S2,S2,逃,104.23,4,1,0,0,11
II_18ke30tFAZvFi9_0G4A9MHP2fTtEkWQ8JiVDPBTslxEbcjzQadeNXSIqVEbQn,20240303,大宮,10,F1,Ｓ級特選,base_color_2_bk,base_color_2,2,,014286,関　貴之,,,茨　城,S2,S2,追,97.68,0,0,3,2,0
II_18ke30tFAZvFi9_0G4A9MHP2fTtEkWQ8JiVDPBTslxEbcjzQadeNXSIqVEbQn,20240303,大宮,10,F1,Ｓ級特選,base_color_3_bk,base_color_3,3,,015169,野口　裕史,color_blue,追加,千　葉,S1,S1,逃,104.06,14,1,0,0,21
II_18ke30tFAZvFi9_0G4A9MHP2fTtEkWQ8JiVDPBTslxEbcjzQadeNXSIqVEbQn,20240303,大宮,10,F1,Ｓ級特選,base_color_4_bk,base_color_4,4,,013900,大森　慶一,,,北海道,S1,S1,追,103.72,0,0,1,1,0
II_18ke30tFAZvFi9_0G4A9MHP2fTtEkWQ8JiVDPBTslxEbcjzQadeNXSIqVEbQn,20240303,大宮,10,F1,Ｓ級特選,base_color_5_bk,base_color_5,5,,013568,大木　雅也,color_blue,追加,静　岡,A1,S2,追,95.07,0,0,3,1,0
II_18ke30tFAZvFi9_0G4A9MHP2fTtEkWQ8JiVDPBTslxEbcjzQadeNXSIqVEbQn,20240303,大宮,10,F1,Ｓ級特選,base_color_6_bk,base_color_6,6,,014053,鈴木謙太郎,,,茨　城,A1,S2,両,93.12,3,1,0,0,5
II_18ke30tFAZvFi9_0G4A9MHP2fTtEkWQ8JiVDPBTslxEbcjzQadeNXSIqVEbQn,20240303,大宮,10,F1,Ｓ級特選,base_color_7_bk,base_color_7,7,,014239,鈴木　裕,,,千　葉,S1,S1,両,108.38,0,3,4,3,4
II_18ke30tFAZvFi9_0G4PA_7x18_3PYpvyAlPGQzbaLODujylYR4qk1I8_luMrb,20240303,大宮,11,F1,Ａ級決勝,base_color_1_bk,base_color_1,1,,015604,安彦　統賀,,,埼　玉,A1,A1,逃,94.62,7,4,4,1,14
II_18ke30tFAZvFi9_0G4PA_7x18_3PYpvyAlPGQzbaLODujylYR4qk1I8_luMrb,20240303,大宮,11,F1,Ａ級決勝,base_color_2_bk,base_color_2,2,,014748,山口　智弘,,,愛　知,A1,A1,追,91.77,0,1,7,4,0
II_18ke30tFAZvFi9_0G4PA_7x18_3PYpvyAlPGQzbaLODujylYR4qk1I8_luMrb,20240303,大宮,11,F1,Ａ級決勝,base_color_3_bk,base_color_3,3,,013711,小林　則之,,,静　岡,S2,A1,両,93.13,2,2,0,0,5
II_18ke30tFAZvFi9_0G4PA_7x18_3PYpvyAlPGQzbaLODujylYR4qk1I8_luMrb,20240303,大宮,11,F1,Ａ級決勝,base_color_4_bk,base_color_4,4,,013695,岡本　英之,,,千　葉,A1,A1,追,91.57,0,3,3,1,0
II_18ke30tFAZvFi9_0G4PA_7x18_3PYpvyAlPGQzbaLODujylYR4qk1I8_luMrb,20240303,大宮,11,F1,Ａ級決勝,base_color_5_bk,base_color_5,5,,014145,篠原　忍,,,愛　知,A1,A1,両,90.40,0,1,6,3,0
II_18ke30tFAZvFi9_0G4PA_7x18_3PYpvyAlPGQzbaLODujylYR4qk1I8_luMrb,20240303,大宮,11,F1,Ａ級決勝,base_color_6_bk,base_color_6,6,,014665,小峰　烈,,,長　野,A1,A2,両,88.38,0,0,7,1,0
II_18ke30tFAZvFi9_0G4PA_7x18_3PYpvyAlPGQzbaLODujylYR4qk1I8_luMrb,20240303,大宮,11,F1,Ａ級決勝,base_color_7_bk,base_color_7,7,,014597,上田　隼,,,岐　阜,A1,A1,追,89.23,0,1,6,2,1
II_18ke30tFAZvFi9_0G4B3ewM54H4Vp0A-CHFPNowcuNqzwM4TLRXCVPceJSjR7,20240303,大宮,12,F1,Ｓ級決勝,base_color_1_bk,base_color_1,1,,014659,武藤　龍生,color_blue,追加,埼　玉,S1,S1,追,111.72,0,0,8,1,0
II_18ke30tFAZvFi9_0G4B3ewM54H4Vp0A-CHFPNowcuNqzwM4TLRXCVPceJSjR7,20240303,大宮,12,F1,Ｓ級決勝,base_color_2_bk,base_color_2,2,,014794,阿部　力也,,,宮　城,S1,S1,追,106.45,0,0,7,0,1
II_18ke30tFAZvFi9_0G4B3ewM54H4Vp0A-CHFPNowcuNqzwM4TLRXCVPceJSjR7,20240303,大宮,12,F1,Ｓ級決勝,base_color_3_bk,base_color_3,3,,015243,小林　泰正,,,群　馬,S2,S1,逃,111.32,3,8,3,0,9
II_18ke30tFAZvFi9_0G4B3ewM54H4Vp0A-CHFPNowcuNqzwM4TLRXCVPceJSjR7,20240303,大宮,12,F1,Ｓ級決勝,base_color_4_bk,base_color_4,4,,014718,小松崎大地,,,福　島,S1,S1,逃,107.31,2,2,3,0,6
II_18ke30tFAZvFi9_0G4B3ewM54H4Vp0A-CHFPNowcuNqzwM4TLRXCVPceJSjR7,20240303,大宮,12,F1,Ｓ級決勝,base_color_5_bk,base_color_5,5,,014930,杉森　輝大,,,茨　城,S1,S1,両,108.61,0,5,4,1,0
II_18ke30tFAZvFi9_0G4B3ewM54H4Vp0A-CHFPNowcuNqzwM4TLRXCVPceJSjR7,20240303,大宮,12,F1,Ｓ級決勝,base_color_6_bk,base_color_6,6,,012533,澤田　義和,,,兵　庫,S2,S2,追,100.70,0,0,5,1,0
II_18ke30tFAZvFi9_0G4B3ewM54H4Vp0A-CHFPNowcuNqzwM4TLRXCVPceJSjR7,20240303,大宮,12,F1,Ｓ級決勝,base_color_7_bk,base_color_7,7,,013917,成田　和也,,,福　島,S1,S1,追,108.00,0,0,2,3,0
4YDG_8c_ujN7jm5c2eSyjQqZcVCE_Gl4rtBpwi8Su6ZoPi6803tx4hwX3iEFNrGx,20240303,名古屋,1,F2,Ｌ級ガールズ予選（第２走）,base_color_1_bk,base_color_1,1,,014963,石井　寛子,,,東　京,L1,L1,両,57.22,0,9,9,0,2
4YDG_8c_ujN7jm5c2eSyjQqZcVCE_Gl4rtBpwi8Su6ZoPi6803tx4hwX3iEFNrGx,20240303,名古屋,1,F2,Ｌ級ガールズ予選（第２走）,base_color_2_bk,base_color_2,2,,015493,増田　夕華,,,岐　阜,L1,L1,両,53.23,0,1,4,4,4
4YDG_8c_ujN7jm5c2eSyjQqZcVCE_Gl4rtBpwi8Su6ZoPi6803tx4hwX3iEFNrGx,20240303,名古屋,1,F2,Ｌ級ガールズ予選（第２走）,base_color_3_bk,base_color_3,3,,014966,田中　まい,,,千　葉,L1,L1,両,53.00,4,1,0,2,3
4YDG_8c_ujN7jm5c2eSyjQqZcVCE_Gl4rtBpwi8Su6ZoPi6803tx4hwX3iEFNrGx,20240303,名古屋,1,F2,Ｌ級ガールズ予選（第２走）,base_color_4_bk,base_color_4,4,,015490,杉浦　菜留,,,愛　知,L1,L1,両,51.33,0,3,2,1,2
4YDG_8c_ujN7jm5c2eSyjQqZcVCE_Gl4rtBpwi8Su6ZoPi6803tx4hwX3iEFNrGx,20240303,名古屋,1,F2,Ｌ級ガールズ予選（第２走）,base_color_5_bk,base_color_5,5,,015489,保立　沙織,,,神奈川,L1,L1,両,48.66,2,0,0,1,4
4YDG_8c_ujN7jm5c2eSyjQqZcVCE_Gl4rtBpwi8Su6ZoPi6803tx4hwX3iEFNrGx,20240303,名古屋,1,F2,Ｌ級ガールズ予選（第２走）,base_color_6_bk,base_color_6,6,,015496,布居　光,,,和歌山,L1,L1,両,46.90,2,1,0,1,5
4YDG_8c_ujN7jm5c2eSyjQqZcVCE_Gl4rtBpwi8Su6ZoPi6803tx4hwX3iEFNrGx,20240303,名古屋,1,F2,Ｌ級ガールズ予選（第２走）,base_color_7_bk,base_color_7,7,,015759,星野　しほ,,,東　京,L1,L1,両,45.66,0,0,0,0,0
4YDG_8c_ujN7jm5c2eSyjbXYLGzgsFLbnAp9TNK-0Bswf1wPBaP6sL2ksGXitCUl,20240303,名古屋,2,F2,Ｌ級ガールズ予選（第２走）,base_color_1_bk,base_color_1,1,,015225,坂口　楓華,,,愛　知,L1,L1,両,57.15,4,13,0,0,15
4YDG_8c_ujN7jm5c2eSyjbXYLGzgsFLbnAp9TNK-0Bswf1wPBaP6sL2ksGXitCUl,20240303,名古屋,2,F2,Ｌ級ガールズ予選（第２走）,base_color_2_bk,base_color_2,2,,015018,高橋　梨香,,,埼　玉,L1,L1,両,54.09,3,3,2,4,4
4YDG_8c_ujN7jm5c2eSyjbXYLGzgsFLbnAp9TNK-0Bswf1wPBaP6sL2ksGXitCUl,20240303,名古屋,2,F2,Ｌ級ガールズ予選（第２走）,base_color_3_bk,base_color_3,3,,015491,當銘沙恵美,,,愛　知,L1,L1,両,53.00,4,1,2,3,6
4YDG_8c_ujN7jm5c2eSyjbXYLGzgsFLbnAp9TNK-0Bswf1wPBaP6sL2ksGXitCUl,20240303,名古屋,2,F2,Ｌ級ガールズ予選（第２走）,base_color_4_bk,base_color_4,4,,015675,渡邉　栞奈,,,静　岡,L1,L1,両,49.13,0,0,1,0,0
4YDG_8c_ujN7jm5c2eSyjbXYLGzgsFLbnAp9TNK-0Bswf1wPBaP6sL2ksGXitCUl,20240303,名古屋,2,F2,Ｌ級ガールズ予選（第２走）,base_color_5_bk,base_color_5,5,,015761,吉村美有紀,,,静　岡,L1,L1,両,48.61,0,1,1,1,1
4YDG_8c_ujN7jm5c2eSyjbXYLGzgsFLbnAp9TNK-0Bswf1wPBaP6sL2ksGXitCUl,20240303,名古屋,2,F2,Ｌ級ガールズ予選（第２走）,base_color_6_bk,base_color_6,6,,015393,佐々木　綾,,,福　島,L1,L1,両,48.14,0,0,0,1,2
4YDG_8c_ujN7jm5c2eSyjbXYLGzgsFLbnAp9TNK-0Bswf1wPBaP6sL2ksGXitCUl,20240303,名古屋,2,F2,Ｌ級ガールズ予選（第２走）,base_color_7_bk,base_color_7,7,,014897,岡村　育子,,,埼　玉,L1,L1,両,44.68,0,0,0,0,0
4YDG_8c_ujN7jm5c2eSyjXa_vXQmp5zoQuw2woU7C5kRXX70c_dP21TJCtO0AN_j,20240303,名古屋,3,F2,Ａ級一般,base_color_1_bk,base_color_1,1,,014699,小川　大地,color_blue,補充,愛　知,A2,A1,追,85.70,0,0,2,2,0
4YDG_8c_ujN7jm5c2eSyjXa_vXQmp5zoQuw2woU7C5kRXX70c_dP21TJCtO0AN_j,20240303,名古屋,3,F2,Ａ級一般,base_color_2_bk,base_color_2,2,,013668,佐々木孝司,,,青　森,A2,A2,逃,84.04,6,1,0,0,9
4YDG_8c_ujN7jm5c2eSyjXa_vXQmp5zoQuw2woU7C5kRXX70c_dP21TJCtO0AN_j,20240303,名古屋,3,F2,Ａ級一般,base_color_3_bk,base_color_3,3,,012646,大澤　裕之,,,埼　玉,A3,A2,追,83.83,0,0,0,0,0
4YDG_8c_ujN7jm5c2eSyjXa_vXQmp5zoQuw2woU7C5kRXX70c_dP21TJCtO0AN_j,20240303,名古屋,3,F2,Ａ級一般,base_color_4_bk,base_color_4,4,,013957,堂村　知哉,,,福　井,A2,A2,追,81.85,0,0,1,4,0
4YDG_8c_ujN7jm5c2eSyjXa_vXQmp5zoQuw2woU7C5kRXX70c_dP21TJCtO0AN_j,20240303,名古屋,3,F2,Ａ級一般,base_color_5_bk,base_color_5,5,,011803,植田　誠,,,静　岡,A3,A2,追,77.39,0,0,0,2,0
4YDG_8c_ujN7jm5c2eSyjXa_vXQmp5zoQuw2woU7C5kRXX70c_dP21TJCtO0AN_j,20240303,名古屋,3,F2,Ａ級一般,base_color_6_bk,base_color_6,6,,014678,樋口有樹郎,,,兵　庫,A3,A2,両,76.80,1,1,4,2,2
4YDG_8c_ujN7jm5c2eSyjXa_vXQmp5zoQuw2woU7C5kRXX70c_dP21TJCtO0AN_j,20240303,名古屋,3,F2,Ａ級一般,base_color_7_bk,base_color_7,7,,014027,臼井　昌巨,,,愛　知,A3,A2,両,75.10,4,1,0,1,5
4YDG_8c_ujN7jm5c2eSyjV3gFL0fzj46ot9k2X5oUw0gdMWs7wdPLgB7qIYjlTr1,20240303,名古屋,4,F2,Ａ級一般,base_color_1_bk,base_color_1,1,,015635,藤岡　徹也,,,兵　庫,A2,A2,逃,86.53,1,2,2,1,3
4YDG_8c_ujN7jm5c2eSyjV3gFL0fzj46ot9k2X5oUw0gdMWs7wdPLgB7qIYjlTr1,20240303,名古屋,4,F2,Ａ級一般,base_color_2_bk,base_color_2,2,,013645,川木　敬大,,,兵　庫,A2,A2,追,84.90,0,0,1,3,0
4YDG_8c_ujN7jm5c2eSyjV3gFL0fzj46ot9k2X5oUw0gdMWs7wdPLgB7qIYjlTr1,20240303,名古屋,4,F2,Ａ級一般,base_color_3_bk,base_color_3,3,,014980,田原　宥明,,,北海道,A2,A1,両,84.00,0,3,2,1,4
4YDG_8c_ujN7jm5c2eSyjV3gFL0fzj46ot9k2X5oUw0gdMWs7wdPLgB7qIYjlTr1,20240303,名古屋,4,F2,Ａ級一般,base_color_4_bk,base_color_4,4,,010900,三浦　靖,,,岐　阜,A2,A2,追,81.13,0,0,0,0,0
4YDG_8c_ujN7jm5c2eSyjV3gFL0fzj46ot9k2X5oUw0gdMWs7wdPLgB7qIYjlTr1,20240303,名古屋,4,F2,Ａ級一般,base_color_5_bk,base_color_5,5,,014934,渋谷　錬,,,神奈川,A1,A2,追,80.08,0,0,0,0,0
4YDG_8c_ujN7jm5c2eSyjV3gFL0fzj46ot9k2X5oUw0gdMWs7wdPLgB7qIYjlTr1,20240303,名古屋,4,F2,Ａ級一般,base_color_6_bk,base_color_6,6,,012966,石川　英昭,,,静　岡,A2,A2,追,78.19,0,0,1,0,0
4YDG_8c_ujN7jm5c2eSyjV3gFL0fzj46ot9k2X5oUw0gdMWs7wdPLgB7qIYjlTr1,20240303,名古屋,4,F2,Ａ級一般,base_color_7_bk,base_color_7,7,,011821,中川　博文,color_blue,追加,福　井,A2,A2,追,77.85,0,0,0,0,0
4YDG_8c_ujN7jm5c2eSyjbA3sCvOune_fdcnyHu49AfE3FDpPIr4C26TgxwbZcAG,20240303,名古屋,5,F2,Ａ級選抜,base_color_1_bk,base_color_1,1,,014091,伊原　弘幸,,,福　井,A1,A1,追,86.15,0,0,2,3,0
4YDG_8c_ujN7jm5c2eSyjbA3sCvOune_fdcnyHu49AfE3FDpPIr4C26TgxwbZcAG,20240303,名古屋,5,F2,Ａ級選抜,base_color_2_bk,base_color_2,2,,015237,太田　将成,,,宮　城,A1,A1,逃,86.14,0,8,2,1,0
4YDG_8c_ujN7jm5c2eSyjbA3sCvOune_fdcnyHu49AfE3FDpPIr4C26TgxwbZcAG,20240303,名古屋,5,F2,Ａ級選抜,base_color_3_bk,base_color_3,3,,014316,山崎　光展,,,京　都,A1,A1,両,84.69,0,4,0,2,2
4YDG_8c_ujN7jm5c2eSyjbA3sCvOune_fdcnyHu49AfE3FDpPIr4C26TgxwbZcAG,20240303,名古屋,5,F2,Ａ級選抜,base_color_4_bk,base_color_4,4,,013110,法月　成祐,,,神奈川,A2,A2,追,83.77,0,0,2,2,0
4YDG_8c_ujN7jm5c2eSyjbA3sCvOune_fdcnyHu49AfE3FDpPIr4C26TgxwbZcAG,20240303,名古屋,5,F2,Ａ級選抜,base_color_5_bk,base_color_5,5,,013826,田原　大広,,,北海道,A2,A2,両,83.05,0,0,2,3,0
4YDG_8c_ujN7jm5c2eSyjbA3sCvOune_fdcnyHu49AfE3FDpPIr4C26TgxwbZcAG,20240303,名古屋,5,F2,Ａ級選抜,base_color_6_bk,base_color_6,6,,014596,中村　賢二,color_blue,追加,愛　知,A2,A2,両,80.48,0,0,2,3,0
4YDG_8c_ujN7jm5c2eSyjbA3sCvOune_fdcnyHu49AfE3FDpPIr4C26TgxwbZcAG,20240303,名古屋,5,F2,Ａ級選抜,base_color_7_bk,base_color_7,7,,013331,橋本　大祐,,,岐　阜,A3,A2,追,75.85,0,2,1,1,2
4YDG_8c_ujN7jm5c2eSyjbV5XQsuNdGq4mmeoMSIgQM0fmxnr0D05XBJF6e0kQ7m,20240303,名古屋,6,F2,Ａ級選抜,base_color_1_bk,base_color_1,1,,013042,渡邊　健,,,愛　知,A2,A1,追,86.66,0,0,3,0,0
4YDG_8c_ujN7jm5c2eSyjbV5XQsuNdGq4mmeoMSIgQM0fmxnr0D05XBJF6e0kQ7m,20240303,名古屋,6,F2,Ａ級選抜,base_color_2_bk,base_color_2,2,,014402,泉谷　直哉,color_blue,追加,兵　庫,A3,A1,追,83.10,0,1,14,1,0
4YDG_8c_ujN7jm5c2eSyjbV5XQsuNdGq4mmeoMSIgQM0fmxnr0D05XBJF6e0kQ7m,20240303,名古屋,6,F2,Ａ級選抜,base_color_3_bk,base_color_3,3,,014061,塚本　和宏,,,栃　木,A2,A2,追,82.83,0,0,1,1,0
4YDG_8c_ujN7jm5c2eSyjbV5XQsuNdGq4mmeoMSIgQM0fmxnr0D05XBJF6e0kQ7m,20240303,名古屋,6,F2,Ａ級選抜,base_color_4_bk,base_color_4,4,,015177,森川　康輔,,,岐　阜,A1,A1,逃,82.33,1,4,1,0,1
4YDG_8c_ujN7jm5c2eSyjbV5XQsuNdGq4mmeoMSIgQM0fmxnr0D05XBJF6e0kQ7m,20240303,名古屋,6,F2,Ａ級選抜,base_color_5_bk,base_color_5,5,,015257,舟山　佑京,,,新　潟,A2,A2,逃,81.42,3,2,1,0,9
4YDG_8c_ujN7jm5c2eSyjbV5XQsuNdGq4mmeoMSIgQM0fmxnr0D05XBJF6e0kQ7m,20240303,名古屋,6,F2,Ａ級選抜,base_color_6_bk,base_color_6,6,,013989,大泉　英則,,,宮　城,A2,A2,追,79.96,0,0,2,2,0
4YDG_8c_ujN7jm5c2eSyjbV5XQsuNdGq4mmeoMSIgQM0fmxnr0D05XBJF6e0kQ7m,20240303,名古屋,6,F2,Ａ級選抜,base_color_7_bk,base_color_7,7,,012290,小西　芳樹,,,大　阪,A2,A2,追,79.16,0,0,0,0,0
4YDG_8c_ujN7jm5c2eSyja1Q0KHs_fUCyRaCC_U5-lDfNckQJzc9B7SBOu-Hr1ZO,20240303,名古屋,7,F2,Ａ級準決勝,base_color_1_bk,base_color_1,1,,015250,今井　聡,,,東　京,S2,A1,両,94.45,0,0,1,0,0
4YDG_8c_ujN7jm5c2eSyja1Q0KHs_fUCyRaCC_U5-lDfNckQJzc9B7SBOu-Hr1ZO,20240303,名古屋,7,F2,Ａ級準決勝,base_color_2_bk,base_color_2,2,,014176,笹倉　慎也,,,富　山,S2,A1,追,90.94,0,0,3,1,0
4YDG_8c_ujN7jm5c2eSyja1Q0KHs_fUCyRaCC_U5-lDfNckQJzc9B7SBOu-Hr1ZO,20240303,名古屋,7,F2,Ａ級準決勝,base_color_3_bk,base_color_3,3,,013601,工藤　政志,,,青　森,A1,A1,追,89.54,0,0,7,1,0
4YDG_8c_ujN7jm5c2eSyja1Q0KHs_fUCyRaCC_U5-lDfNckQJzc9B7SBOu-Hr1ZO,20240303,名古屋,7,F2,Ａ級準決勝,base_color_4_bk,base_color_4,4,,015007,岸川　哲也,,,大　阪,A1,A1,両,87.83,1,4,1,1,4
4YDG_8c_ujN7jm5c2eSyja1Q0KHs_fUCyRaCC_U5-lDfNckQJzc9B7SBOu-Hr1ZO,20240303,名古屋,7,F2,Ａ級準決勝,base_color_5_bk,base_color_5,5,,014220,山崎　悟,,,茨　城,A1,A1,追,86.58,0,1,3,0,0
4YDG_8c_ujN7jm5c2eSyja1Q0KHs_fUCyRaCC_U5-lDfNckQJzc9B7SBOu-Hr1ZO,20240303,名古屋,7,F2,Ａ級準決勝,base_color_6_bk,base_color_6,6,,014869,泉谷　元樹,,,愛　知,A3,A1,逃,84.91,8,3,2,0,18
4YDG_8c_ujN7jm5c2eSyja1Q0KHs_fUCyRaCC_U5-lDfNckQJzc9B7SBOu-Hr1ZO,20240303,名古屋,7,F2,Ａ級準決勝,base_color_7_bk,base_color_7,7,,015112,日浦　崇道,,,和歌山,A3,A2,逃,83.00,6,2,0,2,8
4YDG_8c_ujN7jm5c2eSyjZ99II1e3os6pbz0mqG4RCanNg5HjcGnEW1zyF9Y4Nh6,20240303,名古屋,8,F2,Ａ級準決勝,base_color_1_bk,base_color_1,1,,014460,矢口　大樹,,,千　葉,S2,A1,逃,91.11,3,3,0,0,6
4YDG_8c_ujN7jm5c2eSyjZ99II1e3os6pbz0mqG4RCanNg5HjcGnEW1zyF9Y4Nh6,20240303,名古屋,8,F2,Ａ級準決勝,base_color_2_bk,base_color_2,2,,013551,女屋　文伸,,,埼　玉,A1,A1,追,90.77,0,1,3,0,0
4YDG_8c_ujN7jm5c2eSyjZ99II1e3os6pbz0mqG4RCanNg5HjcGnEW1zyF9Y4Nh6,20240303,名古屋,8,F2,Ａ級準決勝,base_color_3_bk,base_color_3,3,,013121,山田　晃久,,,石　川,A1,A1,追,90.76,0,0,7,1,0
4YDG_8c_ujN7jm5c2eSyjZ99II1e3os6pbz0mqG4RCanNg5HjcGnEW1zyF9Y4Nh6,20240303,名古屋,8,F2,Ａ級準決勝,base_color_4_bk,base_color_4,4,,013976,明田　春喜,,,北海道,A1,A1,追,87.92,0,0,9,3,0
4YDG_8c_ujN7jm5c2eSyjZ99II1e3os6pbz0mqG4RCanNg5HjcGnEW1zyF9Y4Nh6,20240303,名古屋,8,F2,Ａ級準決勝,base_color_5_bk,base_color_5,5,,013246,山崎　充央,,,東　京,A1,A1,追,83.33,0,0,1,0,0
4YDG_8c_ujN7jm5c2eSyjZ99II1e3os6pbz0mqG4RCanNg5HjcGnEW1zyF9Y4Nh6,20240303,名古屋,8,F2,Ａ級準決勝,base_color_6_bk,base_color_6,6,,015265,井田　晶之,color_blue,追加,三　重,A1,A2,逃,82.87,2,1,1,0,12
4YDG_8c_ujN7jm5c2eSyjZ99II1e3os6pbz0mqG4RCanNg5HjcGnEW1zyF9Y4Nh6,20240303,名古屋,8,F2,Ａ級準決勝,base_color_7_bk,base_color_7,7,,014755,奥出健士郎,,,福　井,A3,A2,両,80.90,1,6,5,2,2
4YDG_8c_ujN7jm5c2eSyjbW3vSPEEsgasOwSjdMME83LZx5bwJG7NJDo8_Fb4mqB,20240303,名古屋,9,F2,Ａ級準決勝,base_color_1_bk,base_color_1,1,,015540,徳田　匠,,,京　都,A1,A1,逃,94.00,9,2,1,1,10
4YDG_8c_ujN7jm5c2eSyjbW3vSPEEsgasOwSjdMME83LZx5bwJG7NJDo8_Fb4mqB,20240303,名古屋,9,F2,Ａ級準決勝,base_color_2_bk,base_color_2,2,,014457,北野　良栄,,,愛　知,A1,A1,両,92.16,1,2,5,2,5
4YDG_8c_ujN7jm5c2eSyjbW3vSPEEsgasOwSjdMME83LZx5bwJG7NJDo8_Fb4mqB,20240303,名古屋,9,F2,Ａ級準決勝,base_color_3_bk,base_color_3,3,,013775,鈴木　良太,,,静　岡,S2,A1,追,91.72,0,0,2,5,0
4YDG_8c_ujN7jm5c2eSyjbW3vSPEEsgasOwSjdMME83LZx5bwJG7NJDo8_Fb4mqB,20240303,名古屋,9,F2,Ａ級準決勝,base_color_4_bk,base_color_4,4,,012963,荻野　哲,,,神奈川,A1,A1,追,87.64,0,0,2,6,0
4YDG_8c_ujN7jm5c2eSyjbW3vSPEEsgasOwSjdMME83LZx5bwJG7NJDo8_Fb4mqB,20240303,名古屋,9,F2,Ａ級準決勝,base_color_5_bk,base_color_5,5,,013616,渡邉　高志,,,栃　木,A1,A1,追,86.83,2,0,4,2,2
4YDG_8c_ujN7jm5c2eSyjbW3vSPEEsgasOwSjdMME83LZx5bwJG7NJDo8_Fb4mqB,20240303,名古屋,9,F2,Ａ級準決勝,base_color_6_bk,base_color_6,6,,013263,田中　雅史,,,愛　知,A1,A2,追,84.95,1,1,2,4,1
4YDG_8c_ujN7jm5c2eSyjbW3vSPEEsgasOwSjdMME83LZx5bwJG7NJDo8_Fb4mqB,20240303,名古屋,9,F2,Ａ級準決勝,base_color_7_bk,base_color_7,7,,014243,齊藤　健人,color_blue,追加,静　岡,A2,A2,両,81.84,2,1,1,0,14
qW-ZPX5Na0y9CaoMyhsv42DyHoRiPJycnfq-fRIR4BC-kGnNJdodzzQTlUvnziPj,20240303,岐阜,1,F2,Ａ級チャレンジ一般,base_color_1_bk,base_color_1,1,,014381,吉澤　賢,,,千　葉,A3,A3,追,68.62,0,0,2,1,0
qW-ZPX5Na0y9CaoMyhsv42DyHoRiPJycnfq-fRIR4BC-kGnNJdodzzQTlUvnziPj,20240303,岐阜,1,F2,Ａ級チャレンジ一般,base_color_2_bk,base_color_2,2,,013573,高野　輝彰,,,愛　知,A3,A3,追,67.33,0,1,0,1,0
qW-ZPX5Na0y9CaoMyhsv42DyHoRiPJycnfq-fRIR4BC-kGnNJdodzzQTlUvnziPj,20240303,岐阜,1,F2,Ａ級チャレンジ一般,base_color_3_bk,base_color_3,3,,013526,三澤　勝成,,,宮　城,A3,A3,追,70.25,0,0,5,1,0
qW-ZPX5Na0y9CaoMyhsv42DyHoRiPJycnfq-fRIR4BC-kGnNJdodzzQTlUvnziPj,20240303,岐阜,1,F2,Ａ級チャレンジ一般,base_color_4_bk,base_color_4,4,,014739,里見　恒平,,,千　葉,A2,A3,逃,74.41,0,3,2,4,0
qW-ZPX5Na0y9CaoMyhsv42DyHoRiPJycnfq-fRIR4BC-kGnNJdodzzQTlUvnziPj,20240303,岐阜,1,F2,Ａ級チャレンジ一般,base_color_5_bk,base_color_5,5,,014529,片山　大輔,,,静　岡,A3,A3,追,69.16,0,0,2,1,0
qW-ZPX5Na0y9CaoMyhsv4yz_Qx4c5NmO3L0wJWdlSLAFTKy4RNU4x68PjVWtPiMc,20240303,岐阜,2,F2,Ａ級チャレンジ一般,base_color_1_bk,base_color_1,1,,012514,海野　敦男,,,静　岡,A2,A3,追,67.83,0,0,0,0,0
qW-ZPX5Na0y9CaoMyhsv4yz_Qx4c5NmO3L0wJWdlSLAFTKy4RNU4x68PjVWtPiMc,20240303,岐阜,2,F2,Ａ級チャレンジ一般,base_color_2_bk,base_color_2,2,,011792,木下　章,color_blue,追加,長　野,A3,A3,両,70.26,0,0,2,2,0
qW-ZPX5Na0y9CaoMyhsv4yz_Qx4c5NmO3L0wJWdlSLAFTKy4RNU4x68PjVWtPiMc,20240303,岐阜,2,F2,Ａ級チャレンジ一般,base_color_3_bk,base_color_3,3,,011599,和泉田喜一,,,千　葉,A3,A3,追,70.74,0,0,8,1,0
qW-ZPX5Na0y9CaoMyhsv4yz_Qx4c5NmO3L0wJWdlSLAFTKy4RNU4x68PjVWtPiMc,20240303,岐阜,2,F2,Ａ級チャレンジ一般,base_color_4_bk,base_color_4,4,,013415,山崎　明寛,,,千　葉,A3,A3,追,70.05,0,0,0,2,0
qW-ZPX5Na0y9CaoMyhsv4yz_Qx4c5NmO3L0wJWdlSLAFTKy4RNU4x68PjVWtPiMc,20240303,岐阜,2,F2,Ａ級チャレンジ一般,base_color_5_bk,base_color_5,5,,014667,藤本　龍也,,,長　野,A3,A3,両,68.93,4,0,1,0,7
qW-ZPX5Na0y9CaoMyhsv44VWHOcAytBVtAZQ-BdMn7sNZzu28AHqUstYnhPlen6O,20240303,岐阜,3,F2,Ａ級チャレンジ選抜,base_color_1_bk,base_color_1,1,,014666,等々力久就,color_blue,追加,長　野,A2,A3,逃,75.06,7,5,0,1,12
qW-ZPX5Na0y9CaoMyhsv44VWHOcAytBVtAZQ-BdMn7sNZzu28AHqUstYnhPlen6O,20240303,岐阜,3,F2,Ａ級チャレンジ選抜,base_color_2_bk,base_color_2,2,,013830,田崎良太郎,,,福　島,A3,A3,追,70.80,0,0,4,3,0
qW-ZPX5Na0y9CaoMyhsv44VWHOcAytBVtAZQ-BdMn7sNZzu28AHqUstYnhPlen6O,20240303,岐阜,3,F2,Ａ級チャレンジ選抜,base_color_3_bk,base_color_3,3,,013272,古田　義明,,,三　重,A3,A3,追,70.95,0,0,1,1,0
qW-ZPX5Na0y9CaoMyhsv44VWHOcAytBVtAZQ-BdMn7sNZzu28AHqUstYnhPlen6O,20240303,岐阜,3,F2,Ａ級チャレンジ選抜,base_color_4_bk,base_color_4,4,,011142,小林　宏年,,,静　岡,A3,A3,追,67.50,0,0,3,3,0
qW-ZPX5Na0y9CaoMyhsv44VWHOcAytBVtAZQ-BdMn7sNZzu28AHqUstYnhPlen6O,20240303,岐阜,3,F2,Ａ級チャレンジ選抜,base_color_5_bk,base_color_5,5,,012957,宮澤　晃,,,山　梨,A3,A3,追,71.58,0,0,4,1,0
qW-ZPX5Na0y9CaoMyhsv44VWHOcAytBVtAZQ-BdMn7sNZzu28AHqUstYnhPlen6O,20240303,岐阜,3,F2,Ａ級チャレンジ選抜,base_color_6_bk,base_color_6,6,,013161,齋藤　和也,,,福　島,A3,A3,追,66.70,3,1,1,1,4
qW-ZPX5Na0y9CaoMyhsv44VWHOcAytBVtAZQ-BdMn7sNZzu28AHqUstYnhPlen6O,20240303,岐阜,3,F2,Ａ級チャレンジ選抜,base_color_7_bk,base_color_7,7,,014661,駒井　大輔,,,東　京,A3,A3,両,69.00,4,2,3,0,4
qW-ZPX5Na0y9CaoMyhsv4y4IdcDFHiNWB-10uJCV7HnMppJN-KGefofuwYMj0o-M,20240303,岐阜,4,F2,Ａ級チャレンジ選抜,base_color_1_bk,base_color_1,1,,014644,高橋　明久,,,宮　城,A3,A3,逃,73.61,3,3,2,1,5
qW-ZPX5Na0y9CaoMyhsv4y4IdcDFHiNWB-10uJCV7HnMppJN-KGefofuwYMj0o-M,20240303,岐阜,4,F2,Ａ級チャレンジ選抜,base_color_2_bk,base_color_2,2,,011367,石川　一浩,,,静　岡,A3,A3,追,69.42,0,0,3,1,0
qW-ZPX5Na0y9CaoMyhsv4y4IdcDFHiNWB-10uJCV7HnMppJN-KGefofuwYMj0o-M,20240303,岐阜,4,F2,Ａ級チャレンジ選抜,base_color_3_bk,base_color_3,3,,015164,菱沼　元樹,,,埼　玉,A3,A3,逃,69.30,12,0,1,0,18
qW-ZPX5Na0y9CaoMyhsv4y4IdcDFHiNWB-10uJCV7HnMppJN-KGefofuwYMj0o-M,20240303,岐阜,4,F2,Ａ級チャレンジ選抜,base_color_4_bk,base_color_4,4,,015710,鈴木　康平,,,静　岡,A3,A3,逃,73.04,7,2,0,1,9
qW-ZPX5Na0y9CaoMyhsv4y4IdcDFHiNWB-10uJCV7HnMppJN-KGefofuwYMj0o-M,20240303,岐阜,4,F2,Ａ級チャレンジ選抜,base_color_5_bk,base_color_5,5,,014651,須永　勝太,,,福　島,A3,A3,逃,73.11,4,1,2,2,6
qW-ZPX5Na0y9CaoMyhsv4y4IdcDFHiNWB-10uJCV7HnMppJN-KGefofuwYMj0o-M,20240303,岐阜,4,F2,Ａ級チャレンジ選抜,base_color_6_bk,base_color_6,6,,013684,吉橋　秀城,,,埼　玉,A3,A3,追,68.18,0,0,2,0,0
qW-ZPX5Na0y9CaoMyhsv4y4IdcDFHiNWB-10uJCV7HnMppJN-KGefofuwYMj0o-M,20240303,岐阜,4,F2,Ａ級チャレンジ選抜,base_color_7_bk,base_color_7,7,,015085,奈良　基,,,宮　城,A3,A3,両,70.38,2,1,1,2,2
qW-ZPX5Na0y9CaoMyhsv41cnAUNB52CBlBtqdmAgXTyuOWwf_xXVwgXpF6acv5P8,20240303,岐阜,5,F2,Ａ級特一般,base_color_1_bk,base_color_1,1,,014737,河上　陽一,,,千　葉,A2,A2,両,80.13,0,2,0,1,0
qW-ZPX5Na0y9CaoMyhsv41cnAUNB52CBlBtqdmAgXTyuOWwf_xXVwgXpF6acv5P8,20240303,岐阜,5,F2,Ａ級特一般,base_color_2_bk,base_color_2,2,,013461,市川　健太,,,東　京,A2,A2,両,81.52,1,3,0,0,5
qW-ZPX5Na0y9CaoMyhsv41cnAUNB52CBlBtqdmAgXTyuOWwf_xXVwgXpF6acv5P8,20240303,岐阜,5,F2,Ａ級特一般,base_color_3_bk,base_color_3,3,,014483,竜門　孝宗,,,兵　庫,A3,A2,追,75.71,0,0,1,0,1
qW-ZPX5Na0y9CaoMyhsv41cnAUNB52CBlBtqdmAgXTyuOWwf_xXVwgXpF6acv5P8,20240303,岐阜,5,F2,Ａ級特一般,base_color_4_bk,base_color_4,4,,012689,前田　拓也,,,大　阪,A2,A2,追,84.40,0,0,2,1,0
qW-ZPX5Na0y9CaoMyhsv41cnAUNB52CBlBtqdmAgXTyuOWwf_xXVwgXpF6acv5P8,20240303,岐阜,5,F2,Ａ級特一般,base_color_5_bk,base_color_5,5,,012970,山内　大作,,,静　岡,A1,A2,追,88.61,0,0,1,3,0
qW-ZPX5Na0y9CaoMyhsv41cnAUNB52CBlBtqdmAgXTyuOWwf_xXVwgXpF6acv5P8,20240303,岐阜,5,F2,Ａ級特一般,base_color_6_bk,base_color_6,6,,012496,中村　淳,,,栃　木,A3,A2,追,75.20,0,0,2,0,0
qW-ZPX5Na0y9CaoMyhsv41cnAUNB52CBlBtqdmAgXTyuOWwf_xXVwgXpF6acv5P8,20240303,岐阜,5,F2,Ａ級特一般,base_color_7_bk,base_color_7,7,,012681,辻　力,,,石　川,A2,A2,追,83.90,0,1,4,1,0
qW-ZPX5Na0y9CaoMyhsv4yeHbOt6O3bGxQrwWy0VgFkxoXrWhyTfIW41Taund6qy,20240303,岐阜,6,F2,Ａ級特一般,base_color_1_bk,base_color_1,1,,013270,中川　貴史,,,三　重,A1,A1,追,87.13,0,0,3,2,0
qW-ZPX5Na0y9CaoMyhsv4yeHbOt6O3bGxQrwWy0VgFkxoXrWhyTfIW41Taund6qy,20240303,岐阜,6,F2,Ａ級特一般,base_color_2_bk,base_color_2,2,,014064,吉松　賢二,color_blue,追加,群　馬,A2,A2,両,79.75,1,1,2,0,5
qW-ZPX5Na0y9CaoMyhsv4yeHbOt6O3bGxQrwWy0VgFkxoXrWhyTfIW41Taund6qy,20240303,岐阜,6,F2,Ａ級特一般,base_color_3_bk,base_color_3,3,,012197,奥山　雅士,,,静　岡,A3,A2,追,78.66,0,0,3,1,0
qW-ZPX5Na0y9CaoMyhsv4yeHbOt6O3bGxQrwWy0VgFkxoXrWhyTfIW41Taund6qy,20240303,岐阜,6,F2,Ａ級特一般,base_color_4_bk,base_color_4,4,,012529,木本　賢二,,,大　阪,A2,A2,追,85.44,0,0,0,3,0
qW-ZPX5Na0y9CaoMyhsv4yeHbOt6O3bGxQrwWy0VgFkxoXrWhyTfIW41Taund6qy,20240303,岐阜,6,F2,Ａ級特一般,base_color_5_bk,base_color_5,5,,013417,梅原　大治,,,静　岡,A2,A2,追,82.66,0,0,2,3,0
qW-ZPX5Na0y9CaoMyhsv4yeHbOt6O3bGxQrwWy0VgFkxoXrWhyTfIW41Taund6qy,20240303,岐阜,6,F2,Ａ級特一般,base_color_6_bk,base_color_6,6,,015188,浜田　翔平,,,大　阪,A3,A2,逃,77.45,0,3,2,0,7
qW-ZPX5Na0y9CaoMyhsv4yeHbOt6O3bGxQrwWy0VgFkxoXrWhyTfIW41Taund6qy,20240303,岐阜,6,F2,Ａ級特一般,base_color_7_bk,base_color_7,7,,012598,大庭　正紀,,,富　山,A1,A2,追,83.07,0,0,3,1,0
qW-ZPX5Na0y9CaoMyhsv46_CnnKlYCNjwd6D332RgH0YewO1Ka3o8aN__TOdjejP,20240303,岐阜,7,F2,Ｌ級ガールズ一般,base_color_1_bk,base_color_1,1,,015396,神澤　瑛菜,,,群　馬,L1,L1,両,45.00,0,0,0,0,0
qW-ZPX5Na0y9CaoMyhsv46_CnnKlYCNjwd6D332RgH0YewO1Ka3o8aN__TOdjejP,20240303,岐阜,7,F2,Ｌ級ガールズ一般,base_color_2_bk,base_color_2,2,,015758,熊谷　碩子,,,東　京,L1,L1,両,47.00,0,1,0,1,0
qW-ZPX5Na0y9CaoMyhsv46_CnnKlYCNjwd6D332RgH0YewO1Ka3o8aN__TOdjejP,20240303,岐阜,7,F2,Ｌ級ガールズ一般,base_color_3_bk,base_color_3,3,,015673,塩田　日海,,,神奈川,L1,L1,両,48.70,0,2,0,1,0
qW-ZPX5Na0y9CaoMyhsv46_CnnKlYCNjwd6D332RgH0YewO1Ka3o8aN__TOdjejP,20240303,岐阜,7,F2,Ｌ級ガールズ一般,base_color_4_bk,base_color_4,4,,015401,清水　彩那,,,静　岡,L1,L1,両,48.91,1,1,1,0,4
qW-ZPX5Na0y9CaoMyhsv46_CnnKlYCNjwd6D332RgH0YewO1Ka3o8aN__TOdjejP,20240303,岐阜,7,F2,Ｌ級ガールズ一般,base_color_5_bk,base_color_5,5,,015226,成田可菜絵,color_blue,補充,大　阪,L1,L1,両,49.13,1,0,2,2,1
qW-ZPX5Na0y9CaoMyhsv46_CnnKlYCNjwd6D332RgH0YewO1Ka3o8aN__TOdjejP,20240303,岐阜,7,F2,Ｌ級ガールズ一般,base_color_6_bk,base_color_6,6,,015145,大谷　杏奈,,,大　阪,L1,L1,両,46.50,0,0,0,0,0
qW-ZPX5Na0y9CaoMyhsv46_CnnKlYCNjwd6D332RgH0YewO1Ka3o8aN__TOdjejP,20240303,岐阜,7,F2,Ｌ級ガールズ一般,base_color_7_bk,base_color_7,7,,015763,山口　優依,,,愛　知,L1,L1,両,49.05,0,0,0,2,3
qW-ZPX5Na0y9CaoMyhsv4zaKHf_8GyKcA8k3dCisDYXgqoKfduHCC47AyzW-Ijqm,20240303,岐阜,8,F2,Ａ級特選,base_color_1_bk,base_color_1,1,,015157,高橋　大輝,,,秋　田,A2,A2,両,86.45,0,3,3,0,4
qW-ZPX5Na0y9CaoMyhsv4zaKHf_8GyKcA8k3dCisDYXgqoKfduHCC47AyzW-Ijqm,20240303,岐阜,8,F2,Ａ級特選,base_color_2_bk,base_color_2,2,,015187,鮫島　康治,,,大　阪,A1,A1,逃,87.41,2,4,1,0,4
qW-ZPX5Na0y9CaoMyhsv4zaKHf_8GyKcA8k3dCisDYXgqoKfduHCC47AyzW-Ijqm,20240303,岐阜,8,F2,Ａ級特選,base_color_3_bk,base_color_3,3,,014233,西村　行貴,,,東　京,A1,A1,追,88.66,0,2,6,2,0
qW-ZPX5Na0y9CaoMyhsv4zaKHf_8GyKcA8k3dCisDYXgqoKfduHCC47AyzW-Ijqm,20240303,岐阜,8,F2,Ａ級特選,base_color_4_bk,base_color_4,4,,015340,幸田　望夢,,,栃　木,S2,A1,逃,94.30,2,4,0,0,9
qW-ZPX5Na0y9CaoMyhsv4zaKHf_8GyKcA8k3dCisDYXgqoKfduHCC47AyzW-Ijqm,20240303,岐阜,8,F2,Ａ級特選,base_color_5_bk,base_color_5,5,,014984,會澤　龍,,,宮　城,A1,A1,両,86.37,1,0,3,2,2
qW-ZPX5Na0y9CaoMyhsv4zaKHf_8GyKcA8k3dCisDYXgqoKfduHCC47AyzW-Ijqm,20240303,岐阜,8,F2,Ａ級特選,base_color_6_bk,base_color_6,6,,014172,山田　隼司,,,岐　阜,A2,A2,逃,80.88,4,1,1,0,11
qW-ZPX5Na0y9CaoMyhsv4zaKHf_8GyKcA8k3dCisDYXgqoKfduHCC47AyzW-Ijqm,20240303,岐阜,8,F2,Ａ級特選,base_color_7_bk,base_color_7,7,,015171,出澤　拓也,,,神奈川,A1,A1,追,90.46,0,0,2,1,0
qW-ZPX5Na0y9CaoMyhsv4x4GwzC2kIses1n5lpx01I_2VOUPKUtdPsjzoPFuMnYv,20240303,岐阜,9,F2,Ａ級特選,base_color_1_bk,base_color_1,1,,015434,片桐　善也,,,新　潟,A1,A1,逃,87.57,9,2,1,0,8
qW-ZPX5Na0y9CaoMyhsv4x4GwzC2kIses1n5lpx01I_2VOUPKUtdPsjzoPFuMnYv,20240303,岐阜,9,F2,Ａ級特選,base_color_2_bk,base_color_2,2,,014600,山田　祥明,,,岐　阜,A1,A1,追,90.57,0,0,5,2,0
qW-ZPX5Na0y9CaoMyhsv4x4GwzC2kIses1n5lpx01I_2VOUPKUtdPsjzoPFuMnYv,20240303,岐阜,9,F2,Ａ級特選,base_color_3_bk,base_color_3,3,,013179,飯島　淳,,,東　京,A2,A2,追,82.83,0,0,2,3,0
qW-ZPX5Na0y9CaoMyhsv4x4GwzC2kIses1n5lpx01I_2VOUPKUtdPsjzoPFuMnYv,20240303,岐阜,9,F2,Ａ級特選,base_color_4_bk,base_color_4,4,,014096,伊藤　成紀,color_blue,追加,大　阪,A1,A1,両,92.50,1,3,6,3,4
qW-ZPX5Na0y9CaoMyhsv4x4GwzC2kIses1n5lpx01I_2VOUPKUtdPsjzoPFuMnYv,20240303,岐阜,9,F2,Ａ級特選,base_color_5_bk,base_color_5,5,,013382,成田　直喜,,,青　森,A1,A1,追,84.81,0,0,4,5,0
qW-ZPX5Na0y9CaoMyhsv4x4GwzC2kIses1n5lpx01I_2VOUPKUtdPsjzoPFuMnYv,20240303,岐阜,9,F2,Ａ級特選,base_color_6_bk,base_color_6,6,,011341,黒崎　直行,,,栃　木,A2,A2,追,80.66,0,0,2,1,0
qW-ZPX5Na0y9CaoMyhsv4x4GwzC2kIses1n5lpx01I_2VOUPKUtdPsjzoPFuMnYv,20240303,岐阜,9,F2,Ａ級特選,base_color_7_bk,base_color_7,7,,012452,伊藤　健詞,color_blue,追加,石　川,S2,A1,追,89.89,0,0,3,0,0
qW-ZPX5Na0y9CaoMyhsv46LXJQW7siSDBSKDimwnVagAhokE67HCxFLDvQrAZoGy,20240303,岐阜,10,F2,Ａ級チャレンジ決勝,base_color_1_bk,base_color_1,1,,013781,服部　正継,,,岐　阜,A2,A3,追,75.65,0,0,2,9,0
qW-ZPX5Na0y9CaoMyhsv46LXJQW7siSDBSKDimwnVagAhokE67HCxFLDvQrAZoGy,20240303,岐阜,10,F2,Ａ級チャレンジ決勝,base_color_2_bk,base_color_2,2,,015612,小榑　佑弥,color_blue,追加,新　潟,A3,A3,逃,77.66,1,8,3,3,3
qW-ZPX5Na0y9CaoMyhsv46LXJQW7siSDBSKDimwnVagAhokE67HCxFLDvQrAZoGy,20240303,岐阜,10,F2,Ａ級チャレンジ決勝,base_color_3_bk,base_color_3,3,,011875,神田　宏行,,,埼　玉,A3,A3,追,70.31,0,0,2,1,0
qW-ZPX5Na0y9CaoMyhsv46LXJQW7siSDBSKDimwnVagAhokE67HCxFLDvQrAZoGy,20240303,岐阜,10,F2,Ａ級チャレンジ決勝,base_color_4_bk,base_color_4,4,,015623,野崎　翼,color_blue,追加,岐　阜,A2,A3,逃,79.48,5,5,5,1,10
qW-ZPX5Na0y9CaoMyhsv46LXJQW7siSDBSKDimwnVagAhokE67HCxFLDvQrAZoGy,20240303,岐阜,10,F2,Ａ級チャレンジ決勝,base_color_5_bk,base_color_5,5,,012827,光岡　義洋,,,愛　知,A3,A3,追,70.11,0,0,0,0,0
qW-ZPX5Na0y9CaoMyhsv46LXJQW7siSDBSKDimwnVagAhokE67HCxFLDvQrAZoGy,20240303,岐阜,10,F2,Ａ級チャレンジ決勝,base_color_6_bk,base_color_6,6,,014798,三浦平志郎,,,秋　田,A3,A3,逃,67.80,1,2,0,0,5
qW-ZPX5Na0y9CaoMyhsv46LXJQW7siSDBSKDimwnVagAhokE67HCxFLDvQrAZoGy,20240303,岐阜,10,F2,Ａ級チャレンジ決勝,base_color_7_bk,base_color_7,7,,015719,出口謙一郎,,,岐　阜,A3,A3,逃,78.60,7,3,2,0,7
qW-ZPX5Na0y9CaoMyhsv4_7OZ5xQNnXEomgdtgG_85t4kYsuJXZUSDVoENnCS2aO,20240303,岐阜,11,F2,Ｌ級ガールズ決勝,base_color_1_bk,base_color_1,1,,015764,宇野　紅音,,,岐　阜,L1,L1,両,52.09,0,2,1,1,1
qW-ZPX5Na0y9CaoMyhsv4_7OZ5xQNnXEomgdtgG_85t4kYsuJXZUSDVoENnCS2aO,20240303,岐阜,11,F2,Ｌ級ガールズ決勝,base_color_2_bk,base_color_2,2,,015587,吉川　美穂,,,和歌山,L1,L1,両,54.88,0,2,7,1,1
qW-ZPX5Na0y9CaoMyhsv4_7OZ5xQNnXEomgdtgG_85t4kYsuJXZUSDVoENnCS2aO,20240303,岐阜,11,F2,Ｌ級ガールズ決勝,base_color_3_bk,base_color_3,3,,014895,荒牧　聖未,,,栃　木,L1,L1,両,56.52,0,5,10,2,3
qW-ZPX5Na0y9CaoMyhsv4_7OZ5xQNnXEomgdtgG_85t4kYsuJXZUSDVoENnCS2aO,20240303,岐阜,11,F2,Ｌ級ガールズ決勝,base_color_4_bk,base_color_4,4,,015573,蛯原　杏奈,,,北海道,L1,L1,両,49.70,0,0,1,4,0
qW-ZPX5Na0y9CaoMyhsv4_7OZ5xQNnXEomgdtgG_85t4kYsuJXZUSDVoENnCS2aO,20240303,岐阜,11,F2,Ｌ級ガールズ決勝,base_color_5_bk,base_color_5,5,,015309,黒沢　夢姫,,,埼　玉,L1,L1,両,48.46,0,0,0,1,0
qW-ZPX5Na0y9CaoMyhsv4_7OZ5xQNnXEomgdtgG_85t4kYsuJXZUSDVoENnCS2aO,20240303,岐阜,11,F2,Ｌ級ガールズ決勝,base_color_6_bk,base_color_6,6,,015760,五味田奈穂,,,千　葉,L1,L1,両,49.72,4,1,0,0,9
qW-ZPX5Na0y9CaoMyhsv4_7OZ5xQNnXEomgdtgG_85t4kYsuJXZUSDVoENnCS2aO,20240303,岐阜,11,F2,Ｌ級ガールズ決勝,base_color_7_bk,base_color_7,7,,015308,當銘　直美,color_blue,追加,愛　知,L1,L1,両,55.52,2,2,5,4,4
qW-ZPX5Na0y9CaoMyhsv4_gsIiYjucFIJtRd6HMjYad3CwiN_u4Oopo9pdxLStcX,20240303,岐阜,12,F2,Ａ級決勝,base_color_1_bk,base_color_1,1,,014026,高橋　成英,,,愛　知,A1,A1,両,91.36,5,1,4,0,11
qW-ZPX5Na0y9CaoMyhsv4_gsIiYjucFIJtRd6HMjYad3CwiN_u4Oopo9pdxLStcX,20240303,岐阜,12,F2,Ａ級決勝,base_color_2_bk,base_color_2,2,,013014,江連　和洋,,,栃　木,S2,A1,追,93.91,0,0,5,2,0
qW-ZPX5Na0y9CaoMyhsv4_gsIiYjucFIJtRd6HMjYad3CwiN_u4Oopo9pdxLStcX,20240303,岐阜,12,F2,Ａ級決勝,base_color_3_bk,base_color_3,3,,013852,五十嵐　力,,,神奈川,S2,A1,追,98.77,0,0,4,1,0
qW-ZPX5Na0y9CaoMyhsv4_gsIiYjucFIJtRd6HMjYad3CwiN_u4Oopo9pdxLStcX,20240303,岐阜,12,F2,Ａ級決勝,base_color_4_bk,base_color_4,4,,013209,奥谷　広巳,,,兵　庫,A1,A1,追,87.76,0,0,4,1,0
qW-ZPX5Na0y9CaoMyhsv4_gsIiYjucFIJtRd6HMjYad3CwiN_u4Oopo9pdxLStcX,20240303,岐阜,12,F2,Ａ級決勝,base_color_5_bk,base_color_5,5,,014826,菅原　裕太,,,静　岡,S2,A1,逃,94.17,2,2,5,0,3
qW-ZPX5Na0y9CaoMyhsv4_gsIiYjucFIJtRd6HMjYad3CwiN_u4Oopo9pdxLStcX,20240303,岐阜,12,F2,Ａ級決勝,base_color_6_bk,base_color_6,6,,012678,舛井　幹雄,,,三　重,A1,A1,追,85.61,0,0,6,2,0
qW-ZPX5Na0y9CaoMyhsv4_gsIiYjucFIJtRd6HMjYad3CwiN_u4Oopo9pdxLStcX,20240303,岐阜,12,F2,Ａ級決勝,base_color_7_bk,base_color_7,7,,014645,三浦　翔大,,,宮　城,A1,A2,逃,92.26,2,2,1,1,8
TzXNr1IyQYXd8vmMpJjd_yhSuEikANXDWVXkOP9xCKPnXb9Q68gTreehSXc9qP5J,20240303,小倉,1,F2,Ａ級チャレンジ一般,base_color_1_bk,base_color_1,1,,011847,赤松　誠一,,,高　知,A3,A3,追,67.50,0,0,2,1,0
TzXNr1IyQYXd8vmMpJjd_yhSuEikANXDWVXkOP9xCKPnXb9Q68gTreehSXc9qP5J,20240303,小倉,1,F2,Ａ級チャレンジ一般,base_color_2_bk,base_color_2,2,,014200,西村　尚文,,,鹿児島,A3,A3,追,64.33,0,0,0,0,0
TzXNr1IyQYXd8vmMpJjd_yhSuEikANXDWVXkOP9xCKPnXb9Q68gTreehSXc9qP5J,20240303,小倉,1,F2,Ａ級チャレンジ一般,base_color_3_bk,base_color_3,3,,014395,竹田　慎一,,,富　山,A3,A3,逃,69.31,5,3,1,0,10
TzXNr1IyQYXd8vmMpJjd_yhSuEikANXDWVXkOP9xCKPnXb9Q68gTreehSXc9qP5J,20240303,小倉,1,F2,Ａ級チャレンジ一般,base_color_4_bk,base_color_4,4,,014957,永田　秀佑,,,長　崎,A3,A3,両,67.11,3,1,1,0,4
TzXNr1IyQYXd8vmMpJjd_yhSuEikANXDWVXkOP9xCKPnXb9Q68gTreehSXc9qP5J,20240303,小倉,1,F2,Ａ級チャレンジ一般,base_color_5_bk,base_color_5,5,,012671,滝川　秀嗣,,,愛　知,A3,A3,追,68.20,0,1,3,1,1
TzXNr1IyQYXd8vmMpJjd_yhSuEikANXDWVXkOP9xCKPnXb9Q68gTreehSXc9qP5J,20240303,小倉,1,F2,Ａ級チャレンジ一般,base_color_6_bk,base_color_6,6,,010914,谷尾　佳昭,color_blue,追加,岡　山,A3,A3,追,61.93,0,0,0,0,0
TzXNr1IyQYXd8vmMpJjd_yhSuEikANXDWVXkOP9xCKPnXb9Q68gTreehSXc9qP5J,20240303,小倉,1,F2,Ａ級チャレンジ一般,base_color_7_bk,base_color_7,7,,015478,田　典幸,,,熊　本,A2,A3,逃,63.23,0,0,0,0,3
TzXNr1IyQYXd8vmMpJjd__8O_1HZkQhmVU488y3e1zs1OFaUZ44cghvl4ivZx5QT,20240303,小倉,2,F2,Ａ級チャレンジ一般,base_color_1_bk,base_color_1,1,,015571,吉田　悟,,,熊　本,A3,A3,逃,69.94,4,2,1,1,10
TzXNr1IyQYXd8vmMpJjd__8O_1HZkQhmVU488y3e1zs1OFaUZ44cghvl4ivZx5QT,20240303,小倉,2,F2,Ａ級チャレンジ一般,base_color_2_bk,base_color_2,2,,012836,大田　啓介,,,岡　山,A3,A3,追,64.91,0,0,1,1,0
TzXNr1IyQYXd8vmMpJjd__8O_1HZkQhmVU488y3e1zs1OFaUZ44cghvl4ivZx5QT,20240303,小倉,2,F2,Ａ級チャレンジ一般,base_color_3_bk,base_color_3,3,,012373,中畑　利英,,,和歌山,A3,A3,追,66.05,0,0,0,1,0
TzXNr1IyQYXd8vmMpJjd__8O_1HZkQhmVU488y3e1zs1OFaUZ44cghvl4ivZx5QT,20240303,小倉,2,F2,Ａ級チャレンジ一般,base_color_4_bk,base_color_4,4,,012774,大窪　輝之,,,熊　本,A3,A3,追,68.59,0,0,1,0,0
TzXNr1IyQYXd8vmMpJjd__8O_1HZkQhmVU488y3e1zs1OFaUZ44cghvl4ivZx5QT,20240303,小倉,2,F2,Ａ級チャレンジ一般,base_color_5_bk,base_color_5,5,,012054,礒田　義則,,,熊　本,A3,A3,追,65.40,0,0,1,1,0
TzXNr1IyQYXd8vmMpJjd__8O_1HZkQhmVU488y3e1zs1OFaUZ44cghvl4ivZx5QT,20240303,小倉,2,F2,Ａ級チャレンジ一般,base_color_6_bk,base_color_6,6,,015374,池川　瑠威,,,広　島,A3,A3,両,61.66,0,0,0,0,0
TzXNr1IyQYXd8vmMpJjd__8O_1HZkQhmVU488y3e1zs1OFaUZ44cghvl4ivZx5QT,20240303,小倉,2,F2,Ａ級チャレンジ一般,base_color_7_bk,base_color_7,7,,014482,松本　琢也,,,兵　庫,A3,A3,両,69.53,0,1,3,0,1
TzXNr1IyQYXd8vmMpJjd_2eFoy9LQf9wbPpbZK2wIk3nyXuke8OGGCWxtzqco6r0,20240303,小倉,3,F2,Ａ級チャレンジ準決勝,base_color_1_bk,base_color_1,1,,013647,光畑　政志,,,岡　山,A2,A3,追,74.08,0,1,4,3,0
TzXNr1IyQYXd8vmMpJjd_2eFoy9LQf9wbPpbZK2wIk3nyXuke8OGGCWxtzqco6r0,20240303,小倉,3,F2,Ａ級チャレンジ準決勝,base_color_2_bk,base_color_2,2,,015209,中野　真吾,,,佐　賀,A2,A3,逃,77.83,8,5,1,0,11
TzXNr1IyQYXd8vmMpJjd_2eFoy9LQf9wbPpbZK2wIk3nyXuke8OGGCWxtzqco6r0,20240303,小倉,3,F2,Ａ級チャレンジ準決勝,base_color_3_bk,base_color_3,3,,012444,垣外中勝哉,,,大　阪,A2,A3,追,71.26,0,0,1,1,0
TzXNr1IyQYXd8vmMpJjd_2eFoy9LQf9wbPpbZK2wIk3nyXuke8OGGCWxtzqco6r0,20240303,小倉,3,F2,Ａ級チャレンジ準決勝,base_color_4_bk,base_color_4,4,,015726,龍野琳太郎,,,岡　山,A3,A3,逃,74.04,10,1,1,0,14
TzXNr1IyQYXd8vmMpJjd_2eFoy9LQf9wbPpbZK2wIk3nyXuke8OGGCWxtzqco6r0,20240303,小倉,3,F2,Ａ級チャレンジ準決勝,base_color_5_bk,base_color_5,5,,012406,濱田昭一郎,,,鹿児島,A3,A3,追,70.03,0,0,3,4,0
TzXNr1IyQYXd8vmMpJjd_2eFoy9LQf9wbPpbZK2wIk3nyXuke8OGGCWxtzqco6r0,20240303,小倉,3,F2,Ａ級チャレンジ準決勝,base_color_6_bk,base_color_6,6,,015621,長谷川裕一,,,愛　知,A3,A3,逃,68.61,5,3,0,0,8
TzXNr1IyQYXd8vmMpJjd_2eFoy9LQf9wbPpbZK2wIk3nyXuke8OGGCWxtzqco6r0,20240303,小倉,3,F2,Ａ級チャレンジ準決勝,base_color_7_bk,base_color_7,7,,015210,白濱　一平,,,長　崎,A2,A3,両,76.75,1,2,0,0,4
TzXNr1IyQYXd8vmMpJjd_xNTjZRARDb-KWNp8JRkyrjO4Pis6E5px79f_rWd5NAV,20240303,小倉,4,F2,Ａ級チャレンジ準決勝,base_color_1_bk,base_color_1,1,,013588,齋藤　仁,color_blue,追加,徳　島,A2,A3,追,72.44,0,0,5,1,1
TzXNr1IyQYXd8vmMpJjd_xNTjZRARDb-KWNp8JRkyrjO4Pis6E5px79f_rWd5NAV,20240303,小倉,4,F2,Ａ級チャレンジ準決勝,base_color_2_bk,base_color_2,2,,013223,木谷　凉,,,福　岡,A3,A3,追,72.27,0,0,5,2,0
TzXNr1IyQYXd8vmMpJjd_xNTjZRARDb-KWNp8JRkyrjO4Pis6E5px79f_rWd5NAV,20240303,小倉,4,F2,Ａ級チャレンジ準決勝,base_color_3_bk,base_color_3,3,,012906,太田　良政,,,岡　山,A3,A3,追,69.66,0,0,2,1,0
TzXNr1IyQYXd8vmMpJjd_xNTjZRARDb-KWNp8JRkyrjO4Pis6E5px79f_rWd5NAV,20240303,小倉,4,F2,Ａ級チャレンジ準決勝,base_color_4_bk,base_color_4,4,,015737,火島　裕輝,color_blue,追加,愛　媛,A3,A3,逃,74.31,6,5,1,0,11
TzXNr1IyQYXd8vmMpJjd_xNTjZRARDb-KWNp8JRkyrjO4Pis6E5px79f_rWd5NAV,20240303,小倉,4,F2,Ａ級チャレンジ準決勝,base_color_5_bk,base_color_5,5,,014780,古川　大輔,,,広　島,A3,A3,両,69.94,8,3,1,0,14
TzXNr1IyQYXd8vmMpJjd_xNTjZRARDb-KWNp8JRkyrjO4Pis6E5px79f_rWd5NAV,20240303,小倉,4,F2,Ａ級チャレンジ準決勝,base_color_6_bk,base_color_6,6,,013220,幸津　博,,,徳　島,A3,A3,追,67.90,0,0,1,0,0
TzXNr1IyQYXd8vmMpJjd_xNTjZRARDb-KWNp8JRkyrjO4Pis6E5px79f_rWd5NAV,20240303,小倉,4,F2,Ａ級チャレンジ準決勝,base_color_7_bk,base_color_7,7,,015754,成海　大聖,,,沖　縄,A3,A3,逃,71.11,3,4,0,1,7
TzXNr1IyQYXd8vmMpJjd__9zJhoMEE103TdHRZIN1hX9Kwpq5PEPTtvGuh9Y0zNV,20240303,小倉,5,F2,Ａ級チャレンジ準決勝,base_color_1_bk,base_color_1,1,,015748,田中　会心,,,熊　本,A3,A3,逃,75.91,12,2,0,0,16
TzXNr1IyQYXd8vmMpJjd__9zJhoMEE103TdHRZIN1hX9Kwpq5PEPTtvGuh9Y0zNV,20240303,小倉,5,F2,Ａ級チャレンジ準決勝,base_color_2_bk,base_color_2,2,,012914,武市　和人,,,高　知,A3,A3,両,74.00,0,0,3,1,0
TzXNr1IyQYXd8vmMpJjd__9zJhoMEE103TdHRZIN1hX9Kwpq5PEPTtvGuh9Y0zNV,20240303,小倉,5,F2,Ａ級チャレンジ準決勝,base_color_3_bk,base_color_3,3,,014687,井上　将志,,,福　岡,A2,A3,両,78.85,0,2,7,3,0
TzXNr1IyQYXd8vmMpJjd__9zJhoMEE103TdHRZIN1hX9Kwpq5PEPTtvGuh9Y0zNV,20240303,小倉,5,F2,Ａ級チャレンジ準決勝,base_color_4_bk,base_color_4,4,,012988,沖　健一,,,高　知,A3,A3,追,68.79,0,0,1,1,0
TzXNr1IyQYXd8vmMpJjd__9zJhoMEE103TdHRZIN1hX9Kwpq5PEPTtvGuh9Y0zNV,20240303,小倉,5,F2,Ａ級チャレンジ準決勝,base_color_5_bk,base_color_5,5,,011741,澤亀　浩司,,,福　岡,A3,A3,追,69.69,0,1,2,3,0
TzXNr1IyQYXd8vmMpJjd__9zJhoMEE103TdHRZIN1hX9Kwpq5PEPTtvGuh9Y0zNV,20240303,小倉,5,F2,Ａ級チャレンジ準決勝,base_color_6_bk,base_color_6,6,,011655,安藤　雄一,,,福　岡,A3,A3,追,65.70,0,0,1,0,0
TzXNr1IyQYXd8vmMpJjd__9zJhoMEE103TdHRZIN1hX9Kwpq5PEPTtvGuh9Y0zNV,20240303,小倉,5,F2,Ａ級チャレンジ準決勝,base_color_7_bk,base_color_7,7,,014183,隅田　幸助,,,広　島,A2,A3,逃,74.52,4,2,2,1,8
TzXNr1IyQYXd8vmMpJjd_4z66jf0Pw49JwwHAyUJmA4aqC-AdWybNAQ3FoUt-ngP,20240303,小倉,6,F2,Ｌ級ガールズ予選（第２走）,base_color_1_bk,base_color_1,1,,015152,亀川　史華,,,長　野,L1,L1,両,46.33,0,0,0,0,0
TzXNr1IyQYXd8vmMpJjd_4z66jf0Pw49JwwHAyUJmA4aqC-AdWybNAQ3FoUt-ngP,20240303,小倉,6,F2,Ｌ級ガールズ予選（第２走）,base_color_2_bk,base_color_2,2,,015578,飯田　風音,,,埼　玉,L1,L1,両,55.87,5,4,4,1,2
TzXNr1IyQYXd8vmMpJjd_4z66jf0Pw49JwwHAyUJmA4aqC-AdWybNAQ3FoUt-ngP,20240303,小倉,6,F2,Ｌ級ガールズ予選（第２走）,base_color_3_bk,base_color_3,3,,014959,奈良岡彩子,,,神奈川,L1,L1,両,44.00,0,0,0,0,0
TzXNr1IyQYXd8vmMpJjd_4z66jf0Pw49JwwHAyUJmA4aqC-AdWybNAQ3FoUt-ngP,20240303,小倉,6,F2,Ｌ級ガールズ予選（第２走）,base_color_4_bk,base_color_4,4,,015502,廣木　まこ,,,福　岡,L1,L1,両,53.23,4,6,2,1,11
TzXNr1IyQYXd8vmMpJjd_4z66jf0Pw49JwwHAyUJmA4aqC-AdWybNAQ3FoUt-ngP,20240303,小倉,6,F2,Ｌ級ガールズ予選（第２走）,base_color_5_bk,base_color_5,5,,015402,鈴木　樹里,color_blue,追加,福　島,L1,L1,両,49.28,0,0,2,2,1
TzXNr1IyQYXd8vmMpJjd_4z66jf0Pw49JwwHAyUJmA4aqC-AdWybNAQ3FoUt-ngP,20240303,小倉,6,F2,Ｌ級ガールズ予選（第２走）,base_color_6_bk,base_color_6,6,,015027,長澤　彩,,,福　岡,L1,L1,両,52.57,0,1,1,3,0
TzXNr1IyQYXd8vmMpJjd_4z66jf0Pw49JwwHAyUJmA4aqC-AdWybNAQ3FoUt-ngP,20240303,小倉,6,F2,Ｌ級ガールズ予選（第２走）,base_color_7_bk,base_color_7,7,,015774,金田　舞夏,,,福　岡,L1,L1,両,48.52,0,0,1,1,1
TzXNr1IyQYXd8vmMpJjd_2etpIuSEuC1mJ-xcgnOAAu3uSwfE2EAIT5Mv7FhqOEn,20240303,小倉,7,F2,Ｌ級ガールズ予選（第２走）,base_color_1_bk,base_color_1,1,,015407,出口　倫子,,,長　崎,L1,L1,両,45.81,0,0,0,0,0
TzXNr1IyQYXd8vmMpJjd_2etpIuSEuC1mJ-xcgnOAAu3uSwfE2EAIT5Mv7FhqOEn,20240303,小倉,7,F2,Ｌ級ガールズ予選（第２走）,base_color_2_bk,base_color_2,2,,015575,高木　香帆,,,岩　手,L1,L1,両,45.80,0,0,0,1,0
TzXNr1IyQYXd8vmMpJjd_2etpIuSEuC1mJ-xcgnOAAu3uSwfE2EAIT5Mv7FhqOEn,20240303,小倉,7,F2,Ｌ級ガールズ予選（第２走）,base_color_3_bk,base_color_3,3,,015315,渡口まりあ,,,山　口,L1,L1,両,50.41,3,1,2,2,6
TzXNr1IyQYXd8vmMpJjd_2etpIuSEuC1mJ-xcgnOAAu3uSwfE2EAIT5Mv7FhqOEn,20240303,小倉,7,F2,Ｌ級ガールズ予選（第２走）,base_color_4_bk,base_color_4,4,,014974,山原さくら,,,高　知,L1,L1,両,56.47,2,16,0,0,14
TzXNr1IyQYXd8vmMpJjd_2etpIuSEuC1mJ-xcgnOAAu3uSwfE2EAIT5Mv7FhqOEn,20240303,小倉,7,F2,Ｌ級ガールズ予選（第２走）,base_color_5_bk,base_color_5,5,,015391,伊藤のぞみ,,,北海道,L1,L1,両,51.19,0,0,0,5,0
TzXNr1IyQYXd8vmMpJjd_2etpIuSEuC1mJ-xcgnOAAu3uSwfE2EAIT5Mv7FhqOEn,20240303,小倉,7,F2,Ｌ級ガールズ予選（第２走）,base_color_6_bk,base_color_6,6,,015577,本多　優,,,群　馬,L1,L1,両,47.16,0,0,0,0,0
TzXNr1IyQYXd8vmMpJjd_2etpIuSEuC1mJ-xcgnOAAu3uSwfE2EAIT5Mv7FhqOEn,20240303,小倉,7,F2,Ｌ級ガールズ予選（第２走）,base_color_7_bk,base_color_7,7,,015023,石井　貴子,,,千　葉,L1,L1,両,56.19,0,8,9,1,2
TzXNr1IyQYXd8vmMpJjd_wqeTElQRhvRBdOaEE0_Dr4s1uegJHHp78jfMaWVgukt,20240303,小倉,8,F2,Ａ級特一般,base_color_1_bk,base_color_1,1,,014193,玉手　翔,,,兵　庫,A1,A1,追,85.32,0,0,2,3,0
TzXNr1IyQYXd8vmMpJjd_wqeTElQRhvRBdOaEE0_Dr4s1uegJHHp78jfMaWVgukt,20240303,小倉,8,F2,Ａ級特一般,base_color_2_bk,base_color_2,2,,015652,橋本　陸,,,福　岡,A2,A2,逃,82.11,1,1,1,0,5
TzXNr1IyQYXd8vmMpJjd_wqeTElQRhvRBdOaEE0_Dr4s1uegJHHp78jfMaWVgukt,20240303,小倉,8,F2,Ａ級特一般,base_color_3_bk,base_color_3,3,,012913,増田　鉄男,,,徳　島,A2,A2,追,85.84,0,0,0,2,0
TzXNr1IyQYXd8vmMpJjd_wqeTElQRhvRBdOaEE0_Dr4s1uegJHHp78jfMaWVgukt,20240303,小倉,8,F2,Ａ級特一般,base_color_4_bk,base_color_4,4,,014829,桜井　雄太,,,愛　知,A1,A2,逃,81.29,2,5,0,1,7
TzXNr1IyQYXd8vmMpJjd_wqeTElQRhvRBdOaEE0_Dr4s1uegJHHp78jfMaWVgukt,20240303,小倉,8,F2,Ａ級特一般,base_color_5_bk,base_color_5,5,,012128,山根　泰道,,,岡　山,A2,A2,追,81.50,0,0,1,0,0
TzXNr1IyQYXd8vmMpJjd_wqeTElQRhvRBdOaEE0_Dr4s1uegJHHp78jfMaWVgukt,20240303,小倉,8,F2,Ａ級特一般,base_color_6_bk,base_color_6,6,,015284,田村　裕也,,,徳　島,A3,A2,逃,76.52,1,1,0,0,11
TzXNr1IyQYXd8vmMpJjd_wqeTElQRhvRBdOaEE0_Dr4s1uegJHHp78jfMaWVgukt,20240303,小倉,8,F2,Ａ級特一般,base_color_7_bk,base_color_7,7,,013370,三槻　智清,,,佐　賀,A2,A2,追,80.68,0,0,0,2,0
TzXNr1IyQYXd8vmMpJjd_54v4Kfv46gA0gVGwwNf6e5gY_JTvz7k5vVE6t9uBL29,20240303,小倉,9,F2,Ａ級特一般,base_color_1_bk,base_color_1,1,,015482,松本　一志,,,宮　崎,A2,A2,逃,80.20,6,1,0,0,8
TzXNr1IyQYXd8vmMpJjd_54v4Kfv46gA0gVGwwNf6e5gY_JTvz7k5vVE6t9uBL29,20240303,小倉,9,F2,Ａ級特一般,base_color_2_bk,base_color_2,2,,014598,岡崎　祥伍,,,岐　阜,A1,A2,追,82.61,0,1,3,0,1
TzXNr1IyQYXd8vmMpJjd_54v4Kfv46gA0gVGwwNf6e5gY_JTvz7k5vVE6t9uBL29,20240303,小倉,9,F2,Ａ級特一般,base_color_3_bk,base_color_3,3,,012832,仙石　淳,,,滋　賀,A2,A2,追,78.91,0,0,1,0,0
TzXNr1IyQYXd8vmMpJjd_54v4Kfv46gA0gVGwwNf6e5gY_JTvz7k5vVE6t9uBL29,20240303,小倉,9,F2,Ａ級特一般,base_color_4_bk,base_color_4,4,,010577,佐々木浩三,,,佐　賀,A3,A2,追,73.25,0,0,0,0,0
TzXNr1IyQYXd8vmMpJjd_54v4Kfv46gA0gVGwwNf6e5gY_JTvz7k5vVE6t9uBL29,20240303,小倉,9,F2,Ａ級特一般,base_color_5_bk,base_color_5,5,,014392,北村　篤,,,岐　阜,A2,A2,追,79.62,0,0,0,0,0
TzXNr1IyQYXd8vmMpJjd_54v4Kfv46gA0gVGwwNf6e5gY_JTvz7k5vVE6t9uBL29,20240303,小倉,9,F2,Ａ級特一般,base_color_6_bk,base_color_6,6,,014266,宮本　龍一,,,福　岡,A2,A2,両,0.00,0,0,0,0,0
TzXNr1IyQYXd8vmMpJjd_54v4Kfv46gA0gVGwwNf6e5gY_JTvz7k5vVE6t9uBL29,20240303,小倉,9,F2,Ａ級特一般,base_color_7_bk,base_color_7,7,,014474,山崎　晃,,,石　川,A1,A2,両,84.77,4,2,0,2,12
TzXNr1IyQYXd8vmMpJjd_4XbEA-pkIo95T9IEin14hrD0JZMt9lKQTujeCDluRR4,20240303,小倉,10,F2,Ａ級準決勝,base_color_1_bk,base_color_1,1,,012899,中井　護,,,滋　賀,A1,A1,追,90.03,0,0,6,3,0
TzXNr1IyQYXd8vmMpJjd_4XbEA-pkIo95T9IEin14hrD0JZMt9lKQTujeCDluRR4,20240303,小倉,10,F2,Ａ級準決勝,base_color_2_bk,base_color_2,2,,015194,船瀬　惇平,,,広　島,A1,A2,逃,87.85,9,1,1,0,12
TzXNr1IyQYXd8vmMpJjd_4XbEA-pkIo95T9IEin14hrD0JZMt9lKQTujeCDluRR4,20240303,小倉,10,F2,Ａ級準決勝,base_color_3_bk,base_color_3,3,,014374,屋良　朝春,,,沖　縄,A1,A1,両,85.61,1,0,4,3,2
TzXNr1IyQYXd8vmMpJjd_4XbEA-pkIo95T9IEin14hrD0JZMt9lKQTujeCDluRR4,20240303,小倉,10,F2,Ａ級準決勝,base_color_4_bk,base_color_4,4,,014758,中野　智公,,,和歌山,A1,A1,追,87.42,0,0,3,3,0
TzXNr1IyQYXd8vmMpJjd_4XbEA-pkIo95T9IEin14hrD0JZMt9lKQTujeCDluRR4,20240303,小倉,10,F2,Ａ級準決勝,base_color_5_bk,base_color_5,5,,014109,吉松　直人,,,高　知,S2,A1,追,94.58,0,3,7,1,1
TzXNr1IyQYXd8vmMpJjd_4XbEA-pkIo95T9IEin14hrD0JZMt9lKQTujeCDluRR4,20240303,小倉,10,F2,Ａ級準決勝,base_color_6_bk,base_color_6,6,,014046,秋山　貴宏,,,佐　賀,A3,A2,両,79.33,0,1,3,4,0
TzXNr1IyQYXd8vmMpJjd_4XbEA-pkIo95T9IEin14hrD0JZMt9lKQTujeCDluRR4,20240303,小倉,10,F2,Ａ級準決勝,base_color_7_bk,base_color_7,7,,014674,丹波　孝佑,,,大　阪,A1,A1,逃,90.48,12,2,0,0,20
TzXNr1IyQYXd8vmMpJjd_7qcHPnYUVZ-Gq0x-zuJxGrU7kKkh5ZXe14Bs8wM9qKo,20240303,小倉,11,F2,Ａ級準決勝,base_color_1_bk,base_color_1,1,,015377,蒋野　翔太,,,徳　島,S2,A1,逃,92.52,4,3,0,0,11
TzXNr1IyQYXd8vmMpJjd_7qcHPnYUVZ-Gq0x-zuJxGrU7kKkh5ZXe14Bs8wM9qKo,20240303,小倉,11,F2,Ａ級準決勝,base_color_2_bk,base_color_2,2,,013570,加藤　寛治,,,愛　知,S2,A1,両,92.00,0,1,4,3,0
TzXNr1IyQYXd8vmMpJjd_7qcHPnYUVZ-Gq0x-zuJxGrU7kKkh5ZXe14Bs8wM9qKo,20240303,小倉,11,F2,Ａ級準決勝,base_color_3_bk,base_color_3,3,,014093,窪田　陽介,,,滋　賀,A1,A2,追,83.83,0,0,4,0,0
TzXNr1IyQYXd8vmMpJjd_7qcHPnYUVZ-Gq0x-zuJxGrU7kKkh5ZXe14Bs8wM9qKo,20240303,小倉,11,F2,Ａ級準決勝,base_color_4_bk,base_color_4,4,,014881,山崎　泰己,,,岡　山,A1,A2,追,92.33,0,1,7,7,0
TzXNr1IyQYXd8vmMpJjd_7qcHPnYUVZ-Gq0x-zuJxGrU7kKkh5ZXe14Bs8wM9qKo,20240303,小倉,11,F2,Ａ級準決勝,base_color_5_bk,base_color_5,5,,015445,内藤　久文,,,愛　知,A1,A1,逃,90.16,10,2,0,0,15
TzXNr1IyQYXd8vmMpJjd_7qcHPnYUVZ-Gq0x-zuJxGrU7kKkh5ZXe14Bs8wM9qKo,20240303,小倉,11,F2,Ａ級準決勝,base_color_6_bk,base_color_6,6,,013892,梶山裕次郎,,,福　岡,A2,A1,追,83.21,0,0,0,0,0
TzXNr1IyQYXd8vmMpJjd_7qcHPnYUVZ-Gq0x-zuJxGrU7kKkh5ZXe14Bs8wM9qKo,20240303,小倉,11,F2,Ａ級準決勝,base_color_7_bk,base_color_7,7,,013722,宝満　大作,,,岐　阜,A1,A1,追,86.90,0,0,3,2,0
TzXNr1IyQYXd8vmMpJjd_5GzrqA3wczDCfJ4AtfalBldA7fOYevvtdwF3gKxkcl8,20240303,小倉,12,F2,Ａ級準決勝,base_color_1_bk,base_color_1,1,,014929,小酒　大勇,,,宮　崎,S2,A1,追,96.32,0,5,6,1,2
TzXNr1IyQYXd8vmMpJjd_5GzrqA3wczDCfJ4AtfalBldA7fOYevvtdwF3gKxkcl8,20240303,小倉,12,F2,Ａ級準決勝,base_color_2_bk,base_color_2,2,,014473,重倉　高史,,,富　山,S2,A1,両,92.86,5,0,2,0,10
TzXNr1IyQYXd8vmMpJjd_5GzrqA3wczDCfJ4AtfalBldA7fOYevvtdwF3gKxkcl8,20240303,小倉,12,F2,Ａ級準決勝,base_color_3_bk,base_color_3,3,,013491,近藤　範昌,,,岡　山,A1,A1,追,87.68,1,0,2,3,1
TzXNr1IyQYXd8vmMpJjd_5GzrqA3wczDCfJ4AtfalBldA7fOYevvtdwF3gKxkcl8,20240303,小倉,12,F2,Ａ級準決勝,base_color_4_bk,base_color_4,4,,015281,増田　仁,,,広　島,A1,A1,逃,85.90,12,3,2,1,15
TzXNr1IyQYXd8vmMpJjd_5GzrqA3wczDCfJ4AtfalBldA7fOYevvtdwF3gKxkcl8,20240303,小倉,12,F2,Ａ級準決勝,base_color_5_bk,base_color_5,5,,015665,福田　要,,,宮　崎,A2,A2,逃,89.57,3,7,2,0,5
TzXNr1IyQYXd8vmMpJjd_5GzrqA3wczDCfJ4AtfalBldA7fOYevvtdwF3gKxkcl8,20240303,小倉,12,F2,Ａ級準決勝,base_color_6_bk,base_color_6,6,,013068,城戸崎隆史,,,福　岡,A1,A1,両,82.20,0,0,2,1,1
TzXNr1IyQYXd8vmMpJjd_5GzrqA3wczDCfJ4AtfalBldA7fOYevvtdwF3gKxkcl8,20240303,小倉,12,F2,Ａ級準決勝,base_color_7_bk,base_color_7,7,,014245,後藤　彰仁,,,岐　阜,A1,A1,追,91.09,0,0,4,5,0
D7zTldhOQz1frw-9PCXWBXyfCbbGfJ5B7QcNLoh4QokZbsgJ3aqamTJq5pmYQbHO,20240303,武雄,1,F2,Ａ級チャレンジ一般,base_color_1_bk,base_color_1,1,,013840,高瀬　卓,,,埼　玉,A1,A3,両,76.83,0,0,6,3,0
D7zTldhOQz1frw-9PCXWBXyfCbbGfJ5B7QcNLoh4QokZbsgJ3aqamTJq5pmYQbHO,20240303,武雄,1,F2,Ａ級チャレンジ一般,base_color_2_bk,base_color_2,2,,012509,岡嵜　浩一,,,神奈川,A2,A3,追,74.85,0,1,0,4,0
D7zTldhOQz1frw-9PCXWBXyfCbbGfJ5B7QcNLoh4QokZbsgJ3aqamTJq5pmYQbHO,20240303,武雄,1,F2,Ａ級チャレンジ一般,base_color_3_bk,base_color_3,3,,014880,野見　泰要,color_blue,補充,岡　山,A3,A3,逃,72.70,18,2,1,1,31
D7zTldhOQz1frw-9PCXWBXyfCbbGfJ5B7QcNLoh4QokZbsgJ3aqamTJq5pmYQbHO,20240303,武雄,1,F2,Ａ級チャレンジ一般,base_color_4_bk,base_color_4,4,,014216,田村　純一,,,福　島,A3,A3,逃,72.29,3,7,0,0,10
D7zTldhOQz1frw-9PCXWBXyfCbbGfJ5B7QcNLoh4QokZbsgJ3aqamTJq5pmYQbHO,20240303,武雄,1,F2,Ａ級チャレンジ一般,base_color_5_bk,base_color_5,5,,012472,大山　泰伸,color_blue,追加,香　川,A3,A3,追,72.15,0,2,2,3,1
D7zTldhOQz1frw-9PCXWBXyfCbbGfJ5B7QcNLoh4QokZbsgJ3aqamTJq5pmYQbHO,20240303,武雄,1,F2,Ａ級チャレンジ一般,base_color_6_bk,base_color_6,6,,013174,古寺　伸洋,,,埼　玉,A3,A3,追,69.00,0,0,2,1,1
D7zTldhOQz1frw-9PCXWBXyfCbbGfJ5B7QcNLoh4QokZbsgJ3aqamTJq5pmYQbHO,20240303,武雄,1,F2,Ａ級チャレンジ一般,base_color_7_bk,base_color_7,7,,012885,田中　智也,,,静　岡,A3,A3,追,68.28,0,0,2,1,0
D7zTldhOQz1frw-9PCXWBVKrml8IITTiI_M8QHYNuQXxJePVZVBG-kqM0RCn-qsc,20240303,武雄,2,F2,Ａ級チャレンジ一般,base_color_1_bk,base_color_1,1,,015732,宮道　良輔,,,徳　島,A3,A3,逃,75.04,9,2,1,0,14
D7zTldhOQz1frw-9PCXWBVKrml8IITTiI_M8QHYNuQXxJePVZVBG-kqM0RCn-qsc,20240303,武雄,2,F2,Ａ級チャレンジ一般,base_color_2_bk,base_color_2,2,,014625,藤野　貴章,color_blue,補充,佐　賀,A3,A3,追,73.11,0,0,10,7,1
D7zTldhOQz1frw-9PCXWBVKrml8IITTiI_M8QHYNuQXxJePVZVBG-kqM0RCn-qsc,20240303,武雄,2,F2,Ａ級チャレンジ一般,base_color_3_bk,base_color_3,3,,013893,片山　直人,,,福　岡,A3,A3,両,72.91,2,5,2,0,1
D7zTldhOQz1frw-9PCXWBVKrml8IITTiI_M8QHYNuQXxJePVZVBG-kqM0RCn-qsc,20240303,武雄,2,F2,Ａ級チャレンジ一般,base_color_4_bk,base_color_4,4,,011574,坂本　英一,,,栃　木,A3,A3,追,71.55,0,0,6,3,0
D7zTldhOQz1frw-9PCXWBVKrml8IITTiI_M8QHYNuQXxJePVZVBG-kqM0RCn-qsc,20240303,武雄,2,F2,Ａ級チャレンジ一般,base_color_5_bk,base_color_5,5,,014433,長田　彰人,color_red,欠場,宮　城,A3,A3,追,69.80,0,0,4,0,0
D7zTldhOQz1frw-9PCXWBVKrml8IITTiI_M8QHYNuQXxJePVZVBG-kqM0RCn-qsc,20240303,武雄,2,F2,Ａ級チャレンジ一般,base_color_6_bk,base_color_6,6,,014349,佐藤　純嘉,,,青　森,A3,A3,追,68.61,0,0,1,0,0
D7zTldhOQz1frw-9PCXWBVKrml8IITTiI_M8QHYNuQXxJePVZVBG-kqM0RCn-qsc,20240303,武雄,2,F2,Ａ級チャレンジ一般,base_color_7_bk,base_color_7,7,,012701,升澤　祥晃,,,愛　媛,A3,A3,追,66.50,0,0,1,2,0
D7zTldhOQz1frw-9PCXWBXXAklR_iTAJ-6zGGiSPxWOSmbbdB_qHkGfaE3Y1_sTP,20240303,武雄,3,F2,Ａ級チャレンジ準決勝,base_color_1_bk,base_color_1,1,,013039,松山　正和,,,静　岡,A2,A3,追,76.76,0,0,4,5,0
D7zTldhOQz1frw-9PCXWBXXAklR_iTAJ-6zGGiSPxWOSmbbdB_qHkGfaE3Y1_sTP,20240303,武雄,3,F2,Ａ級チャレンジ準決勝,base_color_2_bk,base_color_2,2,,015752,石川　航大,,,宮　崎,A3,A3,逃,76.51,7,13,0,0,15
D7zTldhOQz1frw-9PCXWBXXAklR_iTAJ-6zGGiSPxWOSmbbdB_qHkGfaE3Y1_sTP,20240303,武雄,3,F2,Ａ級チャレンジ準決勝,base_color_3_bk,base_color_3,3,,012299,増成　富夫,,,岡　山,A2,A3,逃,75.40,3,1,4,0,6
D7zTldhOQz1frw-9PCXWBXXAklR_iTAJ-6zGGiSPxWOSmbbdB_qHkGfaE3Y1_sTP,20240303,武雄,3,F2,Ａ級チャレンジ準決勝,base_color_4_bk,base_color_4,4,,014357,佐藤　康恭,,,福　島,A3,A3,両,70.58,1,1,5,2,4
D7zTldhOQz1frw-9PCXWBXXAklR_iTAJ-6zGGiSPxWOSmbbdB_qHkGfaE3Y1_sTP,20240303,武雄,3,F2,Ａ級チャレンジ準決勝,base_color_5_bk,base_color_5,5,,015699,助川翔太郎,,,埼　玉,A3,A3,逃,70.33,5,0,0,0,7
D7zTldhOQz1frw-9PCXWBXXAklR_iTAJ-6zGGiSPxWOSmbbdB_qHkGfaE3Y1_sTP,20240303,武雄,3,F2,Ａ級チャレンジ準決勝,base_color_6_bk,base_color_6,6,,013907,佐藤　正吾,,,宮　城,A3,A3,追,69.80,0,0,2,2,0
D7zTldhOQz1frw-9PCXWBXXAklR_iTAJ-6zGGiSPxWOSmbbdB_qHkGfaE3Y1_sTP,20240303,武雄,3,F2,Ａ級チャレンジ準決勝,base_color_7_bk,base_color_7,7,,013109,志村　正洋,,,神奈川,A3,A3,追,69.51,0,0,2,1,0
D7zTldhOQz1frw-9PCXWBXSFphNjcy8-vkXQHp6IXIPRJD7NFADYMSBQZW-injGx,20240303,武雄,4,F2,Ａ級チャレンジ準決勝,base_color_1_bk,base_color_1,1,,015746,峯口　司,color_blue,追加,長　崎,A3,A3,逃,76.76,3,5,0,0,6
D7zTldhOQz1frw-9PCXWBXSFphNjcy8-vkXQHp6IXIPRJD7NFADYMSBQZW-injGx,20240303,武雄,4,F2,Ａ級チャレンジ準決勝,base_color_2_bk,base_color_2,2,,015685,小笠原一真,,,青　森,A3,A3,逃,75.22,9,2,0,0,10
D7zTldhOQz1frw-9PCXWBXSFphNjcy8-vkXQHp6IXIPRJD7NFADYMSBQZW-injGx,20240303,武雄,4,F2,Ａ級チャレンジ準決勝,base_color_3_bk,base_color_3,3,,013818,赤星　俊光,,,熊　本,A2,A3,追,75.06,0,0,1,3,0
D7zTldhOQz1frw-9PCXWBXSFphNjcy8-vkXQHp6IXIPRJD7NFADYMSBQZW-injGx,20240303,武雄,4,F2,Ａ級チャレンジ準決勝,base_color_4_bk,base_color_4,4,,015742,堀越　翔己,color_blue,追加,福　岡,A3,A3,逃,74.28,8,3,2,0,9
D7zTldhOQz1frw-9PCXWBXSFphNjcy8-vkXQHp6IXIPRJD7NFADYMSBQZW-injGx,20240303,武雄,4,F2,Ａ級チャレンジ準決勝,base_color_5_bk,base_color_5,5,,013513,南　和夫,,,福　岡,A2,A3,追,73.76,0,0,3,2,0
D7zTldhOQz1frw-9PCXWBXSFphNjcy8-vkXQHp6IXIPRJD7NFADYMSBQZW-injGx,20240303,武雄,4,F2,Ａ級チャレンジ準決勝,base_color_6_bk,base_color_6,6,,013558,永井　隆一,,,東　京,A3,A3,追,70.94,0,0,3,2,0
D7zTldhOQz1frw-9PCXWBXSFphNjcy8-vkXQHp6IXIPRJD7NFADYMSBQZW-injGx,20240303,武雄,4,F2,Ａ級チャレンジ準決勝,base_color_7_bk,base_color_7,7,,014287,齋藤　昌太,,,栃　木,A3,A3,追,70.55,0,0,2,2,0
D7zTldhOQz1frw-9PCXWBZCYNvd7mEWNNjNEQnvzrVW2Exedxo9DnmawiTxa6WPR,20240303,武雄,5,F2,Ａ級特一般,base_color_1_bk,base_color_1,1,,013902,岩崎　将士,,,青　森,A1,A1,追,83.08,0,0,2,2,0
D7zTldhOQz1frw-9PCXWBZCYNvd7mEWNNjNEQnvzrVW2Exedxo9DnmawiTxa6WPR,20240303,武雄,5,F2,Ａ級特一般,base_color_2_bk,base_color_2,2,,013142,黒田　大介,color_blue,追加,愛　媛,A2,A2,追,82.85,0,1,0,2,1
D7zTldhOQz1frw-9PCXWBZCYNvd7mEWNNjNEQnvzrVW2Exedxo9DnmawiTxa6WPR,20240303,武雄,5,F2,Ａ級特一般,base_color_3_bk,base_color_3,3,,013969,武田　良太,,,愛　媛,A1,A2,追,81.83,0,0,1,1,0
D7zTldhOQz1frw-9PCXWBZCYNvd7mEWNNjNEQnvzrVW2Exedxo9DnmawiTxa6WPR,20240303,武雄,5,F2,Ａ級特一般,base_color_4_bk,base_color_4,4,,012431,會田　正一,,,千　葉,A3,A2,追,79.46,0,0,6,5,0
D7zTldhOQz1frw-9PCXWBZCYNvd7mEWNNjNEQnvzrVW2Exedxo9DnmawiTxa6WPR,20240303,武雄,5,F2,Ａ級特一般,base_color_5_bk,base_color_5,5,,015156,門脇　翼,,,秋　田,A2,A2,逃,79.36,0,0,0,1,3
D7zTldhOQz1frw-9PCXWBZCYNvd7mEWNNjNEQnvzrVW2Exedxo9DnmawiTxa6WPR,20240303,武雄,5,F2,Ａ級特一般,base_color_6_bk,base_color_6,6,,013398,関　敬,,,栃　木,A3,A2,追,74.00,0,0,0,1,0
D7zTldhOQz1frw-9PCXWBZCYNvd7mEWNNjNEQnvzrVW2Exedxo9DnmawiTxa6WPR,20240303,武雄,5,F2,Ａ級特一般,base_color_7_bk,base_color_7,7,,012092,高木　隆弘,,,神奈川,A1,A2,追,0.00,0,0,0,0,0
D7zTldhOQz1frw-9PCXWBfCUthInbgK5KHyjtQCGzxFHG_1tgd4Wu-ns9rW7N4AP,20240303,武雄,6,F2,Ａ級特一般,base_color_1_bk,base_color_1,1,,014359,関根　彰人,,,沖　縄,A2,A1,追,84.59,0,0,6,0,0
D7zTldhOQz1frw-9PCXWBfCUthInbgK5KHyjtQCGzxFHG_1tgd4Wu-ns9rW7N4AP,20240303,武雄,6,F2,Ａ級特一般,base_color_2_bk,base_color_2,2,,014514,古川　宗行,,,東　京,A1,A1,追,83.95,0,0,1,4,0
D7zTldhOQz1frw-9PCXWBfCUthInbgK5KHyjtQCGzxFHG_1tgd4Wu-ns9rW7N4AP,20240303,武雄,6,F2,Ａ級特一般,base_color_3_bk,base_color_3,3,,013183,坂木田雄介,,,千　葉,A1,A1,逃,83.35,3,2,1,0,14
D7zTldhOQz1frw-9PCXWBfCUthInbgK5KHyjtQCGzxFHG_1tgd4Wu-ns9rW7N4AP,20240303,武雄,6,F2,Ａ級特一般,base_color_4_bk,base_color_4,4,,013385,鎌田　聡,,,宮　城,A2,A2,追,82.42,0,0,2,3,0
D7zTldhOQz1frw-9PCXWBfCUthInbgK5KHyjtQCGzxFHG_1tgd4Wu-ns9rW7N4AP,20240303,武雄,6,F2,Ａ級特一般,base_color_5_bk,base_color_5,5,,013214,水本　博行,,,岡　山,A3,A2,追,78.88,0,0,4,3,0
D7zTldhOQz1frw-9PCXWBfCUthInbgK5KHyjtQCGzxFHG_1tgd4Wu-ns9rW7N4AP,20240303,武雄,6,F2,Ａ級特一般,base_color_6_bk,base_color_6,6,,012910,塩川真一郎,color_blue,追加,広　島,A2,A2,追,78.86,0,0,0,0,0
D7zTldhOQz1frw-9PCXWBfCUthInbgK5KHyjtQCGzxFHG_1tgd4Wu-ns9rW7N4AP,20240303,武雄,6,F2,Ａ級特一般,base_color_7_bk,base_color_7,7,,014274,吉成　晃一,,,熊　本,A2,A2,追,78.75,0,0,2,0,0
D7zTldhOQz1frw-9PCXWBeMy8DF0ItEsE76fdGQ8XV67k5RqAKnTVs0VGKUp5x6u,20240303,武雄,7,F2,Ａ級準決勝,base_color_1_bk,base_color_1,1,,013188,山田　幸司,,,神奈川,A1,A1,追,91.66,0,0,1,3,0
D7zTldhOQz1frw-9PCXWBeMy8DF0ItEsE76fdGQ8XV67k5RqAKnTVs0VGKUp5x6u,20240303,武雄,7,F2,Ａ級準決勝,base_color_2_bk,base_color_2,2,,015244,植原　琢也,,,埼　玉,S2,A1,逃,90.52,2,0,2,1,9
D7zTldhOQz1frw-9PCXWBeMy8DF0ItEsE76fdGQ8XV67k5RqAKnTVs0VGKUp5x6u,20240303,武雄,7,F2,Ａ級準決勝,base_color_3_bk,base_color_3,3,,012326,國武　耕二,,,佐　賀,A1,A1,追,86.16,0,0,2,3,0
D7zTldhOQz1frw-9PCXWBeMy8DF0ItEsE76fdGQ8XV67k5RqAKnTVs0VGKUp5x6u,20240303,武雄,7,F2,Ａ級準決勝,base_color_4_bk,base_color_4,4,,014684,松本　卓也,,,徳　島,A1,A1,逃,84.47,5,0,0,0,12
D7zTldhOQz1frw-9PCXWBeMy8DF0ItEsE76fdGQ8XV67k5RqAKnTVs0VGKUp5x6u,20240303,武雄,7,F2,Ａ級準決勝,base_color_5_bk,base_color_5,5,,015294,小原　亮哉,,,大　分,A2,A2,両,84.04,0,0,3,2,0
D7zTldhOQz1frw-9PCXWBeMy8DF0ItEsE76fdGQ8XV67k5RqAKnTVs0VGKUp5x6u,20240303,武雄,7,F2,Ａ級準決勝,base_color_6_bk,base_color_6,6,,014615,藤原　亮太,,,岡　山,A2,A2,両,82.16,0,4,0,0,2
D7zTldhOQz1frw-9PCXWBeMy8DF0ItEsE76fdGQ8XV67k5RqAKnTVs0VGKUp5x6u,20240303,武雄,7,F2,Ａ級準決勝,base_color_7_bk,base_color_7,7,,015741,堀川敬太郎,,,福　岡,A3,A2,逃,82.08,11,7,1,1,16
D7zTldhOQz1frw-9PCXWBVgFzB-v69tJ-QZrzvjXz320wik_pCv6q_c4l7fJF7US,20240303,武雄,8,F2,Ａ級準決勝,base_color_1_bk,base_color_1,1,,015370,城戸　俊潔,,,岡　山,S2,A1,逃,98.68,1,8,2,0,5
D7zTldhOQz1frw-9PCXWBVgFzB-v69tJ-QZrzvjXz320wik_pCv6q_c4l7fJF7US,20240303,武雄,8,F2,Ａ級準決勝,base_color_2_bk,base_color_2,2,,015202,今野　大輔,,,岡　山,S2,A1,両,94.50,4,1,6,1,5
D7zTldhOQz1frw-9PCXWBVgFzB-v69tJ-QZrzvjXz320wik_pCv6q_c4l7fJF7US,20240303,武雄,8,F2,Ａ級準決勝,base_color_3_bk,base_color_3,3,,014502,相笠　翔太,,,福　島,A1,A1,両,89.41,1,4,5,2,1
D7zTldhOQz1frw-9PCXWBVgFzB-v69tJ-QZrzvjXz320wik_pCv6q_c4l7fJF7US,20240303,武雄,8,F2,Ａ級準決勝,base_color_4_bk,base_color_4,4,,014087,高橋　隆太,,,静　岡,A2,A1,追,86.47,0,0,4,0,0
D7zTldhOQz1frw-9PCXWBVgFzB-v69tJ-QZrzvjXz320wik_pCv6q_c4l7fJF7US,20240303,武雄,8,F2,Ａ級準決勝,base_color_5_bk,base_color_5,5,,014891,小岩　哲也,,,大　分,A2,A2,逃,85.71,1,3,3,1,1
D7zTldhOQz1frw-9PCXWBVgFzB-v69tJ-QZrzvjXz320wik_pCv6q_c4l7fJF7US,20240303,武雄,8,F2,Ａ級準決勝,base_color_6_bk,base_color_6,6,,015560,林　昴,,,福　岡,A1,A1,逃,85.38,5,1,2,0,9
D7zTldhOQz1frw-9PCXWBVgFzB-v69tJ-QZrzvjXz320wik_pCv6q_c4l7fJF7US,20240303,武雄,8,F2,Ａ級準決勝,base_color_7_bk,base_color_7,7,,015563,久保　光司,,,佐　賀,A3,A2,逃,79.23,3,1,1,0,8
D7zTldhOQz1frw-9PCXWBQNZ2cDw7T8LmyoD7ffpvRuiL1oYO7bC61WlwJTiY-f3,20240303,武雄,9,F2,Ａ級準決勝,base_color_1_bk,base_color_1,1,,014142,矢野　昌彦,,,栃　木,S2,A2,逃,96.31,3,4,1,1,6
D7zTldhOQz1frw-9PCXWBQNZ2cDw7T8LmyoD7ffpvRuiL1oYO7bC61WlwJTiY-f3,20240303,武雄,9,F2,Ａ級準決勝,base_color_2_bk,base_color_2,2,,013667,田中　洋輔,color_blue,追加,宮　崎,S2,A1,追,94.50,0,0,4,5,0
D7zTldhOQz1frw-9PCXWBQNZ2cDw7T8LmyoD7ffpvRuiL1oYO7bC61WlwJTiY-f3,20240303,武雄,9,F2,Ａ級準決勝,base_color_3_bk,base_color_3,3,,015655,一丸　尚伍,,,大　分,A2,A1,逃,93.50,1,4,0,1,6
D7zTldhOQz1frw-9PCXWBQNZ2cDw7T8LmyoD7ffpvRuiL1oYO7bC61WlwJTiY-f3,20240303,武雄,9,F2,Ａ級準決勝,base_color_4_bk,base_color_4,4,,013550,安部　達也,,,埼　玉,A1,A1,追,92.50,0,0,5,5,0
D7zTldhOQz1frw-9PCXWBQNZ2cDw7T8LmyoD7ffpvRuiL1oYO7bC61WlwJTiY-f3,20240303,武雄,9,F2,Ａ級準決勝,base_color_5_bk,base_color_5,5,,014620,二條　祐也,,,徳　島,A1,A1,追,89.66,0,0,5,4,0
D7zTldhOQz1frw-9PCXWBQNZ2cDw7T8LmyoD7ffpvRuiL1oYO7bC61WlwJTiY-f3,20240303,武雄,9,F2,Ａ級準決勝,base_color_6_bk,base_color_6,6,,012838,三木　健治,color_blue,追加,沖　縄,A2,A2,追,87.15,0,0,5,2,0
D7zTldhOQz1frw-9PCXWBQNZ2cDw7T8LmyoD7ffpvRuiL1oYO7bC61WlwJTiY-f3,20240303,武雄,9,F2,Ａ級準決勝,base_color_7_bk,base_color_7,7,,015643,小川将二郎,,,徳　島,A2,A2,逃,82.40,0,1,0,1,2
4sLptYw_uaU3-SWJZKrd1HvG1CH0BrDYggaGAy3-L_SgEIGpnT-5CClZm-K8-b_m,20240303,別府,1,F2,Ａ級一般,base_color_1_bk,base_color_1,1,,013859,荒木　伸哉,color_blue,追加,静　岡,A1,A1,追,86.50,2,0,5,0,2
4sLptYw_uaU3-SWJZKrd1HvG1CH0BrDYggaGAy3-L_SgEIGpnT-5CClZm-K8-b_m,20240303,別府,1,F2,Ａ級一般,base_color_2_bk,base_color_2,2,,014048,川島　勝,color_blue,補充,長　崎,A1,A2,追,82.33,0,0,2,2,0
4sLptYw_uaU3-SWJZKrd1HvG1CH0BrDYggaGAy3-L_SgEIGpnT-5CClZm-K8-b_m,20240303,別府,1,F2,Ａ級一般,base_color_3_bk,base_color_3,3,,012694,志村　達也,,,広　島,A2,A2,両,78.33,0,0,1,0,0
4sLptYw_uaU3-SWJZKrd1HvG1CH0BrDYggaGAy3-L_SgEIGpnT-5CClZm-K8-b_m,20240303,別府,1,F2,Ａ級一般,base_color_4_bk,base_color_4,4,,013106,赤井　学,,,千　葉,A3,A2,追,80.46,0,0,3,2,0
4sLptYw_uaU3-SWJZKrd1HvG1CH0BrDYggaGAy3-L_SgEIGpnT-5CClZm-K8-b_m,20240303,別府,1,F2,Ａ級一般,base_color_5_bk,base_color_5,5,,013983,大崎　智久,,,青　森,A2,A2,追,81.47,0,0,3,1,0
4sLptYw_uaU3-SWJZKrd1HvG1CH0BrDYggaGAy3-L_SgEIGpnT-5CClZm-K8-b_m,20240303,別府,1,F2,Ａ級一般,base_color_6_bk,base_color_6,6,,014866,櫻井　利之,,,神奈川,A3,A2,両,76.66,4,0,0,0,6
4sLptYw_uaU3-SWJZKrd1HvG1CH0BrDYggaGAy3-L_SgEIGpnT-5CClZm-K8-b_m,20240303,別府,1,F2,Ａ級一般,base_color_7_bk,base_color_7,7,,013646,日浅　保幸,,,岡　山,A2,A2,両,81.04,1,3,1,0,8
4sLptYw_uaU3-SWJZKrd1O2BVjfhNk23YnfvzIY9-e2PMZwb109hTlS6Kq7rhrOd,20240303,別府,2,F2,Ａ級一般,base_color_1_bk,base_color_1,1,,014418,安部　龍文,,,大　分,A2,A2,追,80.40,0,0,0,0,0
4sLptYw_uaU3-SWJZKrd1O2BVjfhNk23YnfvzIY9-e2PMZwb109hTlS6Kq7rhrOd,20240303,別府,2,F2,Ａ級一般,base_color_2_bk,base_color_2,2,,013314,鈴木　宏章,,,栃　木,A1,A2,追,82.83,0,0,1,1,0
4sLptYw_uaU3-SWJZKrd1O2BVjfhNk23YnfvzIY9-e2PMZwb109hTlS6Kq7rhrOd,20240303,別府,2,F2,Ａ級一般,base_color_3_bk,base_color_3,3,,013929,宮内　善光,,,群　馬,A3,A1,追,78.70,0,0,1,1,0
4sLptYw_uaU3-SWJZKrd1O2BVjfhNk23YnfvzIY9-e2PMZwb109hTlS6Kq7rhrOd,20240303,別府,2,F2,Ａ級一般,base_color_4_bk,base_color_4,4,,014495,下沖　功児,color_blue,補充,宮　崎,A2,A2,逃,81.68,3,6,0,0,6
4sLptYw_uaU3-SWJZKrd1O2BVjfhNk23YnfvzIY9-e2PMZwb109hTlS6Kq7rhrOd,20240303,別府,2,F2,Ａ級一般,base_color_5_bk,base_color_5,5,,015511,中込　健太,,,秋　田,A2,A2,逃,79.70,1,2,0,0,7
4sLptYw_uaU3-SWJZKrd1O2BVjfhNk23YnfvzIY9-e2PMZwb109hTlS6Kq7rhrOd,20240303,別府,2,F2,Ａ級一般,base_color_6_bk,base_color_6,6,,013965,岡田　雅也,,,高　知,A2,A2,追,77.80,0,0,0,0,0
4sLptYw_uaU3-SWJZKrd1O2BVjfhNk23YnfvzIY9-e2PMZwb109hTlS6Kq7rhrOd,20240303,別府,2,F2,Ａ級一般,base_color_7_bk,base_color_7,7,,013942,大西　健士,color_blue,追加,神奈川,A1,A1,追,84.36,0,0,1,2,0
4sLptYw_uaU3-SWJZKrd1FT6OPu4uUHjfi_dHmhxfts5N1og_2MAhC9c8KX2qPqN,20240303,別府,3,F2,Ａ級一般,base_color_1_bk,base_color_1,1,,013860,藤原　清隆,color_blue,追加,静　岡,A2,A2,追,81.92,0,0,0,0,0
4sLptYw_uaU3-SWJZKrd1FT6OPu4uUHjfi_dHmhxfts5N1og_2MAhC9c8KX2qPqN,20240303,別府,3,F2,Ａ級一般,base_color_2_bk,base_color_2,2,,013740,大久保直也,,,徳　島,A1,A1,追,84.27,3,0,3,3,5
4sLptYw_uaU3-SWJZKrd1FT6OPu4uUHjfi_dHmhxfts5N1og_2MAhC9c8KX2qPqN,20240303,別府,3,F2,Ａ級一般,base_color_3_bk,base_color_3,3,,015664,米村　光星,,,熊　本,A2,A2,逃,85.22,0,2,0,0,2
4sLptYw_uaU3-SWJZKrd1FT6OPu4uUHjfi_dHmhxfts5N1og_2MAhC9c8KX2qPqN,20240303,別府,3,F2,Ａ級一般,base_color_4_bk,base_color_4,4,,014269,梶原　恵介,color_blue,補充,大　分,A2,A2,追,83.71,0,0,4,4,0
4sLptYw_uaU3-SWJZKrd1FT6OPu4uUHjfi_dHmhxfts5N1og_2MAhC9c8KX2qPqN,20240303,別府,3,F2,Ａ級一般,base_color_5_bk,base_color_5,5,,012432,石井　孝,,,千　葉,A2,A2,追,82.73,0,0,1,0,0
4sLptYw_uaU3-SWJZKrd1FT6OPu4uUHjfi_dHmhxfts5N1og_2MAhC9c8KX2qPqN,20240303,別府,3,F2,Ａ級一般,base_color_6_bk,base_color_6,6,,013508,曽我部匡史,,,愛　媛,A3,A2,追,76.83,0,0,0,3,0
4sLptYw_uaU3-SWJZKrd1FT6OPu4uUHjfi_dHmhxfts5N1og_2MAhC9c8KX2qPqN,20240303,別府,3,F2,Ａ級一般,base_color_7_bk,base_color_7,7,,013897,加藤　大輔,color_blue,追加,大　分,A2,A2,追,83.29,0,0,3,1,0
4sLptYw_uaU3-SWJZKrd1JpOAp7EbRjJCvbtVFm1zz92PUcGBpRfTj7KVsY0vt6f,20240303,別府,4,F2,Ａ級特選,base_color_1_bk,base_color_1,1,,013407,大矢　将大,,,埼　玉,A1,A1,追,90.76,0,0,2,2,0
4sLptYw_uaU3-SWJZKrd1JpOAp7EbRjJCvbtVFm1zz92PUcGBpRfTj7KVsY0vt6f,20240303,別府,4,F2,Ａ級特選,base_color_2_bk,base_color_2,2,,014556,小川　祐司,color_blue,追加,愛　媛,A1,A1,逃,86.76,4,1,3,2,5
4sLptYw_uaU3-SWJZKrd1JpOAp7EbRjJCvbtVFm1zz92PUcGBpRfTj7KVsY0vt6f,20240303,別府,4,F2,Ａ級特選,base_color_3_bk,base_color_3,3,,014414,是永　幸寛,,,福　岡,A1,A1,追,88.55,0,0,2,2,0
4sLptYw_uaU3-SWJZKrd1JpOAp7EbRjJCvbtVFm1zz92PUcGBpRfTj7KVsY0vt6f,20240303,別府,4,F2,Ａ級特選,base_color_4_bk,base_color_4,4,,015561,原井　剣也,,,福　岡,A2,A2,逃,86.72,4,0,1,0,6
4sLptYw_uaU3-SWJZKrd1JpOAp7EbRjJCvbtVFm1zz92PUcGBpRfTj7KVsY0vt6f,20240303,別府,4,F2,Ａ級特選,base_color_5_bk,base_color_5,5,,014181,藤原　悠斗,,,岡　山,A1,A1,追,89.09,2,1,4,2,1
4sLptYw_uaU3-SWJZKrd1JpOAp7EbRjJCvbtVFm1zz92PUcGBpRfTj7KVsY0vt6f,20240303,別府,4,F2,Ａ級特選,base_color_6_bk,base_color_6,6,,012953,矢内　良和,,,群　馬,A2,A2,追,81.70,0,0,1,2,0
4sLptYw_uaU3-SWJZKrd1JpOAp7EbRjJCvbtVFm1zz92PUcGBpRfTj7KVsY0vt6f,20240303,別府,4,F2,Ａ級特選,base_color_7_bk,base_color_7,7,,015167,小林裕一朗,,,千　葉,A2,A1,逃,86.73,2,0,5,0,5
4sLptYw_uaU3-SWJZKrd1BXR3NWbtTteLKUn43S7vmQ9cHU08OOx03c-IFHC83xR,20240303,別府,5,F2,Ａ級特選,base_color_1_bk,base_color_1,1,,013903,川崎　健次,,,神奈川,S2,A1,追,93.19,0,0,3,3,0
4sLptYw_uaU3-SWJZKrd1BXR3NWbtTteLKUn43S7vmQ9cHU08OOx03c-IFHC83xR,20240303,別府,5,F2,Ａ級特選,base_color_2_bk,base_color_2,2,,015382,竹元　健竜,,,福　岡,A2,A1,逃,86.50,0,3,3,0,2
4sLptYw_uaU3-SWJZKrd1BXR3NWbtTteLKUn43S7vmQ9cHU08OOx03c-IFHC83xR,20240303,別府,5,F2,Ａ級特選,base_color_3_bk,base_color_3,3,,015637,近藤　雄太,,,岡　山,A3,A2,逃,81.37,6,5,1,2,11
4sLptYw_uaU3-SWJZKrd1BXR3NWbtTteLKUn43S7vmQ9cHU08OOx03c-IFHC83xR,20240303,別府,5,F2,Ａ級特選,base_color_4_bk,base_color_4,4,,012321,檀　雄二,,,福　岡,A2,A2,追,81.88,0,0,0,0,0
4sLptYw_uaU3-SWJZKrd1BXR3NWbtTteLKUn43S7vmQ9cHU08OOx03c-IFHC83xR,20240303,別府,5,F2,Ａ級特選,base_color_5_bk,base_color_5,5,,015607,中山　拓人,,,埼　玉,A2,A2,逃,89.95,10,2,0,0,15
4sLptYw_uaU3-SWJZKrd1BXR3NWbtTteLKUn43S7vmQ9cHU08OOx03c-IFHC83xR,20240303,別府,5,F2,Ａ級特選,base_color_6_bk,base_color_6,6,,013294,木村　勉,,,徳　島,A3,A2,追,78.46,0,0,0,3,0
4sLptYw_uaU3-SWJZKrd1BXR3NWbtTteLKUn43S7vmQ9cHU08OOx03c-IFHC83xR,20240303,別府,5,F2,Ａ級特選,base_color_7_bk,base_color_7,7,,014132,三澤　康人,color_blue,追加,宮　城,A1,A1,追,89.46,0,0,10,2,0
4sLptYw_uaU3-SWJZKrd1CAaTyRd9Ldfm_5XY7jcZU19tRB69vIdGtvCaqQQ-gxP,20240303,別府,6,F2,Ａ級特選,base_color_1_bk,base_color_1,1,,015438,佐々木和紀,,,神奈川,A2,A1,両,93.58,1,4,2,1,5
4sLptYw_uaU3-SWJZKrd1CAaTyRd9Ldfm_5XY7jcZU19tRB69vIdGtvCaqQQ-gxP,20240303,別府,6,F2,Ａ級特選,base_color_2_bk,base_color_2,2,,012924,太田黒大心,,,熊　本,A1,A2,追,85.04,0,0,3,0,0
4sLptYw_uaU3-SWJZKrd1CAaTyRd9Ldfm_5XY7jcZU19tRB69vIdGtvCaqQQ-gxP,20240303,別府,6,F2,Ａ級特選,base_color_3_bk,base_color_3,3,,014619,木村　浩宣,color_blue,追加,香　川,A1,A2,逃,88.00,0,6,1,1,3
4sLptYw_uaU3-SWJZKrd1CAaTyRd9Ldfm_5XY7jcZU19tRB69vIdGtvCaqQQ-gxP,20240303,別府,6,F2,Ａ級特選,base_color_4_bk,base_color_4,4,,013910,高橋　秀吉,,,秋　田,A1,A1,追,86.74,2,0,8,1,2
4sLptYw_uaU3-SWJZKrd1CAaTyRd9Ldfm_5XY7jcZU19tRB69vIdGtvCaqQQ-gxP,20240303,別府,6,F2,Ａ級特選,base_color_5_bk,base_color_5,5,,014078,植草　亮介,,,千　葉,A1,A1,追,89.33,0,0,0,1,0
4sLptYw_uaU3-SWJZKrd1CAaTyRd9Ldfm_5XY7jcZU19tRB69vIdGtvCaqQQ-gxP,20240303,別府,6,F2,Ａ級特選,base_color_6_bk,base_color_6,6,,012845,林　成人,,,愛　媛,A2,A2,追,80.00,0,0,1,0,0
4sLptYw_uaU3-SWJZKrd1CAaTyRd9Ldfm_5XY7jcZU19tRB69vIdGtvCaqQQ-gxP,20240303,別府,6,F2,Ａ級特選,base_color_7_bk,base_color_7,7,,014783,魚屋　周成,,,大　分,S2,A2,逃,86.66,2,0,1,0,1
4sLptYw_uaU3-SWJZKrd1GJxqc20drovPYr9RZL5y6gylgGfYXUB2X0AcjRtqiuH,20240303,別府,7,F2,Ａ級決勝,base_color_1_bk,base_color_1,1,,015131,池部　壮太,,,大　分,A1,A1,逃,87.20,8,4,1,0,13
4sLptYw_uaU3-SWJZKrd1GJxqc20drovPYr9RZL5y6gylgGfYXUB2X0AcjRtqiuH,20240303,別府,7,F2,Ａ級決勝,base_color_2_bk,base_color_2,2,,013650,吉本　哲郎,color_blue,追加,広　島,S2,A1,両,95.95,0,2,4,3,1
4sLptYw_uaU3-SWJZKrd1GJxqc20drovPYr9RZL5y6gylgGfYXUB2X0AcjRtqiuH,20240303,別府,7,F2,Ａ級決勝,base_color_3_bk,base_color_3,3,,014043,中園　和剛,,,福　岡,A1,A1,追,89.95,0,1,3,4,0
4sLptYw_uaU3-SWJZKrd1GJxqc20drovPYr9RZL5y6gylgGfYXUB2X0AcjRtqiuH,20240303,別府,7,F2,Ａ級決勝,base_color_4_bk,base_color_4,4,,013465,春日　勇人,color_blue,追加,千　葉,S2,A1,追,92.45,0,0,5,2,0
4sLptYw_uaU3-SWJZKrd1GJxqc20drovPYr9RZL5y6gylgGfYXUB2X0AcjRtqiuH,20240303,別府,7,F2,Ａ級決勝,base_color_5_bk,base_color_5,5,,015660,河崎　正晴,,,熊　本,A2,A2,逃,91.87,4,7,1,0,7
4sLptYw_uaU3-SWJZKrd1GJxqc20drovPYr9RZL5y6gylgGfYXUB2X0AcjRtqiuH,20240303,別府,7,F2,Ａ級決勝,base_color_6_bk,base_color_6,6,,014494,山崎　翼,,,大　分,A1,A2,逃,85.60,5,3,1,0,9
4sLptYw_uaU3-SWJZKrd1GJxqc20drovPYr9RZL5y6gylgGfYXUB2X0AcjRtqiuH,20240303,別府,7,F2,Ａ級決勝,base_color_7_bk,base_color_7,7,,014333,阿部　兼士,,,福　岡,A1,A1,追,89.04,0,0,3,10,0
40e_64vLzizZus8EyHmUfDw2yrGGMz1_kI86d6PKfV3BLyzxenUMt-CexX-fHCTk,20240304,京王閣,1,F1,Ａ級予選,base_color_1_bk,base_color_1,1,,015083,中村弘之輔,,,北海道,A2,A1,両,88.81,5,7,1,2,7
40e_64vLzizZus8EyHmUfDw2yrGGMz1_kI86d6PKfV3BLyzxenUMt-CexX-fHCTk,20240304,京王閣,1,F1,Ａ級予選,base_color_2_bk,base_color_2,2,,014341,松尾　玄太,,,佐　賀,A2,A2,追,86.00,0,0,6,3,0
40e_64vLzizZus8EyHmUfDw2yrGGMz1_kI86d6PKfV3BLyzxenUMt-CexX-fHCTk,20240304,京王閣,1,F1,Ａ級予選,base_color_3_bk,base_color_3,3,,014351,田口　守,,,山　口,A2,A2,両,81.75,0,0,1,2,0
40e_64vLzizZus8EyHmUfDw2yrGGMz1_kI86d6PKfV3BLyzxenUMt-CexX-fHCTk,20240304,京王閣,1,F1,Ａ級予選,base_color_4_bk,base_color_4,4,,015659,池田伍功羽,,,熊　本,A3,A2,逃,80.54,4,3,1,0,11
40e_64vLzizZus8EyHmUfDw2yrGGMz1_kI86d6PKfV3BLyzxenUMt-CexX-fHCTk,20240304,京王閣,1,F1,Ａ級予選,base_color_5_bk,base_color_5,5,,013925,黒田　篤,color_blue,追加,栃　木,A2,A2,追,80.34,0,1,1,1,0
40e_64vLzizZus8EyHmUfDw2yrGGMz1_kI86d6PKfV3BLyzxenUMt-CexX-fHCTk,20240304,京王閣,1,F1,Ａ級予選,base_color_6_bk,base_color_6,6,,012132,甲斐下　智,,,広　島,A3,A2,追,76.07,0,0,2,1,0
40e_64vLzizZus8EyHmUfDw2yrGGMz1_kI86d6PKfV3BLyzxenUMt-CexX-fHCTk,20240304,京王閣,1,F1,Ａ級予選,base_color_7_bk,base_color_7,7,,014439,山崎　司,,,福　島,A1,A1,追,88.14,0,0,10,1,0
40e_64vLzizZus8EyHmUfN-51GIGWipebmctdmTB95ZsTb6WH678-wYIgIeD4aTD,20240304,京王閣,2,F1,Ａ級予選,base_color_1_bk,base_color_1,1,,014270,小原　将通,,,大　分,A1,A1,追,85.11,0,0,3,3,0
40e_64vLzizZus8EyHmUfN-51GIGWipebmctdmTB95ZsTb6WH678-wYIgIeD4aTD,20240304,京王閣,2,F1,Ａ級予選,base_color_2_bk,base_color_2,2,,014139,小田倉勇二,,,埼　玉,A1,A1,両,87.83,4,1,1,1,6
40e_64vLzizZus8EyHmUfN-51GIGWipebmctdmTB95ZsTb6WH678-wYIgIeD4aTD,20240304,京王閣,2,F1,Ａ級予選,base_color_3_bk,base_color_3,3,,014240,須藤　誠,,,千　葉,A2,A1,追,88.86,0,0,8,3,0
40e_64vLzizZus8EyHmUfN-51GIGWipebmctdmTB95ZsTb6WH678-wYIgIeD4aTD,20240304,京王閣,2,F1,Ａ級予選,base_color_4_bk,base_color_4,4,,014851,横内　裕人,,,愛　媛,A1,A1,両,85.46,1,0,3,0,4
40e_64vLzizZus8EyHmUfN-51GIGWipebmctdmTB95ZsTb6WH678-wYIgIeD4aTD,20240304,京王閣,2,F1,Ａ級予選,base_color_5_bk,base_color_5,5,,014070,秋葉　大輔,,,東　京,A3,A2,追,80.66,0,1,0,0,0
40e_64vLzizZus8EyHmUfN-51GIGWipebmctdmTB95ZsTb6WH678-wYIgIeD4aTD,20240304,京王閣,2,F1,Ａ級予選,base_color_6_bk,base_color_6,6,,015506,佐藤　啓斗,,,青　森,A2,A2,逃,80.11,3,0,0,0,9
40e_64vLzizZus8EyHmUfN-51GIGWipebmctdmTB95ZsTb6WH678-wYIgIeD4aTD,20240304,京王閣,2,F1,Ａ級予選,base_color_7_bk,base_color_7,7,,014385,山本　淳,,,神奈川,A2,A2,両,80.33,0,1,0,2,0
40e_64vLzizZus8EyHmUfH_DbBf1EPL4TZKQzkbB94dyhgBA4xmPhaXXgHI2VQ9i,20240304,京王閣,3,F1,Ａ級予選,base_color_1_bk,base_color_1,1,,014155,佐藤　政利,,,新　潟,A2,A1,追,84.81,0,0,3,3,0
40e_64vLzizZus8EyHmUfH_DbBf1EPL4TZKQzkbB94dyhgBA4xmPhaXXgHI2VQ9i,20240304,京王閣,3,F1,Ａ級予選,base_color_2_bk,base_color_2,2,,013147,米嶋　賢二,,,長　崎,A2,A2,追,80.20,0,0,2,1,0
40e_64vLzizZus8EyHmUfH_DbBf1EPL4TZKQzkbB94dyhgBA4xmPhaXXgHI2VQ9i,20240304,京王閣,3,F1,Ａ級予選,base_color_3_bk,base_color_3,3,,014487,才迫　勇馬,,,広　島,A2,A2,逃,87.50,5,0,5,1,9
40e_64vLzizZus8EyHmUfH_DbBf1EPL4TZKQzkbB94dyhgBA4xmPhaXXgHI2VQ9i,20240304,京王閣,3,F1,Ａ級予選,base_color_4_bk,base_color_4,4,,013885,柳谷　崇,,,岡　山,A1,A1,追,88.23,0,0,2,2,0
40e_64vLzizZus8EyHmUfH_DbBf1EPL4TZKQzkbB94dyhgBA4xmPhaXXgHI2VQ9i,20240304,京王閣,3,F1,Ａ級予選,base_color_5_bk,base_color_5,5,,014373,鈴木雄一朗,,,東　京,A1,A2,両,82.53,1,1,2,1,3
40e_64vLzizZus8EyHmUfH_DbBf1EPL4TZKQzkbB94dyhgBA4xmPhaXXgHI2VQ9i,20240304,京王閣,3,F1,Ａ級予選,base_color_6_bk,base_color_6,6,,013895,松尾　大樹,,,長　崎,A3,A2,追,79.00,0,0,1,0,0
40e_64vLzizZus8EyHmUfH_DbBf1EPL4TZKQzkbB94dyhgBA4xmPhaXXgHI2VQ9i,20240304,京王閣,3,F1,Ａ級予選,base_color_7_bk,base_color_7,7,,011454,杉浦　康一,,,北海道,A2,A2,追,81.54,0,0,2,0,0
40e_64vLzizZus8EyHmUfMfad1smpNzuf8D9pV3Rc-5O2pMZX6N_vROsh7Ev0gyW,20240304,京王閣,4,F1,Ａ級予選,base_color_1_bk,base_color_1,1,,014872,玉村　元気,,,香　川,A2,A2,両,81.17,1,4,0,0,7
40e_64vLzizZus8EyHmUfMfad1smpNzuf8D9pV3Rc-5O2pMZX6N_vROsh7Ev0gyW,20240304,京王閣,4,F1,Ａ級予選,base_color_2_bk,base_color_2,2,,014353,宇佐見裕輝,,,福　島,A2,A2,両,87.39,0,2,4,3,2
40e_64vLzizZus8EyHmUfMfad1smpNzuf8D9pV3Rc-5O2pMZX6N_vROsh7Ev0gyW,20240304,京王閣,4,F1,Ａ級予選,base_color_3_bk,base_color_3,3,,014630,利根　正明,,,大　分,A1,A1,両,88.33,6,3,1,0,11
40e_64vLzizZus8EyHmUfMfad1smpNzuf8D9pV3Rc-5O2pMZX6N_vROsh7Ev0gyW,20240304,京王閣,4,F1,Ａ級予選,base_color_4_bk,base_color_4,4,,014223,瀧野　勝太,,,群　馬,A2,A2,追,82.42,0,0,2,1,1
40e_64vLzizZus8EyHmUfMfad1smpNzuf8D9pV3Rc-5O2pMZX6N_vROsh7Ev0gyW,20240304,京王閣,4,F1,Ａ級予選,base_color_5_bk,base_color_5,5,,014623,飯田　裕次,,,福　岡,A1,A1,追,87.42,0,1,5,1,1
40e_64vLzizZus8EyHmUfMfad1smpNzuf8D9pV3Rc-5O2pMZX6N_vROsh7Ev0gyW,20240304,京王閣,4,F1,Ａ級予選,base_color_6_bk,base_color_6,6,,012814,林　邦彦,,,千　葉,A3,A2,追,71.85,0,0,0,1,0
40e_64vLzizZus8EyHmUfMfad1smpNzuf8D9pV3Rc-5O2pMZX6N_vROsh7Ev0gyW,20240304,京王閣,4,F1,Ａ級予選,base_color_7_bk,base_color_7,7,,012844,米澤　大輔,,,徳　島,A3,A2,追,81.16,0,0,3,1,0
40e_64vLzizZus8EyHmUfBc9orrCy2xRcEMBtfvOmKvbjmfZj2GEgx_wIUJCISmW,20240304,京王閣,5,F1,Ａ級初日特選,base_color_1_bk,base_color_1,1,,013420,土屋　裕二,,,静　岡,S2,A1,追,93.44,0,0,3,3,0
40e_64vLzizZus8EyHmUfBc9orrCy2xRcEMBtfvOmKvbjmfZj2GEgx_wIUJCISmW,20240304,京王閣,5,F1,Ａ級初日特選,base_color_2_bk,base_color_2,2,,015249,磯川　勝裕,,,東　京,S2,A1,逃,93.75,2,2,0,0,8
40e_64vLzizZus8EyHmUfBc9orrCy2xRcEMBtfvOmKvbjmfZj2GEgx_wIUJCISmW,20240304,京王閣,5,F1,Ａ級初日特選,base_color_3_bk,base_color_3,3,,015282,宮本　隼輔,,,山　口,S1,A1,両,92.00,0,2,1,0,1
40e_64vLzizZus8EyHmUfBc9orrCy2xRcEMBtfvOmKvbjmfZj2GEgx_wIUJCISmW,20240304,京王閣,5,F1,Ａ級初日特選,base_color_4_bk,base_color_4,4,,014747,猪俣　康一,,,神奈川,S2,A1,両,90.14,0,1,1,2,6
40e_64vLzizZus8EyHmUfBc9orrCy2xRcEMBtfvOmKvbjmfZj2GEgx_wIUJCISmW,20240304,京王閣,5,F1,Ａ級初日特選,base_color_5_bk,base_color_5,5,,014565,中村　健志,,,熊　本,A1,A1,追,90.69,0,0,5,0,0
40e_64vLzizZus8EyHmUfBc9orrCy2xRcEMBtfvOmKvbjmfZj2GEgx_wIUJCISmW,20240304,京王閣,5,F1,Ａ級初日特選,base_color_6_bk,base_color_6,6,,015468,和泉　尚吾,,,愛　媛,A1,A1,逃,89.14,7,3,1,0,10
40e_64vLzizZus8EyHmUfBc9orrCy2xRcEMBtfvOmKvbjmfZj2GEgx_wIUJCISmW,20240304,京王閣,5,F1,Ａ級初日特選,base_color_7_bk,base_color_7,7,,014147,柿沼　信也,,,埼　玉,S2,A1,追,93.60,0,1,5,4,1
40e_64vLzizZus8EyHmUfHTUPJwHDHMZnwk9p430HSlcW2xKREXHhpUoWOkJ8wEl,20240304,京王閣,6,F1,Ｓ級予選,base_color_1_bk,base_color_1,1,,015161,吉田　昌司,,,茨　城,A1,S2,逃,97.86,8,1,1,0,12
40e_64vLzizZus8EyHmUfHTUPJwHDHMZnwk9p430HSlcW2xKREXHhpUoWOkJ8wEl,20240304,京王閣,6,F1,Ｓ級予選,base_color_2_bk,base_color_2,2,,014134,小野　大介,,,福　島,S2,S2,追,98.57,0,0,1,1,0
40e_64vLzizZus8EyHmUfHTUPJwHDHMZnwk9p430HSlcW2xKREXHhpUoWOkJ8wEl,20240304,京王閣,6,F1,Ｓ級予選,base_color_3_bk,base_color_3,3,,014882,山本　直,,,岡　山,S2,S2,逃,99.38,0,5,2,0,3
40e_64vLzizZus8EyHmUfHTUPJwHDHMZnwk9p430HSlcW2xKREXHhpUoWOkJ8wEl,20240304,京王閣,6,F1,Ｓ級予選,base_color_4_bk,base_color_4,4,,014232,柴田　洋輔,,,東　京,S1,S2,追,100.15,0,0,1,4,0
40e_64vLzizZus8EyHmUfHTUPJwHDHMZnwk9p430HSlcW2xKREXHhpUoWOkJ8wEl,20240304,京王閣,6,F1,Ｓ級予選,base_color_5_bk,base_color_5,5,,015328,星野　洋輝,,,福　島,S2,S2,両,102.00,2,4,0,0,2
40e_64vLzizZus8EyHmUfHTUPJwHDHMZnwk9p430HSlcW2xKREXHhpUoWOkJ8wEl,20240304,京王閣,6,F1,Ｓ級予選,base_color_6_bk,base_color_6,6,,012500,稲村　成浩,,,群　馬,A1,S2,追,92.85,0,0,0,1,0
40e_64vLzizZus8EyHmUfHTUPJwHDHMZnwk9p430HSlcW2xKREXHhpUoWOkJ8wEl,20240304,京王閣,6,F1,Ｓ級予選,base_color_7_bk,base_color_7,7,,013443,大坪　功一,,,福　岡,S1,S2,追,103.21,0,0,2,4,0
40e_64vLzizZus8EyHmUfKQ6IQRepu9rbUfG-seG5aT5VklRILkuDAPJgukZXnfN,20240304,京王閣,7,F1,Ｓ級予選,base_color_1_bk,base_color_1,1,,012987,堤　洋,,,徳　島,S1,S2,追,103.60,0,0,4,0,0
40e_64vLzizZus8EyHmUfKQ6IQRepu9rbUfG-seG5aT5VklRILkuDAPJgukZXnfN,20240304,京王閣,7,F1,Ｓ級予選,base_color_2_bk,base_color_2,2,,014504,杉本　正隆,,,茨　城,S1,S2,追,103.73,0,0,7,2,0
40e_64vLzizZus8EyHmUfKQ6IQRepu9rbUfG-seG5aT5VklRILkuDAPJgukZXnfN,20240304,京王閣,7,F1,Ｓ級予選,base_color_3_bk,base_color_3,3,,014822,関根健太郎,,,神奈川,A1,S2,両,92.07,1,0,0,0,3
40e_64vLzizZus8EyHmUfKQ6IQRepu9rbUfG-seG5aT5VklRILkuDAPJgukZXnfN,20240304,京王閣,7,F1,Ｓ級予選,base_color_4_bk,base_color_4,4,,014664,志村　龍己,,,山　梨,S2,S2,追,99.90,0,0,3,1,0
40e_64vLzizZus8EyHmUfKQ6IQRepu9rbUfG-seG5aT5VklRILkuDAPJgukZXnfN,20240304,京王閣,7,F1,Ｓ級予選,base_color_5_bk,base_color_5,5,,014322,片岡　迪之,,,岡　山,S1,S1,逃,101.90,5,3,1,0,11
40e_64vLzizZus8EyHmUfKQ6IQRepu9rbUfG-seG5aT5VklRILkuDAPJgukZXnfN,20240304,京王閣,7,F1,Ｓ級予選,base_color_6_bk,base_color_6,6,,015423,上川　直紀,,,栃　木,A1,S2,逃,90.60,2,1,1,0,6
40e_64vLzizZus8EyHmUfKQ6IQRepu9rbUfG-seG5aT5VklRILkuDAPJgukZXnfN,20240304,京王閣,7,F1,Ｓ級予選,base_color_7_bk,base_color_7,7,,014005,山本　健也,,,千　葉,S2,S2,追,98.63,0,0,4,1,0
40e_64vLzizZus8EyHmUfJ_jLyxFvMTSyoY3kngN2v-NswJkcsAECXy5PnDJFMCc,20240304,京王閣,8,F1,Ｓ級予選,base_color_1_bk,base_color_1,1,,013967,岡本　大嗣,color_blue,追加,東　京,S2,S2,追,103.88,0,0,5,2,0
40e_64vLzizZus8EyHmUfJ_jLyxFvMTSyoY3kngN2v-NswJkcsAECXy5PnDJFMCc,20240304,京王閣,8,F1,Ｓ級予選,base_color_2_bk,base_color_2,2,,013993,佐藤　朋也,,,秋　田,S2,S2,両,97.05,0,0,2,0,0
40e_64vLzizZus8EyHmUfJ_jLyxFvMTSyoY3kngN2v-NswJkcsAECXy5PnDJFMCc,20240304,京王閣,8,F1,Ｓ級予選,base_color_3_bk,base_color_3,3,,014592,小島　歩,,,神奈川,S2,S2,追,98.56,0,0,6,2,0
40e_64vLzizZus8EyHmUfJ_jLyxFvMTSyoY3kngN2v-NswJkcsAECXy5PnDJFMCc,20240304,京王閣,8,F1,Ｓ級予選,base_color_4_bk,base_color_4,4,,014863,一戸　康宏,,,埼　玉,S2,S1,逃,102.70,3,2,1,2,5
40e_64vLzizZus8EyHmUfJ_jLyxFvMTSyoY3kngN2v-NswJkcsAECXy5PnDJFMCc,20240304,京王閣,8,F1,Ｓ級予選,base_color_5_bk,base_color_5,5,,013669,荒澤　貴史,,,北海道,A1,S2,追,96.28,0,0,4,2,0
40e_64vLzizZus8EyHmUfJ_jLyxFvMTSyoY3kngN2v-NswJkcsAECXy5PnDJFMCc,20240304,京王閣,8,F1,Ｓ級予選,base_color_6_bk,base_color_6,6,,015088,神山　尚,,,栃　木,A1,S2,追,89.50,0,0,0,0,0
40e_64vLzizZus8EyHmUfJ_jLyxFvMTSyoY3kngN2v-NswJkcsAECXy5PnDJFMCc,20240304,京王閣,8,F1,Ｓ級予選,base_color_7_bk,base_color_7,7,,015354,齋木　翔多,,,静　岡,S2,S2,逃,97.86,4,2,0,0,17
40e_64vLzizZus8EyHmUfB2KbgCSuqTL1cef6K5-tjK_zwhYcwdTf6-qmiU2EPfX,20240304,京王閣,9,F1,Ｓ級予選,base_color_1_bk,base_color_1,1,,015323,小原丈一郎,color_blue,追加,青　森,S2,S2,逃,100.73,2,2,1,0,6
40e_64vLzizZus8EyHmUfB2KbgCSuqTL1cef6K5-tjK_zwhYcwdTf6-qmiU2EPfX,20240304,京王閣,9,F1,Ｓ級予選,base_color_2_bk,base_color_2,2,,012881,白戸淳太郎,,,神奈川,S1,S2,追,99.89,0,0,4,1,0
40e_64vLzizZus8EyHmUfB2KbgCSuqTL1cef6K5-tjK_zwhYcwdTf6-qmiU2EPfX,20240304,京王閣,9,F1,Ｓ級予選,base_color_3_bk,base_color_3,3,,014326,福島　栄一,,,香　川,A1,S2,追,97.60,0,1,3,2,1
40e_64vLzizZus8EyHmUfB2KbgCSuqTL1cef6K5-tjK_zwhYcwdTf6-qmiU2EPfX,20240304,京王閣,9,F1,Ｓ級予選,base_color_4_bk,base_color_4,4,,015050,堀内　俊介,,,神奈川,S2,S1,逃,103.47,0,2,2,0,4
40e_64vLzizZus8EyHmUfB2KbgCSuqTL1cef6K5-tjK_zwhYcwdTf6-qmiU2EPfX,20240304,京王閣,9,F1,Ｓ級予選,base_color_5_bk,base_color_5,5,,014130,竹山　陵太,color_blue,追加,宮　城,S2,S2,追,101.96,0,0,4,1,0
40e_64vLzizZus8EyHmUfB2KbgCSuqTL1cef6K5-tjK_zwhYcwdTf6-qmiU2EPfX,20240304,京王閣,9,F1,Ｓ級予選,base_color_6_bk,base_color_6,6,,014104,池田　憲昭,color_blue,追加,香　川,S1,S2,追,94.33,0,0,0,0,0
40e_64vLzizZus8EyHmUfB2KbgCSuqTL1cef6K5-tjK_zwhYcwdTf6-qmiU2EPfX,20240304,京王閣,9,F1,Ｓ級予選,base_color_7_bk,base_color_7,7,,013473,大塚　英伸,,,静　岡,S2,S2,追,96.90,0,0,3,0,0
40e_64vLzizZus8EyHmUfMx3WTHshMo2NHEhVqDFZOghxBjpoBKqYQWJxqx10a4L,20240304,京王閣,10,F1,Ｓ級予選,base_color_1_bk,base_color_1,1,,014631,佐方　良行,,,熊　本,S2,S2,追,102.45,0,4,3,0,0
40e_64vLzizZus8EyHmUfMx3WTHshMo2NHEhVqDFZOghxBjpoBKqYQWJxqx10a4L,20240304,京王閣,10,F1,Ｓ級予選,base_color_2_bk,base_color_2,2,,015415,坂本　紘規,,,青　森,S2,S2,逃,100.86,7,1,0,0,14
40e_64vLzizZus8EyHmUfMx3WTHshMo2NHEhVqDFZOghxBjpoBKqYQWJxqx10a4L,20240304,京王閣,10,F1,Ｓ級予選,base_color_3_bk,base_color_3,3,,013240,小林　大介,,,群　馬,S2,S1,追,98.40,0,0,3,1,0
40e_64vLzizZus8EyHmUfMx3WTHshMo2NHEhVqDFZOghxBjpoBKqYQWJxqx10a4L,20240304,京王閣,10,F1,Ｓ級予選,base_color_4_bk,base_color_4,4,,014633,田中　陽平,,,熊　本,S2,S2,追,98.81,0,0,2,1,0
40e_64vLzizZus8EyHmUfMx3WTHshMo2NHEhVqDFZOghxBjpoBKqYQWJxqx10a4L,20240304,京王閣,10,F1,Ｓ級予選,base_color_5_bk,base_color_5,5,,014148,岸澤　賢太,,,埼　玉,S2,S2,両,101.28,0,0,6,2,1
40e_64vLzizZus8EyHmUfMx3WTHshMo2NHEhVqDFZOghxBjpoBKqYQWJxqx10a4L,20240304,京王閣,10,F1,Ｓ級予選,base_color_6_bk,base_color_6,6,,013693,藤原　憲征,color_blue,追加,新　潟,S2,S2,追,96.00,0,0,3,2,0
40e_64vLzizZus8EyHmUfMx3WTHshMo2NHEhVqDFZOghxBjpoBKqYQWJxqx10a4L,20240304,京王閣,10,F1,Ｓ級予選,base_color_7_bk,base_color_7,7,,013532,佐々木雄一,,,福　島,S1,S1,追,106.52,0,0,6,3,0
40e_64vLzizZus8EyHmUfPf6Xy32YGQJOHC_7LoHJDtRF_C9RlT4ljWMuapzs4Sd,20240304,京王閣,11,F1,Ｓ級予選,base_color_1_bk,base_color_1,1,,015521,中島　詩音,,,山　梨,S2,S2,逃,104.54,5,2,1,0,13
40e_64vLzizZus8EyHmUfPf6Xy32YGQJOHC_7LoHJDtRF_C9RlT4ljWMuapzs4Sd,20240304,京王閣,11,F1,Ｓ級予選,base_color_2_bk,base_color_2,2,,013744,菅原　晃,,,大　分,S2,S2,追,99.86,0,1,3,4,0
40e_64vLzizZus8EyHmUfPf6Xy32YGQJOHC_7LoHJDtRF_C9RlT4ljWMuapzs4Sd,20240304,京王閣,11,F1,Ｓ級予選,base_color_3_bk,base_color_3,3,,015510,田口　勇介,,,秋　田,S2,S2,逃,96.93,5,0,0,0,8
40e_64vLzizZus8EyHmUfPf6Xy32YGQJOHC_7LoHJDtRF_C9RlT4ljWMuapzs4Sd,20240304,京王閣,11,F1,Ｓ級予選,base_color_4_bk,base_color_4,4,,013471,松坂　英司,,,神奈川,A1,S2,追,96.83,0,0,1,1,0
40e_64vLzizZus8EyHmUfPf6Xy32YGQJOHC_7LoHJDtRF_C9RlT4ljWMuapzs4Sd,20240304,京王閣,11,F1,Ｓ級予選,base_color_5_bk,base_color_5,5,,015090,高橋　築,,,東　京,S1,S1,両,106.43,0,3,4,1,3
40e_64vLzizZus8EyHmUfPf6Xy32YGQJOHC_7LoHJDtRF_C9RlT4ljWMuapzs4Sd,20240304,京王閣,11,F1,Ｓ級予選,base_color_6_bk,base_color_6,6,,014337,佐々木翔一,,,佐　賀,A1,S2,両,94.04,0,1,1,2,0
40e_64vLzizZus8EyHmUfPf6Xy32YGQJOHC_7LoHJDtRF_C9RlT4ljWMuapzs4Sd,20240304,京王閣,11,F1,Ｓ級予選,base_color_7_bk,base_color_7,7,,013829,青森　伸也,,,福　島,S2,S2,追,100.95,0,0,1,2,0
40e_64vLzizZus8EyHmUfOYzY2zB630AXP9_JhmFzk7fl6_m3nyb1ip3HQbH_cii,20240304,京王閣,12,F1,Ｓ級初日特選,base_color_1_bk,base_color_1,1,,015443,道場　晃規,color_blue,追加,静　岡,S2,S1,逃,106.76,4,5,1,0,8
40e_64vLzizZus8EyHmUfOYzY2zB630AXP9_JhmFzk7fl6_m3nyb1ip3HQbH_cii,20240304,京王閣,12,F1,Ｓ級初日特選,base_color_2_bk,base_color_2,2,,014105,阿竹　智史,,,徳　島,S1,S1,両,108.94,0,1,3,2,0
40e_64vLzizZus8EyHmUfOYzY2zB630AXP9_JhmFzk7fl6_m3nyb1ip3HQbH_cii,20240304,京王閣,12,F1,Ｓ級初日特選,base_color_3_bk,base_color_3,3,,015337,佐藤　礼文,,,茨　城,S2,S1,追,106.92,0,0,11,4,0
40e_64vLzizZus8EyHmUfOYzY2zB630AXP9_JhmFzk7fl6_m3nyb1ip3HQbH_cii,20240304,京王閣,12,F1,Ｓ級初日特選,base_color_4_bk,base_color_4,4,,014935,嶋津　拓弥,,,神奈川,S1,S1,両,107.71,0,0,2,0,0
40e_64vLzizZus8EyHmUfOYzY2zB630AXP9_JhmFzk7fl6_m3nyb1ip3HQbH_cii,20240304,京王閣,12,F1,Ｓ級初日特選,base_color_5_bk,base_color_5,5,,014377,岩本　俊介,,,千　葉,S1,S1,逃,110.31,1,7,2,0,6
40e_64vLzizZus8EyHmUfOYzY2zB630AXP9_JhmFzk7fl6_m3nyb1ip3HQbH_cii,20240304,京王閣,12,F1,Ｓ級初日特選,base_color_6_bk,base_color_6,6,,015480,松本秀之介,,,熊　本,S1,S1,逃,106.75,3,5,3,1,4
40e_64vLzizZus8EyHmUfOYzY2zB630AXP9_JhmFzk7fl6_m3nyb1ip3HQbH_cii,20240304,京王閣,12,F1,Ｓ級初日特選,base_color_7_bk,base_color_7,7,,015094,佐々木　龍,,,神奈川,S2,S1,追,108.78,0,1,7,6,0
rBl6u-PQCfnEApS7lfmOv6niAjOgE8_p-oZdyLYCtY5F4VOuYF0U7VRhyYwheDxR,20240304,向日町,1,F1,Ａ級予選,base_color_1_bk,base_color_1,1,,013477,宮司　周郎,,,愛　知,A1,A1,追,86.93,0,0,6,2,0
rBl6u-PQCfnEApS7lfmOv6niAjOgE8_p-oZdyLYCtY5F4VOuYF0U7VRhyYwheDxR,20240304,向日町,1,F1,Ａ級予選,base_color_2_bk,base_color_2,2,,014024,櫻井　丈,,,静　岡,A1,A1,追,88.20,0,0,3,2,0
rBl6u-PQCfnEApS7lfmOv6niAjOgE8_p-oZdyLYCtY5F4VOuYF0U7VRhyYwheDxR,20240304,向日町,1,F1,Ａ級予選,base_color_3_bk,base_color_3,3,,013371,足達　重満,,,長　崎,A2,A2,追,81.58,0,2,2,0,0
rBl6u-PQCfnEApS7lfmOv6niAjOgE8_p-oZdyLYCtY5F4VOuYF0U7VRhyYwheDxR,20240304,向日町,1,F1,Ａ級予選,base_color_4_bk,base_color_4,4,,013591,山本　宏明,color_blue,追加,徳　島,A2,A2,追,78.55,0,0,1,1,0
rBl6u-PQCfnEApS7lfmOv6niAjOgE8_p-oZdyLYCtY5F4VOuYF0U7VRhyYwheDxR,20240304,向日町,1,F1,Ａ級予選,base_color_5_bk,base_color_5,5,,014938,夏目　新吾,,,静　岡,A2,A2,逃,83.77,5,0,0,0,11
rBl6u-PQCfnEApS7lfmOv6niAjOgE8_p-oZdyLYCtY5F4VOuYF0U7VRhyYwheDxR,20240304,向日町,1,F1,Ａ級予選,base_color_6_bk,base_color_6,6,,014686,秋永　昂人,,,福　岡,A3,A2,両,77.56,0,1,4,1,2
rBl6u-PQCfnEApS7lfmOv6niAjOgE8_p-oZdyLYCtY5F4VOuYF0U7VRhyYwheDxR,20240304,向日町,1,F1,Ａ級予選,base_color_7_bk,base_color_7,7,,015622,伊藤　温希,,,岐　阜,A2,A2,両,85.52,0,0,6,0,0
rBl6u-PQCfnEApS7lfmOv3-zyyB28SVvUa53-zFDSxG-OBkWyHVTqscC7cupe6JE,20240304,向日町,2,F1,Ａ級予選,base_color_1_bk,base_color_1,1,,015602,比佐　宝太,,,福　島,A2,A2,逃,86.75,3,3,0,1,8
rBl6u-PQCfnEApS7lfmOv3-zyyB28SVvUa53-zFDSxG-OBkWyHVTqscC7cupe6JE,20240304,向日町,2,F1,Ａ級予選,base_color_2_bk,base_color_2,2,,012130,石田　洋秀,,,広　島,A2,A2,追,83.33,0,0,5,3,0
rBl6u-PQCfnEApS7lfmOv3-zyyB28SVvUa53-zFDSxG-OBkWyHVTqscC7cupe6JE,20240304,向日町,2,F1,Ａ級予選,base_color_3_bk,base_color_3,3,,014637,吉成　貴博,color_blue,追加,熊　本,A2,A2,追,84.41,0,0,4,2,0
rBl6u-PQCfnEApS7lfmOv3-zyyB28SVvUa53-zFDSxG-OBkWyHVTqscC7cupe6JE,20240304,向日町,2,F1,Ａ級予選,base_color_4_bk,base_color_4,4,,014321,石坂　永伍,,,岡　山,A1,A1,両,84.60,0,3,5,0,0
rBl6u-PQCfnEApS7lfmOv3-zyyB28SVvUa53-zFDSxG-OBkWyHVTqscC7cupe6JE,20240304,向日町,2,F1,Ａ級予選,base_color_5_bk,base_color_5,5,,011800,三住　博昭,color_blue,追加,神奈川,A1,A1,追,89.21,0,1,9,1,0
rBl6u-PQCfnEApS7lfmOv3-zyyB28SVvUa53-zFDSxG-OBkWyHVTqscC7cupe6JE,20240304,向日町,2,F1,Ａ級予選,base_color_6_bk,base_color_6,6,,013888,細川　貴史,,,広　島,A2,A2,追,78.61,0,0,0,0,0
rBl6u-PQCfnEApS7lfmOv3-zyyB28SVvUa53-zFDSxG-OBkWyHVTqscC7cupe6JE,20240304,向日町,2,F1,Ａ級予選,base_color_7_bk,base_color_7,7,,014563,興呂木雄治,,,熊　本,A3,A2,両,79.58,0,1,4,1,1
rBl6u-PQCfnEApS7lfmOv4JwODmDKUk0fvGvyc4w0Oq0XSUG4SKef1SxhUMtTBB1,20240304,向日町,3,F1,Ａ級予選,base_color_1_bk,base_color_1,1,,013468,勝俣　亮,color_blue,追加,神奈川,A2,A2,両,82.03,6,1,1,0,15
rBl6u-PQCfnEApS7lfmOv4JwODmDKUk0fvGvyc4w0Oq0XSUG4SKef1SxhUMtTBB1,20240304,向日町,3,F1,Ａ級予選,base_color_2_bk,base_color_2,2,,014603,佐野　洋継,color_blue,追加,京　都,A2,A2,両,82.92,0,1,2,4,0
rBl6u-PQCfnEApS7lfmOv4JwODmDKUk0fvGvyc4w0Oq0XSUG4SKef1SxhUMtTBB1,20240304,向日町,3,F1,Ａ級予選,base_color_3_bk,base_color_3,3,,013357,近藤　誠二,,,香　川,A1,A1,追,88.33,0,0,5,1,0
rBl6u-PQCfnEApS7lfmOv4JwODmDKUk0fvGvyc4w0Oq0XSUG4SKef1SxhUMtTBB1,20240304,向日町,3,F1,Ａ級予選,base_color_4_bk,base_color_4,4,,012946,亀井　雅斗,,,群　馬,A3,A2,追,79.91,0,2,2,4,1
rBl6u-PQCfnEApS7lfmOv4JwODmDKUk0fvGvyc4w0Oq0XSUG4SKef1SxhUMtTBB1,20240304,向日町,3,F1,Ａ級予選,base_color_5_bk,base_color_5,5,,015644,中野光太郎,,,徳　島,A2,A2,逃,88.05,5,6,0,1,8
rBl6u-PQCfnEApS7lfmOv4JwODmDKUk0fvGvyc4w0Oq0XSUG4SKef1SxhUMtTBB1,20240304,向日町,3,F1,Ａ級予選,base_color_6_bk,base_color_6,6,,013207,葉狩　伸泰,,,大　阪,A3,A2,両,77.00,1,3,1,0,2
rBl6u-PQCfnEApS7lfmOv4JwODmDKUk0fvGvyc4w0Oq0XSUG4SKef1SxhUMtTBB1,20240304,向日町,3,F1,Ａ級予選,base_color_7_bk,base_color_7,7,,014570,松澤　敬輔,,,北海道,A1,A2,両,82.50,0,0,0,0,0
rBl6u-PQCfnEApS7lfmOvzCBX-kRt3YlKrcpYeeu-C-WoMvaEXZ6GbWV6ULqQCBg,20240304,向日町,4,F1,Ａ級予選,base_color_1_bk,base_color_1,1,,013049,南　大輔,,,京　都,A1,A2,追,84.79,0,0,2,1,0
rBl6u-PQCfnEApS7lfmOvzCBX-kRt3YlKrcpYeeu-C-WoMvaEXZ6GbWV6ULqQCBg,20240304,向日町,4,F1,Ａ級予選,base_color_2_bk,base_color_2,2,,013506,田村　浩章,,,徳　島,A2,A1,追,82.56,0,0,1,1,0
rBl6u-PQCfnEApS7lfmOvzCBX-kRt3YlKrcpYeeu-C-WoMvaEXZ6GbWV6ULqQCBg,20240304,向日町,4,F1,Ａ級予選,base_color_3_bk,base_color_3,3,,013271,鮒田　博文,,,三　重,A2,A2,追,81.70,0,0,1,0,0
rBl6u-PQCfnEApS7lfmOvzCBX-kRt3YlKrcpYeeu-C-WoMvaEXZ6GbWV6ULqQCBg,20240304,向日町,4,F1,Ａ級予選,base_color_4_bk,base_color_4,4,,013580,河村　章憲,,,京　都,A1,A1,追,86.57,0,0,7,5,0
rBl6u-PQCfnEApS7lfmOvzCBX-kRt3YlKrcpYeeu-C-WoMvaEXZ6GbWV6ULqQCBg,20240304,向日町,4,F1,Ａ級予選,base_color_5_bk,base_color_5,5,,015012,勝部　貴博,,,福　岡,A1,A1,逃,88.95,6,1,0,0,10
rBl6u-PQCfnEApS7lfmOvzCBX-kRt3YlKrcpYeeu-C-WoMvaEXZ6GbWV6ULqQCBg,20240304,向日町,4,F1,Ａ級予選,base_color_6_bk,base_color_6,6,,013784,太田　雅之,,,三　重,A2,A2,追,78.00,0,0,0,0,0
rBl6u-PQCfnEApS7lfmOvzCBX-kRt3YlKrcpYeeu-C-WoMvaEXZ6GbWV6ULqQCBg,20240304,向日町,4,F1,Ａ級予選,base_color_7_bk,base_color_7,7,,015233,渋谷　海,,,香　川,A1,A1,逃,85.35,0,3,0,0,4
rBl6u-PQCfnEApS7lfmOvzW-HikeflKfgckK3EqVD5tyIl-4COvRJCkoHcfRzvEf,20240304,向日町,5,F1,Ａ級初日特選,base_color_1_bk,base_color_1,1,,014110,廣川　泰昭,,,愛　媛,S2,A1,追,90.96,0,0,0,2,0
rBl6u-PQCfnEApS7lfmOvzW-HikeflKfgckK3EqVD5tyIl-4COvRJCkoHcfRzvEf,20240304,向日町,5,F1,Ａ級初日特選,base_color_2_bk,base_color_2,2,,013800,中村　一将,,,兵　庫,S2,A1,両,94.76,5,8,0,1,11
rBl6u-PQCfnEApS7lfmOvzW-HikeflKfgckK3EqVD5tyIl-4COvRJCkoHcfRzvEf,20240304,向日町,5,F1,Ａ級初日特選,base_color_3_bk,base_color_3,3,,014646,三浦　雄大,,,宮　城,S2,A1,追,92.84,0,0,0,2,0
rBl6u-PQCfnEApS7lfmOvzW-HikeflKfgckK3EqVD5tyIl-4COvRJCkoHcfRzvEf,20240304,向日町,5,F1,Ａ級初日特選,base_color_4_bk,base_color_4,4,,013576,土岐　幹多,,,岐　阜,S2,A1,追,91.04,0,0,3,1,0
rBl6u-PQCfnEApS7lfmOvzW-HikeflKfgckK3EqVD5tyIl-4COvRJCkoHcfRzvEf,20240304,向日町,5,F1,Ａ級初日特選,base_color_5_bk,base_color_5,5,,015601,五十嵐　綾,,,福　島,A2,A1,逃,93.68,2,8,1,1,3
rBl6u-PQCfnEApS7lfmOvzW-HikeflKfgckK3EqVD5tyIl-4COvRJCkoHcfRzvEf,20240304,向日町,5,F1,Ａ級初日特選,base_color_6_bk,base_color_6,6,,015541,石塚慶一郎,,,和歌山,A1,A1,逃,89.26,2,5,0,0,3
rBl6u-PQCfnEApS7lfmOvzW-HikeflKfgckK3EqVD5tyIl-4COvRJCkoHcfRzvEf,20240304,向日町,5,F1,Ａ級初日特選,base_color_7_bk,base_color_7,7,,013275,渡辺　航平,,,東　京,A1,A1,追,90.92,0,0,8,4,0
rBl6u-PQCfnEApS7lfmOvxmd293w98JD9xIUYVlF5KR0I3SzoGGKSCUOam1yiZli,20240304,向日町,6,F1,Ｓ級予選,base_color_1_bk,base_color_1,1,,014235,鈴木　庸之,,,新　潟,S1,S2,両,104.29,0,1,3,2,0
rBl6u-PQCfnEApS7lfmOvxmd293w98JD9xIUYVlF5KR0I3SzoGGKSCUOam1yiZli,20240304,向日町,6,F1,Ｓ級予選,base_color_2_bk,base_color_2,2,,014190,木村　隆弘,,,徳　島,S1,S2,追,105.32,0,0,7,2,0
rBl6u-PQCfnEApS7lfmOvxmd293w98JD9xIUYVlF5KR0I3SzoGGKSCUOam1yiZli,20240304,向日町,6,F1,Ｓ級予選,base_color_3_bk,base_color_3,3,,013944,桐山敬太郎,,,神奈川,S1,S2,両,100.16,0,1,2,2,0
rBl6u-PQCfnEApS7lfmOvxmd293w98JD9xIUYVlF5KR0I3SzoGGKSCUOam1yiZli,20240304,向日町,6,F1,Ｓ級予選,base_color_4_bk,base_color_4,4,,013805,溪　飛雄馬,,,愛　媛,A1,S2,追,95.86,0,0,3,2,0
rBl6u-PQCfnEApS7lfmOvxmd293w98JD9xIUYVlF5KR0I3SzoGGKSCUOam1yiZli,20240304,向日町,6,F1,Ｓ級予選,base_color_5_bk,base_color_5,5,,015196,小川　丈太,,,徳　島,S2,S2,逃,102.47,0,8,1,0,2
rBl6u-PQCfnEApS7lfmOvxmd293w98JD9xIUYVlF5KR0I3SzoGGKSCUOam1yiZli,20240304,向日町,6,F1,Ｓ級予選,base_color_6_bk,base_color_6,6,,015509,木村　佑来,,,宮　城,A1,S2,逃,93.77,3,1,0,0,10
rBl6u-PQCfnEApS7lfmOvxmd293w98JD9xIUYVlF5KR0I3SzoGGKSCUOam1yiZli,20240304,向日町,6,F1,Ｓ級予選,base_color_7_bk,base_color_7,7,,014655,山口　翼,,,茨　城,S2,S2,逃,98.45,1,3,2,1,4
rBl6u-PQCfnEApS7lfmOvwlnv2fn6S-EHiGyGoPw55n8mzZNR-czyayftdMbQIPb,20240304,向日町,7,F1,Ｓ級予選,base_color_1_bk,base_color_1,1,,014978,谷口　明正,,,三　重,S2,S2,両,97.00,0,3,1,0,2
rBl6u-PQCfnEApS7lfmOvwlnv2fn6S-EHiGyGoPw55n8mzZNR-czyayftdMbQIPb,20240304,向日町,7,F1,Ｓ級予選,base_color_2_bk,base_color_2,2,,014624,柳詰　正宏,,,福　岡,S1,S1,追,104.00,0,0,2,1,0
rBl6u-PQCfnEApS7lfmOvwlnv2fn6S-EHiGyGoPw55n8mzZNR-czyayftdMbQIPb,20240304,向日町,7,F1,Ｓ級予選,base_color_3_bk,base_color_3,3,,014800,伊東　翔貴,,,福　島,S2,S2,逃,100.11,1,3,2,0,5
rBl6u-PQCfnEApS7lfmOvwlnv2fn6S-EHiGyGoPw55n8mzZNR-czyayftdMbQIPb,20240304,向日町,7,F1,Ｓ級予選,base_color_4_bk,base_color_4,4,,015066,原口　昌平,,,福　岡,S2,S2,逃,100.55,3,4,1,0,4
rBl6u-PQCfnEApS7lfmOvwlnv2fn6S-EHiGyGoPw55n8mzZNR-czyayftdMbQIPb,20240304,向日町,7,F1,Ｓ級予選,base_color_5_bk,base_color_5,5,,012541,室井　健一,color_blue,追加,徳　島,S1,S1,追,101.11,0,0,2,2,0
rBl6u-PQCfnEApS7lfmOvwlnv2fn6S-EHiGyGoPw55n8mzZNR-czyayftdMbQIPb,20240304,向日町,7,F1,Ｓ級予選,base_color_6_bk,base_color_6,6,,012519,藤原　誠,,,岐　阜,S2,S2,追,94.60,0,0,1,0,0
rBl6u-PQCfnEApS7lfmOvwlnv2fn6S-EHiGyGoPw55n8mzZNR-czyayftdMbQIPb,20240304,向日町,7,F1,Ｓ級予選,base_color_7_bk,base_color_7,7,,013996,丸山　貴秀,,,秋　田,S2,S2,追,97.06,0,0,1,1,0
rBl6u-PQCfnEApS7lfmOvyWbJifaEO-GglCufKiM1xdIm81BxE8H8ylbHIyf0Wmi,20240304,向日町,8,F1,Ｓ級予選,base_color_1_bk,base_color_1,1,,013850,山賀　雅仁,,,千　葉,S2,S1,両,104.53,0,2,4,0,1
rBl6u-PQCfnEApS7lfmOvyWbJifaEO-GglCufKiM1xdIm81BxE8H8ylbHIyf0Wmi,20240304,向日町,8,F1,Ｓ級予選,base_color_2_bk,base_color_2,2,,015366,張野　幸聖,,,和歌山,S2,S2,逃,97.05,2,3,1,0,6
rBl6u-PQCfnEApS7lfmOvyWbJifaEO-GglCufKiM1xdIm81BxE8H8ylbHIyf0Wmi,20240304,向日町,8,F1,Ｓ級予選,base_color_3_bk,base_color_3,3,,014454,上原　龍,,,長　野,S2,S2,両,95.88,0,0,3,0,0
rBl6u-PQCfnEApS7lfmOvyWbJifaEO-GglCufKiM1xdIm81BxE8H8ylbHIyf0Wmi,20240304,向日町,8,F1,Ｓ級予選,base_color_4_bk,base_color_4,4,,014309,水谷　好宏,,,大　阪,S2,S2,両,98.62,0,3,7,0,3
rBl6u-PQCfnEApS7lfmOvyWbJifaEO-GglCufKiM1xdIm81BxE8H8ylbHIyf0Wmi,20240304,向日町,8,F1,Ｓ級予選,base_color_5_bk,base_color_5,5,,014817,佐藤　壮,,,千　葉,S2,S2,追,104.76,0,0,3,3,0
rBl6u-PQCfnEApS7lfmOvyWbJifaEO-GglCufKiM1xdIm81BxE8H8ylbHIyf0Wmi,20240304,向日町,8,F1,Ｓ級予選,base_color_6_bk,base_color_6,6,,012971,小川　将人,,,愛　知,A1,S2,追,90.23,0,0,0,1,0
rBl6u-PQCfnEApS7lfmOvyWbJifaEO-GglCufKiM1xdIm81BxE8H8ylbHIyf0Wmi,20240304,向日町,8,F1,Ｓ級予選,base_color_7_bk,base_color_7,7,,013242,尾崎　剛,,,埼　玉,A1,S2,追,93.80,0,0,3,1,0
rBl6u-PQCfnEApS7lfmOvy_96-9IerouvJdv3x5WsbLI6Skj7IGVEuyndlGMEECj,20240304,向日町,9,F1,Ｓ級予選,base_color_1_bk,base_color_1,1,,014692,森山　智徳,,,熊　本,S2,S2,両,98.62,0,3,1,0,6
rBl6u-PQCfnEApS7lfmOvy_96-9IerouvJdv3x5WsbLI6Skj7IGVEuyndlGMEECj,20240304,向日町,9,F1,Ｓ級予選,base_color_2_bk,base_color_2,2,,015365,古賀　勝大,,,和歌山,S2,S2,逃,104.22,1,1,3,6,1
rBl6u-PQCfnEApS7lfmOvy_96-9IerouvJdv3x5WsbLI6Skj7IGVEuyndlGMEECj,20240304,向日町,9,F1,Ｓ級予選,base_color_3_bk,base_color_3,3,,012785,小橋　明紀,color_blue,追加,青　森,A1,S2,追,92.03,0,0,3,2,0
rBl6u-PQCfnEApS7lfmOvy_96-9IerouvJdv3x5WsbLI6Skj7IGVEuyndlGMEECj,20240304,向日町,9,F1,Ｓ級予選,base_color_4_bk,base_color_4,4,,013514,山口　貴嗣,color_blue,追加,福　岡,S2,S2,追,98.28,0,0,2,0,0
rBl6u-PQCfnEApS7lfmOvy_96-9IerouvJdv3x5WsbLI6Skj7IGVEuyndlGMEECj,20240304,向日町,9,F1,Ｓ級予選,base_color_5_bk,base_color_5,5,,015458,貴志　修己,color_blue,追加,和歌山,S2,S2,逃,102.05,2,2,0,0,13
rBl6u-PQCfnEApS7lfmOvy_96-9IerouvJdv3x5WsbLI6Skj7IGVEuyndlGMEECj,20240304,向日町,9,F1,Ｓ級予選,base_color_6_bk,base_color_6,6,,013005,小笠原昭太,,,青　森,A1,S2,追,91.87,0,0,0,1,0
rBl6u-PQCfnEApS7lfmOvy_96-9IerouvJdv3x5WsbLI6Skj7IGVEuyndlGMEECj,20240304,向日町,9,F1,Ｓ級予選,base_color_7_bk,base_color_7,7,,013074,島田　竜二,,,熊　本,S2,S1,追,103.53,0,1,9,1,1
rBl6u-PQCfnEApS7lfmOv-DkrOV4p6XMe-YzT5K3VC6DTHc7OtEsNj9PFGAPJgSc,20240304,向日町,10,F1,Ｓ級予選,base_color_1_bk,base_color_1,1,,015186,南　潤,,,和歌山,S2,S1,逃,101.28,7,1,1,0,10
rBl6u-PQCfnEApS7lfmOv-DkrOV4p6XMe-YzT5K3VC6DTHc7OtEsNj9PFGAPJgSc,20240304,向日町,10,F1,Ｓ級予選,base_color_2_bk,base_color_2,2,,014231,河村　雅章,,,東　京,S1,S2,両,103.33,0,4,2,0,0
rBl6u-PQCfnEApS7lfmOv-DkrOV4p6XMe-YzT5K3VC6DTHc7OtEsNj9PFGAPJgSc,20240304,向日町,10,F1,Ｓ級予選,base_color_3_bk,base_color_3,3,,013054,石丸　寛之,,,岡　山,S2,S2,追,97.82,0,1,3,3,0
rBl6u-PQCfnEApS7lfmOv-DkrOV4p6XMe-YzT5K3VC6DTHc7OtEsNj9PFGAPJgSc,20240304,向日町,10,F1,Ｓ級予選,base_color_4_bk,base_color_4,4,,013497,藤田　昌宏,,,岡　山,S2,S2,追,96.38,1,1,2,4,5
rBl6u-PQCfnEApS7lfmOv-DkrOV4p6XMe-YzT5K3VC6DTHc7OtEsNj9PFGAPJgSc,20240304,向日町,10,F1,Ｓ級予選,base_color_5_bk,base_color_5,5,,014478,内山　貴裕,,,京　都,S2,S2,追,98.71,0,0,1,1,0
rBl6u-PQCfnEApS7lfmOv-DkrOV4p6XMe-YzT5K3VC6DTHc7OtEsNj9PFGAPJgSc,20240304,向日町,10,F1,Ｓ級予選,base_color_6_bk,base_color_6,6,,015424,中村　隆生,,,栃　木,A1,S2,逃,92.56,1,2,1,0,5
rBl6u-PQCfnEApS7lfmOv-DkrOV4p6XMe-YzT5K3VC6DTHc7OtEsNj9PFGAPJgSc,20240304,向日町,10,F1,Ｓ級予選,base_color_7_bk,base_color_7,7,,013798,木村　直隆,,,兵　庫,A1,S2,追,98.04,0,0,3,2,0
rBl6u-PQCfnEApS7lfmOvzU2QtsQN7DTU-vbb4fuR8nVqUTdQRUQR-viKrgt91tu,20240304,向日町,11,F1,Ｓ級予選,base_color_1_bk,base_color_1,1,,013978,菊地　圭尚,,,北海道,S1,S1,両,103.15,0,0,3,2,0
rBl6u-PQCfnEApS7lfmOvzU2QtsQN7DTU-vbb4fuR8nVqUTdQRUQR-viKrgt91tu,20240304,向日町,11,F1,Ｓ級予選,base_color_2_bk,base_color_2,2,,014143,天田　裕輝,,,群　馬,S2,S1,両,95.00,0,0,0,0,0
rBl6u-PQCfnEApS7lfmOvzU2QtsQN7DTU-vbb4fuR8nVqUTdQRUQR-viKrgt91tu,20240304,向日町,11,F1,Ｓ級予選,base_color_3_bk,base_color_3,3,,013118,山内　卓也,,,愛　知,S2,S2,追,101.28,0,0,4,2,0
rBl6u-PQCfnEApS7lfmOvzU2QtsQN7DTU-vbb4fuR8nVqUTdQRUQR-viKrgt91tu,20240304,向日町,11,F1,Ｓ級予選,base_color_4_bk,base_color_4,4,,014348,坂本　貴史,color_blue,追加,青　森,S1,S1,両,105.73,3,7,1,1,5
rBl6u-PQCfnEApS7lfmOvzU2QtsQN7DTU-vbb4fuR8nVqUTdQRUQR-viKrgt91tu,20240304,向日町,11,F1,Ｓ級予選,base_color_5_bk,base_color_5,5,,013632,川口　直人,,,神奈川,S2,S2,追,100.76,0,0,4,3,0
rBl6u-PQCfnEApS7lfmOvzU2QtsQN7DTU-vbb4fuR8nVqUTdQRUQR-viKrgt91tu,20240304,向日町,11,F1,Ｓ級予選,base_color_6_bk,base_color_6,6,,014862,坂本将太郎,,,栃　木,S2,S2,追,93.47,0,0,0,1,0
rBl6u-PQCfnEApS7lfmOvzU2QtsQN7DTU-vbb4fuR8nVqUTdQRUQR-viKrgt91tu,20240304,向日町,11,F1,Ｓ級予選,base_color_7_bk,base_color_7,7,,014831,伊藤　裕貴,,,三　重,S2,S2,両,99.61,2,1,4,1,5
rBl6u-PQCfnEApS7lfmOv7Oji3riZfc9-5QpbvQPcxu9yGeFOy61ioHnKhZ0sT2P,20240304,向日町,12,F1,Ｓ級初日特選,base_color_1_bk,base_color_1,1,,015122,島川　将貴,,,徳　島,S1,S1,逃,111.12,3,10,3,2,8
rBl6u-PQCfnEApS7lfmOv7Oji3riZfc9-5QpbvQPcxu9yGeFOy61ioHnKhZ0sT2P,20240304,向日町,12,F1,Ｓ級初日特選,base_color_2_bk,base_color_2,2,,014804,横山　尚則,,,茨　城,S1,S1,追,107.95,0,0,7,3,0
rBl6u-PQCfnEApS7lfmOv7Oji3riZfc9-5QpbvQPcxu9yGeFOy61ioHnKhZ0sT2P,20240304,向日町,12,F1,Ｓ級初日特選,base_color_3_bk,base_color_3,3,,014995,渡邉　雄太,,,静　岡,S1,S1,逃,107.06,0,3,0,0,1
rBl6u-PQCfnEApS7lfmOv7Oji3riZfc9-5QpbvQPcxu9yGeFOy61ioHnKhZ0sT2P,20240304,向日町,12,F1,Ｓ級初日特選,base_color_4_bk,base_color_4,4,,014318,椎木尾拓哉,,,和歌山,S1,S1,追,107.33,0,1,7,2,0
rBl6u-PQCfnEApS7lfmOv7Oji3riZfc9-5QpbvQPcxu9yGeFOy61ioHnKhZ0sT2P,20240304,向日町,12,F1,Ｓ級初日特選,base_color_5_bk,base_color_5,5,,014002,渡部　幸訓,,,福　島,S1,S1,追,110.82,0,0,4,3,0
rBl6u-PQCfnEApS7lfmOv7Oji3riZfc9-5QpbvQPcxu9yGeFOy61ioHnKhZ0sT2P,20240304,向日町,12,F1,Ｓ級初日特選,base_color_6_bk,base_color_6,6,,013790,稲垣　裕之,,,京　都,S1,S1,両,106.15,0,0,6,4,0
rBl6u-PQCfnEApS7lfmOv7Oji3riZfc9-5QpbvQPcxu9yGeFOy61ioHnKhZ0sT2P,20240304,向日町,12,F1,Ｓ級初日特選,base_color_7_bk,base_color_7,7,,015096,大石　剣士,,,静　岡,S1,S1,逃,107.16,7,2,1,0,15
pjpbN8xQZYQT1-bYupLW55QKrrN69j41_35ToFGQ_KMi8dP9L2pGTGYNfzeNJzdl,20240304,小田原,1,F2,Ａ級予選,base_color_1_bk,base_color_1,1,,015331,宇佐見優介,,,福　島,A1,A1,追,88.50,0,0,3,4,0
pjpbN8xQZYQT1-bYupLW55QKrrN69j41_35ToFGQ_KMi8dP9L2pGTGYNfzeNJzdl,20240304,小田原,1,F2,Ａ級予選,base_color_2_bk,base_color_2,2,,013285,吉川　悟,,,大　阪,A2,A2,追,81.04,0,0,1,0,0
pjpbN8xQZYQT1-bYupLW55QKrrN69j41_35ToFGQ_KMi8dP9L2pGTGYNfzeNJzdl,20240304,小田原,1,F2,Ａ級予選,base_color_3_bk,base_color_3,3,,012879,石井　毅,color_blue,追加,神奈川,A2,A2,追,83.62,0,0,1,3,0
pjpbN8xQZYQT1-bYupLW55QKrrN69j41_35ToFGQ_KMi8dP9L2pGTGYNfzeNJzdl,20240304,小田原,1,F2,Ａ級予選,base_color_4_bk,base_color_4,4,,014841,井上　将志,,,兵　庫,A1,A2,両,83.10,1,2,2,1,5
pjpbN8xQZYQT1-bYupLW55QKrrN69j41_35ToFGQ_KMi8dP9L2pGTGYNfzeNJzdl,20240304,小田原,1,F2,Ａ級予選,base_color_5_bk,base_color_5,5,,015332,鈴木　涼介,,,福　島,A1,A1,逃,86.74,11,1,1,0,21
pjpbN8xQZYQT1-bYupLW55QKrrN69j41_35ToFGQ_KMi8dP9L2pGTGYNfzeNJzdl,20240304,小田原,1,F2,Ａ級予選,base_color_6_bk,base_color_6,6,,012717,伊藤　一貴,,,栃　木,A2,A2,追,80.33,0,0,1,2,0
pjpbN8xQZYQT1-bYupLW55QKrrN69j41_35ToFGQ_KMi8dP9L2pGTGYNfzeNJzdl,20240304,小田原,1,F2,Ａ級予選,base_color_7_bk,base_color_7,7,,013641,竹内　一暢,,,滋　賀,A1,A1,追,86.56,0,0,5,2,0
pjpbN8xQZYQT1-bYupLW5446hiQ0eUji36ozV6FVCUliWXZOpLigR-banDWQ0jDr,20240304,小田原,2,F2,Ａ級予選,base_color_1_bk,base_color_1,1,,011993,深井　高志,,,東　京,A2,A2,追,80.42,0,0,2,0,0
pjpbN8xQZYQT1-bYupLW5446hiQ0eUji36ozV6FVCUliWXZOpLigR-banDWQ0jDr,20240304,小田原,2,F2,Ａ級予選,base_color_2_bk,base_color_2,2,,014530,栗田　雄矢,,,静　岡,A1,A2,追,87.66,0,1,6,1,0
pjpbN8xQZYQT1-bYupLW5446hiQ0eUji36ozV6FVCUliWXZOpLigR-banDWQ0jDr,20240304,小田原,2,F2,Ａ級予選,base_color_3_bk,base_color_3,3,,014166,倉野隆太郎,color_blue,追加,三　重,A2,A1,両,84.20,0,0,3,2,0
pjpbN8xQZYQT1-bYupLW5446hiQ0eUji36ozV6FVCUliWXZOpLigR-banDWQ0jDr,20240304,小田原,2,F2,Ａ級予選,base_color_4_bk,base_color_4,4,,014586,近藤　寛央,,,東　京,A2,A1,追,88.77,0,0,3,3,0
pjpbN8xQZYQT1-bYupLW5446hiQ0eUji36ozV6FVCUliWXZOpLigR-banDWQ0jDr,20240304,小田原,2,F2,Ａ級予選,base_color_5_bk,base_color_5,5,,014226,大畑　裕貴,,,埼　玉,A1,A2,両,82.00,2,0,1,1,4
pjpbN8xQZYQT1-bYupLW5446hiQ0eUji36ozV6FVCUliWXZOpLigR-banDWQ0jDr,20240304,小田原,2,F2,Ａ級予選,base_color_6_bk,base_color_6,6,,012597,塚本　貴雄,,,岐　阜,A2,A2,追,79.57,0,0,1,0,0
pjpbN8xQZYQT1-bYupLW5446hiQ0eUji36ozV6FVCUliWXZOpLigR-banDWQ0jDr,20240304,小田原,2,F2,Ａ級予選,base_color_7_bk,base_color_7,7,,014303,小川　達也,,,静　岡,A2,A2,逃,82.51,2,1,1,0,10
pjpbN8xQZYQT1-bYupLW55oAfXdMD6_IyL1NXx3vhJUuIhdkpFrNNlLKSiqW4-AC,20240304,小田原,3,F2,Ａ級予選,base_color_1_bk,base_color_1,1,,012708,野木　義規,,,北海道,A1,A2,追,85.39,0,0,7,0,0
pjpbN8xQZYQT1-bYupLW55oAfXdMD6_IyL1NXx3vhJUuIhdkpFrNNlLKSiqW4-AC,20240304,小田原,3,F2,Ａ級予選,base_color_2_bk,base_color_2,2,,014476,乾　庄平,,,滋　賀,A2,A2,追,82.79,0,0,3,1,0
pjpbN8xQZYQT1-bYupLW55oAfXdMD6_IyL1NXx3vhJUuIhdkpFrNNlLKSiqW4-AC,20240304,小田原,3,F2,Ａ級予選,base_color_3_bk,base_color_3,3,,012417,須藤　直道,,,群　馬,A1,A1,追,89.40,0,0,9,4,0
pjpbN8xQZYQT1-bYupLW55oAfXdMD6_IyL1NXx3vhJUuIhdkpFrNNlLKSiqW4-AC,20240304,小田原,3,F2,Ａ級予選,base_color_4_bk,base_color_4,4,,013763,川上真二郎,,,新　潟,A2,A2,追,82.45,0,0,0,1,0
pjpbN8xQZYQT1-bYupLW55oAfXdMD6_IyL1NXx3vhJUuIhdkpFrNNlLKSiqW4-AC,20240304,小田原,3,F2,Ａ級予選,base_color_5_bk,base_color_5,5,,014153,伊藤　太一,,,山　梨,A2,A2,追,84.69,2,0,3,1,3
pjpbN8xQZYQT1-bYupLW55oAfXdMD6_IyL1NXx3vhJUuIhdkpFrNNlLKSiqW4-AC,20240304,小田原,3,F2,Ａ級予選,base_color_6_bk,base_color_6,6,,012532,西郷　剛,,,兵　庫,A2,A2,追,79.37,0,0,0,0,0
pjpbN8xQZYQT1-bYupLW55oAfXdMD6_IyL1NXx3vhJUuIhdkpFrNNlLKSiqW4-AC,20240304,小田原,3,F2,Ａ級予選,base_color_7_bk,base_color_7,7,,015159,坂本　拓也,,,福　島,A1,A1,両,86.55,4,2,2,0,9
pjpbN8xQZYQT1-bYupLW5yJMst6sm7NoYqSzL2uVBjbVYuzansrIE6tQ3KVjpgo3,20240304,小田原,4,F2,Ａ級予選,base_color_1_bk,base_color_1,1,,015045,大関　祐也,,,千　葉,A2,A2,逃,81.44,3,2,0,0,11
pjpbN8xQZYQT1-bYupLW5yJMst6sm7NoYqSzL2uVBjbVYuzansrIE6tQ3KVjpgo3,20240304,小田原,4,F2,Ａ級予選,base_color_2_bk,base_color_2,2,,013951,永井　清史,,,岐　阜,A1,A2,両,83.94,1,0,2,1,1
pjpbN8xQZYQT1-bYupLW5yJMst6sm7NoYqSzL2uVBjbVYuzansrIE6tQ3KVjpgo3,20240304,小田原,4,F2,Ａ級予選,base_color_3_bk,base_color_3,3,,013311,根本　雄紀,,,茨　城,A2,A2,追,82.00,0,0,1,0,0
pjpbN8xQZYQT1-bYupLW5yJMst6sm7NoYqSzL2uVBjbVYuzansrIE6tQ3KVjpgo3,20240304,小田原,4,F2,Ａ級予選,base_color_4_bk,base_color_4,4,,014464,中西　司,,,神奈川,A2,A1,追,84.87,0,0,4,2,0
pjpbN8xQZYQT1-bYupLW5yJMst6sm7NoYqSzL2uVBjbVYuzansrIE6tQ3KVjpgo3,20240304,小田原,4,F2,Ａ級予選,base_color_5_bk,base_color_5,5,,013571,小林　信晴,,,愛　知,A1,A1,追,87.58,0,0,3,3,1
pjpbN8xQZYQT1-bYupLW5yJMst6sm7NoYqSzL2uVBjbVYuzansrIE6tQ3KVjpgo3,20240304,小田原,4,F2,Ａ級予選,base_color_6_bk,base_color_6,6,,014654,舘　真成,,,茨　城,A2,A2,両,79.14,2,0,0,1,3
pjpbN8xQZYQT1-bYupLW5yJMst6sm7NoYqSzL2uVBjbVYuzansrIE6tQ3KVjpgo3,20240304,小田原,4,F2,Ａ級予選,base_color_7_bk,base_color_7,7,,012590,山崎　敦雄,color_blue,追加,静　岡,A1,A1,追,83.21,0,0,1,0,0
pjpbN8xQZYQT1-bYupLW56IwqtRb0rqSkdwWzpLjwKKkGHQEO88WGihLU9wFInpI,20240304,小田原,5,F2,Ａ級予選,base_color_1_bk,base_color_1,1,,015054,谷本　奨輝,,,富　山,A2,A1,両,83.08,2,0,2,1,10
pjpbN8xQZYQT1-bYupLW56IwqtRb0rqSkdwWzpLjwKKkGHQEO88WGihLU9wFInpI,20240304,小田原,5,F2,Ａ級予選,base_color_2_bk,base_color_2,2,,013834,平石　浩之,,,茨　城,A2,A1,追,84.15,0,0,2,3,0
pjpbN8xQZYQT1-bYupLW56IwqtRb0rqSkdwWzpLjwKKkGHQEO88WGihLU9wFInpI,20240304,小田原,5,F2,Ａ級予選,base_color_3_bk,base_color_3,3,,012883,大沼　孝行,color_blue,追加,静　岡,A2,A2,逃,80.34,3,1,1,0,5
pjpbN8xQZYQT1-bYupLW56IwqtRb0rqSkdwWzpLjwKKkGHQEO88WGihLU9wFInpI,20240304,小田原,5,F2,Ａ級予選,base_color_4_bk,base_color_4,4,,014818,田口　裕一,,,千　葉,A2,A1,追,86.33,0,0,3,0,0
pjpbN8xQZYQT1-bYupLW56IwqtRb0rqSkdwWzpLjwKKkGHQEO88WGihLU9wFInpI,20240304,小田原,5,F2,Ａ級予選,base_color_5_bk,base_color_5,5,,012679,坂上　忠克,,,石　川,A1,A1,追,90.14,0,0,3,3,0
pjpbN8xQZYQT1-bYupLW56IwqtRb0rqSkdwWzpLjwKKkGHQEO88WGihLU9wFInpI,20240304,小田原,5,F2,Ａ級予選,base_color_6_bk,base_color_6,6,,014821,原岡泰志郎,,,千　葉,A1,A2,両,79.88,0,0,0,0,0
pjpbN8xQZYQT1-bYupLW56IwqtRb0rqSkdwWzpLjwKKkGHQEO88WGihLU9wFInpI,20240304,小田原,5,F2,Ａ級予選,base_color_7_bk,base_color_7,7,,014578,大越　啓介,,,栃　木,A2,A2,両,84.17,0,1,2,2,1
pjpbN8xQZYQT1-bYupLW5zo70Fh5md46yASSV1rUDWvDc5fz3zPyrKbLc8w7a0ia,20240304,小田原,6,F2,Ａ級予選,base_color_1_bk,base_color_1,1,,015531,深瀬　泰我,,,静　岡,A1,A1,逃,87.25,3,7,0,0,9
pjpbN8xQZYQT1-bYupLW5zo70Fh5md46yASSV1rUDWvDc5fz3zPyrKbLc8w7a0ia,20240304,小田原,6,F2,Ａ級予選,base_color_2_bk,base_color_2,2,,014347,外崎　一成,,,北海道,A2,A2,追,82.04,0,0,3,0,1
pjpbN8xQZYQT1-bYupLW5zo70Fh5md46yASSV1rUDWvDc5fz3zPyrKbLc8w7a0ia,20240304,小田原,6,F2,Ａ級予選,base_color_3_bk,base_color_3,3,,013638,村上　卓茂,,,愛　知,A1,A2,追,86.08,0,0,2,3,0
pjpbN8xQZYQT1-bYupLW5zo70Fh5md46yASSV1rUDWvDc5fz3zPyrKbLc8w7a0ia,20240304,小田原,6,F2,Ａ級予選,base_color_4_bk,base_color_4,4,,014520,伊藤　彰規,,,神奈川,A1,A2,両,87.20,0,0,6,0,0
pjpbN8xQZYQT1-bYupLW5zo70Fh5md46yASSV1rUDWvDc5fz3zPyrKbLc8w7a0ia,20240304,小田原,6,F2,Ａ級予選,base_color_5_bk,base_color_5,5,,012882,鈴木　愼二,,,神奈川,A2,A2,追,82.33,0,0,0,0,0
pjpbN8xQZYQT1-bYupLW5zo70Fh5md46yASSV1rUDWvDc5fz3zPyrKbLc8w7a0ia,20240304,小田原,6,F2,Ａ級予選,base_color_6_bk,base_color_6,6,,015360,勝谷　勝治,,,三　重,A2,A1,逃,81.09,1,1,0,1,9
pjpbN8xQZYQT1-bYupLW5zo70Fh5md46yASSV1rUDWvDc5fz3zPyrKbLc8w7a0ia,20240304,小田原,6,F2,Ａ級予選,base_color_7_bk,base_color_7,7,,014575,鈴木　達也,,,福　島,A2,A2,追,82.83,0,1,2,0,1
pjpbN8xQZYQT1-bYupLW57BqY772qThTGknXM8bn4dEBhyIStenZgF8YiUvAuRM-,20240304,小田原,7,F2,Ａ級初日特選,base_color_1_bk,base_color_1,1,,015115,堀　僚介,,,大　阪,A1,A1,逃,92.61,1,8,3,2,6
pjpbN8xQZYQT1-bYupLW57BqY772qThTGknXM8bn4dEBhyIStenZgF8YiUvAuRM-,20240304,小田原,7,F2,Ａ級初日特選,base_color_2_bk,base_color_2,2,,014591,本多　哲也,,,千　葉,S2,A1,逃,91.40,2,3,0,0,8
pjpbN8xQZYQT1-bYupLW57BqY772qThTGknXM8bn4dEBhyIStenZgF8YiUvAuRM-,20240304,小田原,7,F2,Ａ級初日特選,base_color_3_bk,base_color_3,3,,015536,疋田　力也,,,愛　知,A1,A1,両,92.71,3,3,1,1,8
pjpbN8xQZYQT1-bYupLW57BqY772qThTGknXM8bn4dEBhyIStenZgF8YiUvAuRM-,20240304,小田原,7,F2,Ａ級初日特選,base_color_4_bk,base_color_4,4,,015428,藤田　周磨,,,埼　玉,S2,A1,逃,95.00,6,6,1,0,11
pjpbN8xQZYQT1-bYupLW57BqY772qThTGknXM8bn4dEBhyIStenZgF8YiUvAuRM-,20240304,小田原,7,F2,Ａ級初日特選,base_color_5_bk,base_color_5,5,,012889,丸山　啓一,,,静　岡,S2,A1,追,91.70,0,0,3,2,0
pjpbN8xQZYQT1-bYupLW57BqY772qThTGknXM8bn4dEBhyIStenZgF8YiUvAuRM-,20240304,小田原,7,F2,Ａ級初日特選,base_color_6_bk,base_color_6,6,,014390,愛敬　博之,,,愛　知,S2,A1,追,90.80,0,0,1,4,0
pjpbN8xQZYQT1-bYupLW57BqY772qThTGknXM8bn4dEBhyIStenZgF8YiUvAuRM-,20240304,小田原,7,F2,Ａ級初日特選,base_color_7_bk,base_color_7,7,,013879,伊豆田浩人,,,神奈川,S2,A1,追,92.56,0,0,1,5,0
4YDG_8c_ujN7jm5c2eSyjYjGosS2gNY1VSoEt_ECe1r_iD7_x968Mn-bEm4Zy0SR,20240304,名古屋,1,F2,Ｌ級ガールズ一般,base_color_1_bk,base_color_1,1,,015675,渡邉　栞奈,,,静　岡,L1,L1,両,49.13,0,0,1,0,0
4YDG_8c_ujN7jm5c2eSyjYjGosS2gNY1VSoEt_ECe1r_iD7_x968Mn-bEm4Zy0SR,20240304,名古屋,1,F2,Ｌ級ガールズ一般,base_color_2_bk,base_color_2,2,,015489,保立　沙織,,,神奈川,L1,L1,両,48.66,2,0,0,1,4
4YDG_8c_ujN7jm5c2eSyjYjGosS2gNY1VSoEt_ECe1r_iD7_x968Mn-bEm4Zy0SR,20240304,名古屋,1,F2,Ｌ級ガールズ一般,base_color_3_bk,base_color_3,3,,015761,吉村美有紀,,,静　岡,L1,L1,両,48.61,0,1,1,1,1
4YDG_8c_ujN7jm5c2eSyjYjGosS2gNY1VSoEt_ECe1r_iD7_x968Mn-bEm4Zy0SR,20240304,名古屋,1,F2,Ｌ級ガールズ一般,base_color_4_bk,base_color_4,4,,015393,佐々木　綾,,,福　島,L1,L1,両,48.14,0,0,0,1,2
4YDG_8c_ujN7jm5c2eSyjYjGosS2gNY1VSoEt_ECe1r_iD7_x968Mn-bEm4Zy0SR,20240304,名古屋,1,F2,Ｌ級ガールズ一般,base_color_5_bk,base_color_5,5,,015496,布居　光,,,和歌山,L1,L1,両,46.90,2,1,0,1,5
4YDG_8c_ujN7jm5c2eSyjYjGosS2gNY1VSoEt_ECe1r_iD7_x968Mn-bEm4Zy0SR,20240304,名古屋,1,F2,Ｌ級ガールズ一般,base_color_6_bk,base_color_6,6,,015759,星野　しほ,,,東　京,L1,L1,両,45.66,0,0,0,0,0
4YDG_8c_ujN7jm5c2eSyjYjGosS2gNY1VSoEt_ECe1r_iD7_x968Mn-bEm4Zy0SR,20240304,名古屋,1,F2,Ｌ級ガールズ一般,base_color_7_bk,base_color_7,7,,014897,岡村　育子,,,埼　玉,L1,L1,両,44.68,0,0,0,0,0
4YDG_8c_ujN7jm5c2eSyje2Zte1tp8dLlQA_NtOsw1rBflWeXmPwTDs9BRmO6IoF,20240304,名古屋,2,F2,Ａ級一般,base_color_1_bk,base_color_1,1,,013645,川木　敬大,,,兵　庫,A2,A2,追,84.90,0,0,1,3,0
4YDG_8c_ujN7jm5c2eSyje2Zte1tp8dLlQA_NtOsw1rBflWeXmPwTDs9BRmO6IoF,20240304,名古屋,2,F2,Ａ級一般,base_color_2_bk,base_color_2,2,,014316,山崎　光展,,,京　都,A1,A1,両,84.69,0,4,0,2,2
4YDG_8c_ujN7jm5c2eSyje2Zte1tp8dLlQA_NtOsw1rBflWeXmPwTDs9BRmO6IoF,20240304,名古屋,2,F2,Ａ級一般,base_color_3_bk,base_color_3,3,,013668,佐々木孝司,,,青　森,A2,A2,逃,84.04,6,1,0,0,9
4YDG_8c_ujN7jm5c2eSyje2Zte1tp8dLlQA_NtOsw1rBflWeXmPwTDs9BRmO6IoF,20240304,名古屋,2,F2,Ａ級一般,base_color_4_bk,base_color_4,4,,014061,塚本　和宏,,,栃　木,A2,A2,追,82.83,0,0,1,1,0
4YDG_8c_ujN7jm5c2eSyje2Zte1tp8dLlQA_NtOsw1rBflWeXmPwTDs9BRmO6IoF,20240304,名古屋,2,F2,Ａ級一般,base_color_5_bk,base_color_5,5,,014934,渋谷　錬,,,神奈川,A1,A2,追,80.08,0,0,0,0,0
4YDG_8c_ujN7jm5c2eSyje2Zte1tp8dLlQA_NtOsw1rBflWeXmPwTDs9BRmO6IoF,20240304,名古屋,2,F2,Ａ級一般,base_color_6_bk,base_color_6,6,,011821,中川　博文,color_blue,追加,福　井,A2,A2,追,77.85,0,0,0,0,0
4YDG_8c_ujN7jm5c2eSyje2Zte1tp8dLlQA_NtOsw1rBflWeXmPwTDs9BRmO6IoF,20240304,名古屋,2,F2,Ａ級一般,base_color_7_bk,base_color_7,7,,013331,橋本　大祐,,,岐　阜,A3,A2,追,75.85,0,2,1,1,2
4YDG_8c_ujN7jm5c2eSyjWRF6UtBcUPDKaEUWaVWxJp5qsXI4sLKl9-S9WL1FIfb,20240304,名古屋,3,F2,Ａ級一般,base_color_1_bk,base_color_1,1,,014980,田原　宥明,,,北海道,A2,A1,両,84.00,0,3,2,1,4
4YDG_8c_ujN7jm5c2eSyjWRF6UtBcUPDKaEUWaVWxJp5qsXI4sLKl9-S9WL1FIfb,20240304,名古屋,3,F2,Ａ級一般,base_color_2_bk,base_color_2,2,,013110,法月　成祐,,,神奈川,A2,A2,追,83.77,0,0,2,2,0
4YDG_8c_ujN7jm5c2eSyjWRF6UtBcUPDKaEUWaVWxJp5qsXI4sLKl9-S9WL1FIfb,20240304,名古屋,3,F2,Ａ級一般,base_color_3_bk,base_color_3,3,,010900,三浦　靖,,,岐　阜,A2,A2,追,81.13,0,0,0,0,0
4YDG_8c_ujN7jm5c2eSyjWRF6UtBcUPDKaEUWaVWxJp5qsXI4sLKl9-S9WL1FIfb,20240304,名古屋,3,F2,Ａ級一般,base_color_4_bk,base_color_4,4,,014596,中村　賢二,color_blue,追加,愛　知,A2,A2,両,80.48,0,0,2,3,0
4YDG_8c_ujN7jm5c2eSyjWRF6UtBcUPDKaEUWaVWxJp5qsXI4sLKl9-S9WL1FIfb,20240304,名古屋,3,F2,Ａ級一般,base_color_5_bk,base_color_5,5,,012290,小西　芳樹,,,大　阪,A2,A2,追,79.16,0,0,0,0,0
4YDG_8c_ujN7jm5c2eSyjWRF6UtBcUPDKaEUWaVWxJp5qsXI4sLKl9-S9WL1FIfb,20240304,名古屋,3,F2,Ａ級一般,base_color_6_bk,base_color_6,6,,014678,樋口有樹郎,,,兵　庫,A3,A2,両,76.80,1,1,4,2,2
4YDG_8c_ujN7jm5c2eSyjWRF6UtBcUPDKaEUWaVWxJp5qsXI4sLKl9-S9WL1FIfb,20240304,名古屋,3,F2,Ａ級一般,base_color_7_bk,base_color_7,7,,014027,臼井　昌巨,,,愛　知,A3,A2,両,75.10,4,1,0,1,5
4YDG_8c_ujN7jm5c2eSyjU07bhx9vCUKwC_2mULhiNihC02Mi4TS-6Ola9tZ6BWg,20240304,名古屋,4,F2,Ａ級一般,base_color_1_bk,base_color_1,1,,015635,藤岡　徹也,,,兵　庫,A2,A2,逃,86.53,1,2,2,1,3
4YDG_8c_ujN7jm5c2eSyjU07bhx9vCUKwC_2mULhiNihC02Mi4TS-6Ola9tZ6BWg,20240304,名古屋,4,F2,Ａ級一般,base_color_2_bk,base_color_2,2,,012646,大澤　裕之,,,埼　玉,A3,A2,追,83.83,0,0,0,0,0
4YDG_8c_ujN7jm5c2eSyjU07bhx9vCUKwC_2mULhiNihC02Mi4TS-6Ola9tZ6BWg,20240304,名古屋,4,F2,Ａ級一般,base_color_3_bk,base_color_3,3,,014402,泉谷　直哉,color_blue,追加,兵　庫,A3,A1,追,83.10,0,1,14,1,0
4YDG_8c_ujN7jm5c2eSyjU07bhx9vCUKwC_2mULhiNihC02Mi4TS-6Ola9tZ6BWg,20240304,名古屋,4,F2,Ａ級一般,base_color_4_bk,base_color_4,4,,013957,堂村　知哉,,,福　井,A2,A2,追,81.85,0,0,1,4,0
4YDG_8c_ujN7jm5c2eSyjU07bhx9vCUKwC_2mULhiNihC02Mi4TS-6Ola9tZ6BWg,20240304,名古屋,4,F2,Ａ級一般,base_color_5_bk,base_color_5,5,,015257,舟山　佑京,,,新　潟,A2,A2,逃,81.42,3,2,1,0,9
4YDG_8c_ujN7jm5c2eSyjU07bhx9vCUKwC_2mULhiNihC02Mi4TS-6Ola9tZ6BWg,20240304,名古屋,4,F2,Ａ級一般,base_color_6_bk,base_color_6,6,,013989,大泉　英則,,,宮　城,A2,A2,追,79.96,0,0,2,2,0
4YDG_8c_ujN7jm5c2eSyjU07bhx9vCUKwC_2mULhiNihC02Mi4TS-6Ola9tZ6BWg,20240304,名古屋,4,F2,Ａ級一般,base_color_7_bk,base_color_7,7,,011803,植田　誠,,,静　岡,A3,A2,追,77.39,0,0,0,2,0
4YDG_8c_ujN7jm5c2eSyjYTL6qdg9fW3de5Q3PitlNGpa1ifD0s0BOY964Dz-pUJ,20240304,名古屋,5,F2,Ａ級特選,base_color_1_bk,base_color_1,1,,013121,山田　晃久,,,石　川,A1,A1,追,90.76,0,0,7,1,0
4YDG_8c_ujN7jm5c2eSyjYTL6qdg9fW3de5Q3PitlNGpa1ifD0s0BOY964Dz-pUJ,20240304,名古屋,5,F2,Ａ級特選,base_color_2_bk,base_color_2,2,,013976,明田　春喜,,,北海道,A1,A1,追,87.92,0,0,9,3,0
4YDG_8c_ujN7jm5c2eSyjYTL6qdg9fW3de5Q3PitlNGpa1ifD0s0BOY964Dz-pUJ,20240304,名古屋,5,F2,Ａ級特選,base_color_3_bk,base_color_3,3,,015237,太田　将成,,,宮　城,A1,A1,逃,86.14,0,8,2,1,0
4YDG_8c_ujN7jm5c2eSyjYTL6qdg9fW3de5Q3PitlNGpa1ifD0s0BOY964Dz-pUJ,20240304,名古屋,5,F2,Ａ級特選,base_color_4_bk,base_color_4,4,,014869,泉谷　元樹,,,愛　知,A3,A1,逃,84.91,8,3,2,0,18
4YDG_8c_ujN7jm5c2eSyjYTL6qdg9fW3de5Q3PitlNGpa1ifD0s0BOY964Dz-pUJ,20240304,名古屋,5,F2,Ａ級特選,base_color_5_bk,base_color_5,5,,013246,山崎　充央,,,東　京,A1,A1,追,83.33,0,0,1,0,0
4YDG_8c_ujN7jm5c2eSyjYTL6qdg9fW3de5Q3PitlNGpa1ifD0s0BOY964Dz-pUJ,20240304,名古屋,5,F2,Ａ級特選,base_color_6_bk,base_color_6,6,,013826,田原　大広,,,北海道,A2,A2,両,83.05,0,0,2,3,0
4YDG_8c_ujN7jm5c2eSyjYTL6qdg9fW3de5Q3PitlNGpa1ifD0s0BOY964Dz-pUJ,20240304,名古屋,5,F2,Ａ級特選,base_color_7_bk,base_color_7,7,,012966,石川　英昭,,,静　岡,A2,A2,追,78.19,0,0,1,0,0
4YDG_8c_ujN7jm5c2eSyjYqdlUjmSRVvMb-aSy6l2vL3zTJwBpqucvVlQbP7f5uT,20240304,名古屋,6,F2,Ａ級特選,base_color_1_bk,base_color_1,1,,015250,今井　聡,,,東　京,S2,A1,両,94.45,0,0,1,0,0
4YDG_8c_ujN7jm5c2eSyjYqdlUjmSRVvMb-aSy6l2vL3zTJwBpqucvVlQbP7f5uT,20240304,名古屋,6,F2,Ａ級特選,base_color_2_bk,base_color_2,2,,012963,荻野　哲,,,神奈川,A1,A1,追,87.64,0,0,2,6,0
4YDG_8c_ujN7jm5c2eSyjYqdlUjmSRVvMb-aSy6l2vL3zTJwBpqucvVlQbP7f5uT,20240304,名古屋,6,F2,Ａ級特選,base_color_3_bk,base_color_3,3,,013616,渡邉　高志,,,栃　木,A1,A1,追,86.83,2,0,4,2,2
4YDG_8c_ujN7jm5c2eSyjYqdlUjmSRVvMb-aSy6l2vL3zTJwBpqucvVlQbP7f5uT,20240304,名古屋,6,F2,Ａ級特選,base_color_4_bk,base_color_4,4,,014699,小川　大地,color_blue,補充,愛　知,A2,A1,追,85.70,0,0,2,2,0
4YDG_8c_ujN7jm5c2eSyjYqdlUjmSRVvMb-aSy6l2vL3zTJwBpqucvVlQbP7f5uT,20240304,名古屋,6,F2,Ａ級特選,base_color_5_bk,base_color_5,5,,015112,日浦　崇道,,,和歌山,A3,A2,逃,83.00,6,2,0,2,8
4YDG_8c_ujN7jm5c2eSyjYqdlUjmSRVvMb-aSy6l2vL3zTJwBpqucvVlQbP7f5uT,20240304,名古屋,6,F2,Ａ級特選,base_color_6_bk,base_color_6,6,,015177,森川　康輔,,,岐　阜,A1,A1,逃,82.33,1,4,1,0,1
4YDG_8c_ujN7jm5c2eSyjYqdlUjmSRVvMb-aSy6l2vL3zTJwBpqucvVlQbP7f5uT,20240304,名古屋,6,F2,Ａ級特選,base_color_7_bk,base_color_7,7,,014755,奥出健士郎,,,福　井,A3,A2,両,80.90,1,6,5,2,2
4YDG_8c_ujN7jm5c2eSyjX508eXoKyJsuqwNnbh6tede7DKSytvCoL_k76pbpSip,20240304,名古屋,7,F2,Ａ級特選,base_color_1_bk,base_color_1,1,,013775,鈴木　良太,,,静　岡,S2,A1,追,91.72,0,0,2,5,0
4YDG_8c_ujN7jm5c2eSyjX508eXoKyJsuqwNnbh6tede7DKSytvCoL_k76pbpSip,20240304,名古屋,7,F2,Ａ級特選,base_color_2_bk,base_color_2,2,,015007,岸川　哲也,,,大　阪,A1,A1,両,87.83,1,4,1,1,4
4YDG_8c_ujN7jm5c2eSyjX508eXoKyJsuqwNnbh6tede7DKSytvCoL_k76pbpSip,20240304,名古屋,7,F2,Ａ級特選,base_color_3_bk,base_color_3,3,,013042,渡邊　健,,,愛　知,A2,A1,追,86.66,0,0,3,0,0
4YDG_8c_ujN7jm5c2eSyjX508eXoKyJsuqwNnbh6tede7DKSytvCoL_k76pbpSip,20240304,名古屋,7,F2,Ａ級特選,base_color_4_bk,base_color_4,4,,014091,伊原　弘幸,,,福　井,A1,A1,追,86.15,0,0,2,3,0
4YDG_8c_ujN7jm5c2eSyjX508eXoKyJsuqwNnbh6tede7DKSytvCoL_k76pbpSip,20240304,名古屋,7,F2,Ａ級特選,base_color_5_bk,base_color_5,5,,013263,田中　雅史,,,愛　知,A1,A2,追,84.95,1,1,2,4,1
4YDG_8c_ujN7jm5c2eSyjX508eXoKyJsuqwNnbh6tede7DKSytvCoL_k76pbpSip,20240304,名古屋,7,F2,Ａ級特選,base_color_6_bk,base_color_6,6,,015265,井田　晶之,color_blue,追加,三　重,A1,A2,逃,82.87,2,1,1,0,12
4YDG_8c_ujN7jm5c2eSyjX508eXoKyJsuqwNnbh6tede7DKSytvCoL_k76pbpSip,20240304,名古屋,7,F2,Ａ級特選,base_color_7_bk,base_color_7,7,,014243,齊藤　健人,color_blue,追加,静　岡,A2,A2,両,81.84,2,1,1,0,14
4YDG_8c_ujN7jm5c2eSyjetbTdUyiq_nJ-kC1GzZWcCRG2Z0xUU9EHOme38UxPVp,20240304,名古屋,8,F2,Ｌ級ガールズ決勝,base_color_1_bk,base_color_1,1,,014963,石井　寛子,,,東　京,L1,L1,両,57.22,0,9,9,0,2
4YDG_8c_ujN7jm5c2eSyjetbTdUyiq_nJ-kC1GzZWcCRG2Z0xUU9EHOme38UxPVp,20240304,名古屋,8,F2,Ｌ級ガールズ決勝,base_color_2_bk,base_color_2,2,,015225,坂口　楓華,,,愛　知,L1,L1,両,57.15,4,13,0,0,15
4YDG_8c_ujN7jm5c2eSyjetbTdUyiq_nJ-kC1GzZWcCRG2Z0xUU9EHOme38UxPVp,20240304,名古屋,8,F2,Ｌ級ガールズ決勝,base_color_3_bk,base_color_3,3,,015018,高橋　梨香,,,埼　玉,L1,L1,両,54.09,3,3,2,4,4
4YDG_8c_ujN7jm5c2eSyjetbTdUyiq_nJ-kC1GzZWcCRG2Z0xUU9EHOme38UxPVp,20240304,名古屋,8,F2,Ｌ級ガールズ決勝,base_color_4_bk,base_color_4,4,,015493,増田　夕華,,,岐　阜,L1,L1,両,53.23,0,1,4,4,4
4YDG_8c_ujN7jm5c2eSyjetbTdUyiq_nJ-kC1GzZWcCRG2Z0xUU9EHOme38UxPVp,20240304,名古屋,8,F2,Ｌ級ガールズ決勝,base_color_5_bk,base_color_5,5,,015491,當銘沙恵美,,,愛　知,L1,L1,両,53.00,4,1,2,3,6
4YDG_8c_ujN7jm5c2eSyjetbTdUyiq_nJ-kC1GzZWcCRG2Z0xUU9EHOme38UxPVp,20240304,名古屋,8,F2,Ｌ級ガールズ決勝,base_color_6_bk,base_color_6,6,,014966,田中　まい,,,千　葉,L1,L1,両,53.00,4,1,0,2,3
4YDG_8c_ujN7jm5c2eSyjetbTdUyiq_nJ-kC1GzZWcCRG2Z0xUU9EHOme38UxPVp,20240304,名古屋,8,F2,Ｌ級ガールズ決勝,base_color_7_bk,base_color_7,7,,015490,杉浦　菜留,,,愛　知,L1,L1,両,51.33,0,3,2,1,2
4YDG_8c_ujN7jm5c2eSyjYIO99bNHfQkKUNAlUVMmOqmnaJ0RygoNMdcHF8JYEGY,20240304,名古屋,9,F2,Ａ級決勝,base_color_1_bk,base_color_1,1,,015540,徳田　匠,,,京　都,A1,A1,逃,94.00,9,2,1,1,10
4YDG_8c_ujN7jm5c2eSyjYIO99bNHfQkKUNAlUVMmOqmnaJ0RygoNMdcHF8JYEGY,20240304,名古屋,9,F2,Ａ級決勝,base_color_2_bk,base_color_2,2,,014457,北野　良栄,,,愛　知,A1,A1,両,92.16,1,2,5,2,5
4YDG_8c_ujN7jm5c2eSyjYIO99bNHfQkKUNAlUVMmOqmnaJ0RygoNMdcHF8JYEGY,20240304,名古屋,9,F2,Ａ級決勝,base_color_3_bk,base_color_3,3,,014460,矢口　大樹,,,千　葉,S2,A1,逃,91.11,3,3,0,0,6
4YDG_8c_ujN7jm5c2eSyjYIO99bNHfQkKUNAlUVMmOqmnaJ0RygoNMdcHF8JYEGY,20240304,名古屋,9,F2,Ａ級決勝,base_color_4_bk,base_color_4,4,,014176,笹倉　慎也,,,富　山,S2,A1,追,90.94,0,0,3,1,0
4YDG_8c_ujN7jm5c2eSyjYIO99bNHfQkKUNAlUVMmOqmnaJ0RygoNMdcHF8JYEGY,20240304,名古屋,9,F2,Ａ級決勝,base_color_5_bk,base_color_5,5,,013551,女屋　文伸,,,埼　玉,A1,A1,追,90.77,0,1,3,0,0
4YDG_8c_ujN7jm5c2eSyjYIO99bNHfQkKUNAlUVMmOqmnaJ0RygoNMdcHF8JYEGY,20240304,名古屋,9,F2,Ａ級決勝,base_color_6_bk,base_color_6,6,,013601,工藤　政志,,,青　森,A1,A1,追,89.54,0,0,7,1,0
4YDG_8c_ujN7jm5c2eSyjYIO99bNHfQkKUNAlUVMmOqmnaJ0RygoNMdcHF8JYEGY,20240304,名古屋,9,F2,Ａ級決勝,base_color_7_bk,base_color_7,7,,014220,山崎　悟,,,茨　城,A1,A1,追,86.58,0,1,3,0,0
YKTV-bUcoDkDA1ygFMkyJg_HpoPh-n-2ZSR4dVR2zG6Bu_Vr0GrCz7ul8JCkl-sT,20240304,福井,1,F2,Ａ級チャレンジ予選,base_color_1_bk,base_color_1,1,,011766,齋藤　明,,,北海道,A3,A3,追,67.82,0,0,2,3,0
YKTV-bUcoDkDA1ygFMkyJg_HpoPh-n-2ZSR4dVR2zG6Bu_Vr0GrCz7ul8JCkl-sT,20240304,福井,1,F2,Ａ級チャレンジ予選,base_color_2_bk,base_color_2,2,,015368,井坂　泰誓,color_blue,追加,大　阪,A1,A3,逃,71.33,0,4,0,0,2
YKTV-bUcoDkDA1ygFMkyJg_HpoPh-n-2ZSR4dVR2zG6Bu_Vr0GrCz7ul8JCkl-sT,20240304,福井,1,F2,Ａ級チャレンジ予選,base_color_3_bk,base_color_3,3,,013847,小林　大能,color_blue,追加,千　葉,A2,A3,両,77.29,0,1,4,6,0
YKTV-bUcoDkDA1ygFMkyJg_HpoPh-n-2ZSR4dVR2zG6Bu_Vr0GrCz7ul8JCkl-sT,20240304,福井,1,F2,Ａ級チャレンジ予選,base_color_4_bk,base_color_4,4,,014011,細沼　健治,,,埼　玉,A3,A3,両,73.80,5,0,5,0,6
YKTV-bUcoDkDA1ygFMkyJg_HpoPh-n-2ZSR4dVR2zG6Bu_Vr0GrCz7ul8JCkl-sT,20240304,福井,1,F2,Ａ級チャレンジ予選,base_color_5_bk,base_color_5,5,,012905,長澤　和光,color_blue,追加,福　井,A3,A3,追,67.35,0,0,1,1,0
YKTV-bUcoDkDA1ygFMkyJg_HpoPh-n-2ZSR4dVR2zG6Bu_Vr0GrCz7ul8JCkl-sT,20240304,福井,1,F2,Ａ級チャレンジ予選,base_color_6_bk,base_color_6,6,,013380,木村　元信,,,青　森,A3,A3,追,64.59,0,0,0,1,0
YKTV-bUcoDkDA1ygFMkyJg_HpoPh-n-2ZSR4dVR2zG6Bu_Vr0GrCz7ul8JCkl-sT,20240304,福井,1,F2,Ａ級チャレンジ予選,base_color_7_bk,base_color_7,7,,013575,渡会　啓介,,,愛　知,A2,A3,追,74.76,0,1,3,4,0
YKTV-bUcoDkDA1ygFMkyJq-lhwm_QbG5EuJBrIEirex_V6Du1Hz5yo9018185TSE,20240304,福井,2,F2,Ａ級チャレンジ予選,base_color_1_bk,base_color_1,1,,013692,佐野多喜男,,,新　潟,A3,A3,追,69.54,0,0,3,2,0
YKTV-bUcoDkDA1ygFMkyJq-lhwm_QbG5EuJBrIEirex_V6Du1Hz5yo9018185TSE,20240304,福井,2,F2,Ａ級チャレンジ予選,base_color_2_bk,base_color_2,2,,012293,辻本　兼市,,,兵　庫,A3,A3,追,68.65,0,0,5,2,0
YKTV-bUcoDkDA1ygFMkyJq-lhwm_QbG5EuJBrIEirex_V6Du1Hz5yo9018185TSE,20240304,福井,2,F2,Ａ級チャレンジ予選,base_color_3_bk,base_color_3,3,,015689,菊地　圭,,,宮　城,A3,A3,逃,77.00,7,1,3,0,9
YKTV-bUcoDkDA1ygFMkyJq-lhwm_QbG5EuJBrIEirex_V6Du1Hz5yo9018185TSE,20240304,福井,2,F2,Ａ級チャレンジ予選,base_color_4_bk,base_color_4,4,,012180,乙川　高徳,,,東　京,A3,A3,追,67.94,0,0,0,3,0
YKTV-bUcoDkDA1ygFMkyJq-lhwm_QbG5EuJBrIEirex_V6Du1Hz5yo9018185TSE,20240304,福井,2,F2,Ａ級チャレンジ予選,base_color_5_bk,base_color_5,5,,012659,北村　匡章,,,静　岡,A3,A3,追,66.89,0,0,1,3,1
YKTV-bUcoDkDA1ygFMkyJq-lhwm_QbG5EuJBrIEirex_V6Du1Hz5yo9018185TSE,20240304,福井,2,F2,Ａ級チャレンジ予選,base_color_6_bk,base_color_6,6,,015367,南　蓮,,,和歌山,A3,A3,逃,65.43,0,0,1,0,2
YKTV-bUcoDkDA1ygFMkyJq-lhwm_QbG5EuJBrIEirex_V6Du1Hz5yo9018185TSE,20240304,福井,2,F2,Ａ級チャレンジ予選,base_color_7_bk,base_color_7,7,,013259,望月　紀男,,,静　岡,A2,A3,追,78.08,0,0,9,3,0
YKTV-bUcoDkDA1ygFMkyJsAiW-KPa5gAhrsfSNPBdcim8UlJNBtKt0zejhbmyzz4,20240304,福井,3,F2,Ａ級チャレンジ予選,base_color_1_bk,base_color_1,1,,013770,宮下　潤,,,神奈川,A3,A3,追,67.72,0,1,1,0,0
YKTV-bUcoDkDA1ygFMkyJsAiW-KPa5gAhrsfSNPBdcim8UlJNBtKt0zejhbmyzz4,20240304,福井,3,F2,Ａ級チャレンジ予選,base_color_2_bk,base_color_2,2,,015160,牧田　賢也,,,福　島,A2,A3,逃,72.72,3,2,0,0,5
YKTV-bUcoDkDA1ygFMkyJsAiW-KPa5gAhrsfSNPBdcim8UlJNBtKt0zejhbmyzz4,20240304,福井,3,F2,Ａ級チャレンジ予選,base_color_3_bk,base_color_3,3,,013680,木村　健司,,,埼　玉,A3,A3,追,75.00,0,0,0,5,0
YKTV-bUcoDkDA1ygFMkyJsAiW-KPa5gAhrsfSNPBdcim8UlJNBtKt0zejhbmyzz4,20240304,福井,3,F2,Ａ級チャレンジ予選,base_color_4_bk,base_color_4,4,,013104,晴山　裕之,,,東　京,A3,A3,追,66.87,0,0,0,2,0
YKTV-bUcoDkDA1ygFMkyJsAiW-KPa5gAhrsfSNPBdcim8UlJNBtKt0zejhbmyzz4,20240304,福井,3,F2,Ａ級チャレンジ予選,base_color_5_bk,base_color_5,5,,014124,石田　宏樹,color_blue,追加,青　森,A2,A3,両,73.27,1,1,4,0,2
YKTV-bUcoDkDA1ygFMkyJsAiW-KPa5gAhrsfSNPBdcim8UlJNBtKt0zejhbmyzz4,20240304,福井,3,F2,Ａ級チャレンジ予選,base_color_6_bk,base_color_6,6,,013032,福間　力,,,神奈川,A3,A3,追,64.55,0,0,0,0,0
YKTV-bUcoDkDA1ygFMkyJsAiW-KPa5gAhrsfSNPBdcim8UlJNBtKt0zejhbmyzz4,20240304,福井,3,F2,Ａ級チャレンジ予選,base_color_7_bk,base_color_7,7,,015693,松田　昂己,,,茨　城,A3,A3,逃,77.09,11,5,0,0,13
YKTV-bUcoDkDA1ygFMkyJuZtfaYkeiA-aRNDUsZUkUJ19TUOJZjNlsjGEwY6g_xA,20240304,福井,4,F2,Ａ級チャレンジ予選,base_color_1_bk,base_color_1,1,,014751,川西　貴之,,,岐　阜,A3,A3,両,67.71,0,0,4,1,1
YKTV-bUcoDkDA1ygFMkyJuZtfaYkeiA-aRNDUsZUkUJ19TUOJZjNlsjGEwY6g_xA,20240304,福井,4,F2,Ａ級チャレンジ予選,base_color_2_bk,base_color_2,2,,014355,小酒　大司,color_blue,追加,福　島,A3,A3,両,64.33,0,0,1,1,0
YKTV-bUcoDkDA1ygFMkyJuZtfaYkeiA-aRNDUsZUkUJ19TUOJZjNlsjGEwY6g_xA,20240304,福井,4,F2,Ａ級チャレンジ予選,base_color_3_bk,base_color_3,3,,013543,内海　雅夫,,,群　馬,A3,A3,追,72.52,0,0,9,0,0
YKTV-bUcoDkDA1ygFMkyJuZtfaYkeiA-aRNDUsZUkUJ19TUOJZjNlsjGEwY6g_xA,20240304,福井,4,F2,Ａ級チャレンジ予選,base_color_4_bk,base_color_4,4,,015706,山田　駿斗,,,千　葉,A3,A3,逃,77.95,7,8,1,1,11
YKTV-bUcoDkDA1ygFMkyJuZtfaYkeiA-aRNDUsZUkUJ19TUOJZjNlsjGEwY6g_xA,20240304,福井,4,F2,Ａ級チャレンジ予選,base_color_5_bk,base_color_5,5,,013470,畠山　裕行,,,神奈川,A2,A3,追,79.04,0,0,4,3,0
YKTV-bUcoDkDA1ygFMkyJuZtfaYkeiA-aRNDUsZUkUJ19TUOJZjNlsjGEwY6g_xA,20240304,福井,4,F2,Ａ級チャレンジ予選,base_color_6_bk,base_color_6,6,,013266,伊藤　嘉浩,,,岐　阜,A3,A3,両,62.33,0,0,0,0,2
YKTV-bUcoDkDA1ygFMkyJuZtfaYkeiA-aRNDUsZUkUJ19TUOJZjNlsjGEwY6g_xA,20240304,福井,4,F2,Ａ級チャレンジ予選,base_color_7_bk,base_color_7,7,,014209,加美山隆行,,,宮　城,A3,A3,両,69.84,0,0,4,0,0
YKTV-bUcoDkDA1ygFMkyJrfAF2IZvZalpHxgzpL_rJD912t4GAjISh5yLmblnsEE,20240304,福井,5,F2,Ａ級チャレンジ予選,base_color_1_bk,base_color_1,1,,012976,中井　修,color_blue,追加,滋　賀,A3,A3,両,70.77,0,2,2,4,0
YKTV-bUcoDkDA1ygFMkyJrfAF2IZvZalpHxgzpL_rJD912t4GAjISh5yLmblnsEE,20240304,福井,5,F2,Ａ級チャレンジ予選,base_color_2_bk,base_color_2,2,,013029,藤田　晃英,,,千　葉,A3,A3,追,66.29,0,0,0,3,0
YKTV-bUcoDkDA1ygFMkyJrfAF2IZvZalpHxgzpL_rJD912t4GAjISh5yLmblnsEE,20240304,福井,5,F2,Ａ級チャレンジ予選,base_color_3_bk,base_color_3,3,,013303,須々田大昇,,,青　森,A3,A3,追,70.90,0,0,2,1,0
YKTV-bUcoDkDA1ygFMkyJrfAF2IZvZalpHxgzpL_rJD912t4GAjISh5yLmblnsEE,20240304,福井,5,F2,Ａ級チャレンジ予選,base_color_4_bk,base_color_4,4,,013998,桂馬　将人,,,福　島,A3,A3,両,69.05,1,1,0,0,1
YKTV-bUcoDkDA1ygFMkyJrfAF2IZvZalpHxgzpL_rJD912t4GAjISh5yLmblnsEE,20240304,福井,5,F2,Ａ級チャレンジ予選,base_color_5_bk,base_color_5,5,,015723,稲毛　知也,,,和歌山,A3,A3,逃,78.66,20,1,0,0,21
YKTV-bUcoDkDA1ygFMkyJrfAF2IZvZalpHxgzpL_rJD912t4GAjISh5yLmblnsEE,20240304,福井,5,F2,Ａ級チャレンジ予選,base_color_6_bk,base_color_6,6,,012650,笹川　竜治,,,新　潟,A3,A3,追,65.36,0,0,0,1,0
YKTV-bUcoDkDA1ygFMkyJrfAF2IZvZalpHxgzpL_rJD912t4GAjISh5yLmblnsEE,20240304,福井,5,F2,Ａ級チャレンジ予選,base_color_7_bk,base_color_7,7,,013210,川本　恵二,,,兵　庫,A2,A3,追,76.66,0,0,6,3,0
YKTV-bUcoDkDA1ygFMkyJoKqvMnjNRgX8VanK-RwMTInRN7WsjHfcYr9K3fjQLbZ,20240304,福井,6,F2,Ｌ級ガールズ予選（第１走）,base_color_1_bk,base_color_1,1,,015684,安東　莉奈,,,大　分,L1,L1,両,50.72,0,2,0,5,1
YKTV-bUcoDkDA1ygFMkyJoKqvMnjNRgX8VanK-RwMTInRN7WsjHfcYr9K3fjQLbZ,20240304,福井,6,F2,Ｌ級ガールズ予選（第１走）,base_color_2_bk,base_color_2,2,,015408,高尾貴美歌,,,長　崎,L1,L1,両,53.19,0,0,4,5,0
YKTV-bUcoDkDA1ygFMkyJoKqvMnjNRgX8VanK-RwMTInRN7WsjHfcYr9K3fjQLbZ,20240304,福井,6,F2,Ｌ級ガールズ予選（第１走）,base_color_3_bk,base_color_3,3,,015494,近澤　諒香,color_blue,追加,三　重,L1,L1,両,48.50,0,0,1,2,0
YKTV-bUcoDkDA1ygFMkyJoKqvMnjNRgX8VanK-RwMTInRN7WsjHfcYr9K3fjQLbZ,20240304,福井,6,F2,Ｌ級ガールズ予選（第１走）,base_color_4_bk,base_color_4,4,,015492,永禮　美瑠,,,愛　知,L1,L1,両,52.00,0,5,1,1,1
YKTV-bUcoDkDA1ygFMkyJoKqvMnjNRgX8VanK-RwMTInRN7WsjHfcYr9K3fjQLbZ,20240304,福井,6,F2,Ｌ級ガールズ予選（第１走）,base_color_5_bk,base_color_5,5,,015677,浜地　晴帆,,,三　重,L1,L1,両,45.80,1,0,0,0,2
YKTV-bUcoDkDA1ygFMkyJoKqvMnjNRgX8VanK-RwMTInRN7WsjHfcYr9K3fjQLbZ,20240304,福井,6,F2,Ｌ級ガールズ予選（第１走）,base_color_6_bk,base_color_6,6,,015312,日野　未来,,,奈　良,L1,L1,両,56.11,11,3,2,0,14
YKTV-bUcoDkDA1ygFMkyJoKqvMnjNRgX8VanK-RwMTInRN7WsjHfcYr9K3fjQLbZ,20240304,福井,6,F2,Ｌ級ガールズ予選（第１走）,base_color_7_bk,base_color_7,7,,015314,向井　円,,,大　阪,L1,L1,両,46.16,0,0,0,0,0
YKTV-bUcoDkDA1ygFMkyJqTuKH9zRJFE3BZwyX2lYxM_RPZq1k_1N4AZh-uec-eq,20240304,福井,7,F2,Ｌ級ガールズ予選（第１走）,base_color_1_bk,base_color_1,1,,014972,猪頭香緒里,,,岡　山,L1,L1,両,47.63,0,0,0,1,0
YKTV-bUcoDkDA1ygFMkyJqTuKH9zRJFE3BZwyX2lYxM_RPZq1k_1N4AZh-uec-eq,20240304,福井,7,F2,Ｌ級ガールズ予選（第１走）,base_color_2_bk,base_color_2,2,,015224,太田　美穂,color_blue,追加,三　重,L1,L1,両,54.74,9,8,0,0,16
YKTV-bUcoDkDA1ygFMkyJqTuKH9zRJFE3BZwyX2lYxM_RPZq1k_1N4AZh-uec-eq,20240304,福井,7,F2,Ｌ級ガールズ予選（第１走）,base_color_3_bk,base_color_3,3,,015676,鈴木　咲香,,,愛　知,L1,L1,両,45.73,0,0,0,0,1
YKTV-bUcoDkDA1ygFMkyJqTuKH9zRJFE3BZwyX2lYxM_RPZq1k_1N4AZh-uec-eq,20240304,福井,7,F2,Ｌ級ガールズ予選（第１走）,base_color_4_bk,base_color_4,4,,015584,西脇美唯奈,,,愛　知,L1,L1,両,52.10,0,2,0,3,2
YKTV-bUcoDkDA1ygFMkyJqTuKH9zRJFE3BZwyX2lYxM_RPZq1k_1N4AZh-uec-eq,20240304,福井,7,F2,Ｌ級ガールズ予選（第１走）,base_color_5_bk,base_color_5,5,,014924,松尾　智佳,,,愛　媛,L1,L1,両,45.85,0,0,0,1,0
YKTV-bUcoDkDA1ygFMkyJqTuKH9zRJFE3BZwyX2lYxM_RPZq1k_1N4AZh-uec-eq,20240304,福井,7,F2,Ｌ級ガールズ予選（第１走）,base_color_6_bk,base_color_6,6,,015076,元砂七夕美,color_blue,追加,奈　良,L1,L1,両,51.40,0,0,0,3,0
YKTV-bUcoDkDA1ygFMkyJqTuKH9zRJFE3BZwyX2lYxM_RPZq1k_1N4AZh-uec-eq,20240304,福井,7,F2,Ｌ級ガールズ予選（第１走）,base_color_7_bk,base_color_7,7,,015311,柳原　真緒,,,福　井,L1,L1,両,56.76,5,9,5,0,6
YKTV-bUcoDkDA1ygFMkyJqc_fZXutZLCQFHat0fs9as9MlReFFMrZA-KOY-47iA3,20240304,福井,8,F2,Ａ級特予選,base_color_1_bk,base_color_1,1,,014703,一ノ瀬貴将,,,大　阪,A2,A1,両,88.81,0,0,6,5,0
YKTV-bUcoDkDA1ygFMkyJqc_fZXutZLCQFHat0fs9as9MlReFFMrZA-KOY-47iA3,20240304,福井,8,F2,Ａ級特予選,base_color_2_bk,base_color_2,2,,012097,斯波　雅貴,,,静　岡,A2,A2,追,80.90,0,0,3,0,0
YKTV-bUcoDkDA1ygFMkyJqc_fZXutZLCQFHat0fs9as9MlReFFMrZA-KOY-47iA3,20240304,福井,8,F2,Ａ級特予選,base_color_3_bk,base_color_3,3,,014354,大島　将人,,,福　島,A1,A1,追,87.10,0,0,2,2,0
YKTV-bUcoDkDA1ygFMkyJqc_fZXutZLCQFHat0fs9as9MlReFFMrZA-KOY-47iA3,20240304,福井,8,F2,Ａ級特予選,base_color_4_bk,base_color_4,4,,014032,藤田　真,,,兵　庫,A2,A2,両,85.57,3,1,0,1,6
YKTV-bUcoDkDA1ygFMkyJqc_fZXutZLCQFHat0fs9as9MlReFFMrZA-KOY-47iA3,20240304,福井,8,F2,Ａ級特予選,base_color_5_bk,base_color_5,5,,015505,荻原　寿嗣,,,北海道,A1,A2,逃,80.17,4,0,0,0,14
YKTV-bUcoDkDA1ygFMkyJqc_fZXutZLCQFHat0fs9as9MlReFFMrZA-KOY-47iA3,20240304,福井,8,F2,Ａ級特予選,base_color_6_bk,base_color_6,6,,014099,坂本　佳憲,color_blue,追加,大　阪,A3,A2,追,76.60,0,0,0,1,0
YKTV-bUcoDkDA1ygFMkyJqc_fZXutZLCQFHat0fs9as9MlReFFMrZA-KOY-47iA3,20240304,福井,8,F2,Ａ級特予選,base_color_7_bk,base_color_7,7,,013253,柴田功一郎,,,神奈川,A1,A1,追,85.52,0,0,2,1,0
YKTV-bUcoDkDA1ygFMkyJpmgX02g4cf44Dd_wrjGe39-r4enOxFMWczSOyNma671,20240304,福井,9,F2,Ａ級特予選,base_color_1_bk,base_color_1,1,,013916,白石　大輔,color_blue,追加,福　島,A3,A2,追,81.10,0,2,8,2,0
YKTV-bUcoDkDA1ygFMkyJpmgX02g4cf44Dd_wrjGe39-r4enOxFMWczSOyNma671,20240304,福井,9,F2,Ａ級特予選,base_color_2_bk,base_color_2,2,,013172,金子周一郎,,,埼　玉,A1,A2,追,86.57,0,0,4,2,0
YKTV-bUcoDkDA1ygFMkyJpmgX02g4cf44Dd_wrjGe39-r4enOxFMWczSOyNma671,20240304,福井,9,F2,Ａ級特予選,base_color_3_bk,base_color_3,3,,014102,篠塚　光一,,,兵　庫,A2,A2,追,87.79,0,2,9,1,0
YKTV-bUcoDkDA1ygFMkyJpmgX02g4cf44Dd_wrjGe39-r4enOxFMWczSOyNma671,20240304,福井,9,F2,Ａ級特予選,base_color_4_bk,base_color_4,4,,012878,安藤　宜明,,,神奈川,A3,A2,追,83.33,0,0,2,0,0
YKTV-bUcoDkDA1ygFMkyJpmgX02g4cf44Dd_wrjGe39-r4enOxFMWczSOyNma671,20240304,福井,9,F2,Ａ級特予選,base_color_5_bk,base_color_5,5,,014292,丸山　直樹,,,埼　玉,A1,A1,両,90.54,0,0,8,1,0
YKTV-bUcoDkDA1ygFMkyJpmgX02g4cf44Dd_wrjGe39-r4enOxFMWczSOyNma671,20240304,福井,9,F2,Ａ級特予選,base_color_6_bk,base_color_6,6,,014254,武田　和也,,,奈　良,A3,A2,両,74.16,0,0,0,0,5
YKTV-bUcoDkDA1ygFMkyJpmgX02g4cf44Dd_wrjGe39-r4enOxFMWczSOyNma671,20240304,福井,9,F2,Ａ級特予選,base_color_7_bk,base_color_7,7,,014305,大谷　靖茂,,,愛　知,A1,A1,逃,87.76,7,2,3,0,15
YKTV-bUcoDkDA1ygFMkyJuXxszzogq2sOssbWyq6RLfSW4IZBKkCmu7YUymOtsSY,20240304,福井,10,F2,Ａ級特予選,base_color_1_bk,base_color_1,1,,013117,鳥越　靖弘,,,愛　知,A2,A1,追,88.45,0,0,7,3,0
YKTV-bUcoDkDA1ygFMkyJuXxszzogq2sOssbWyq6RLfSW4IZBKkCmu7YUymOtsSY,20240304,福井,10,F2,Ａ級特予選,base_color_2_bk,base_color_2,2,,013521,中野　良,,,北海道,A3,A2,追,77.03,0,2,2,1,0
YKTV-bUcoDkDA1ygFMkyJuXxszzogq2sOssbWyq6RLfSW4IZBKkCmu7YUymOtsSY,20240304,福井,10,F2,Ａ級特予選,base_color_3_bk,base_color_3,3,,013629,福森慎太郎,,,千　葉,A2,A2,逃,80.31,1,2,0,0,5
YKTV-bUcoDkDA1ygFMkyJuXxszzogq2sOssbWyq6RLfSW4IZBKkCmu7YUymOtsSY,20240304,福井,10,F2,Ａ級特予選,base_color_4_bk,base_color_4,4,,014301,齋藤　輝彦,,,神奈川,A2,A2,追,86.84,0,0,1,1,0
YKTV-bUcoDkDA1ygFMkyJuXxszzogq2sOssbWyq6RLfSW4IZBKkCmu7YUymOtsSY,20240304,福井,10,F2,Ａ級特予選,base_color_5_bk,base_color_5,5,,015447,小浦　凪,,,岐　阜,A2,A2,逃,87.95,1,7,4,1,10
YKTV-bUcoDkDA1ygFMkyJuXxszzogq2sOssbWyq6RLfSW4IZBKkCmu7YUymOtsSY,20240304,福井,10,F2,Ａ級特予選,base_color_6_bk,base_color_6,6,,014432,相澤　恵一,,,宮　城,A3,A2,追,76.33,0,0,2,3,0
YKTV-bUcoDkDA1ygFMkyJuXxszzogq2sOssbWyq6RLfSW4IZBKkCmu7YUymOtsSY,20240304,福井,10,F2,Ａ級特予選,base_color_7_bk,base_color_7,7,,013047,田中　俊充,,,福　井,A1,A1,追,83.85,0,1,1,1,0
YKTV-bUcoDkDA1ygFMkyJrNs8zTobAZMObKd03z5kWYkci_exxIniRcC4uILKmR9,20240304,福井,11,F2,Ａ級特予選,base_color_1_bk,base_color_1,1,,014581,佐山　俊樹,,,埼　玉,A2,A1,追,86.20,0,0,1,3,0
YKTV-bUcoDkDA1ygFMkyJrNs8zTobAZMObKd03z5kWYkci_exxIniRcC4uILKmR9,20240304,福井,11,F2,Ａ級特予選,base_color_2_bk,base_color_2,2,,015364,吉堂　将規,,,奈　良,A1,A1,逃,89.66,1,6,0,0,5
YKTV-bUcoDkDA1ygFMkyJrNs8zTobAZMObKd03z5kWYkci_exxIniRcC4uILKmR9,20240304,福井,11,F2,Ａ級特予選,base_color_3_bk,base_color_3,3,,014828,川口　聖翔,,,三　重,A2,A2,追,83.16,0,0,2,5,0
YKTV-bUcoDkDA1ygFMkyJrNs8zTobAZMObKd03z5kWYkci_exxIniRcC4uILKmR9,20240304,福井,11,F2,Ａ級特予選,base_color_4_bk,base_color_4,4,,013201,北川　紋部,,,福　井,A1,A2,追,87.47,0,0,3,1,0
YKTV-bUcoDkDA1ygFMkyJrNs8zTobAZMObKd03z5kWYkci_exxIniRcC4uILKmR9,20240304,福井,11,F2,Ａ級特予選,base_color_5_bk,base_color_5,5,,011712,金田健一郎,,,大　阪,A1,A1,追,86.55,0,0,3,2,0
YKTV-bUcoDkDA1ygFMkyJrNs8zTobAZMObKd03z5kWYkci_exxIniRcC4uILKmR9,20240304,福井,11,F2,Ａ級特予選,base_color_6_bk,base_color_6,6,,012498,赤石　聡,,,群　馬,A3,A2,追,74.65,1,0,0,1,2
YKTV-bUcoDkDA1ygFMkyJrNs8zTobAZMObKd03z5kWYkci_exxIniRcC4uILKmR9,20240304,福井,11,F2,Ａ級特予選,base_color_7_bk,base_color_7,7,,015452,倉田　紘希,,,三　重,A1,A2,逃,77.16,0,0,0,0,2
YKTV-bUcoDkDA1ygFMkyJrXXx9dniXI9vll_0LxsrjHRDZ7lwEKX5amgzxtdgi17,20240304,福井,12,F2,Ａ級初日特選,base_color_1_bk,base_color_1,1,,015616,齋藤　雄行,,,神奈川,A2,A1,逃,94.52,10,3,0,0,15
YKTV-bUcoDkDA1ygFMkyJrXXx9dniXI9vll_0LxsrjHRDZ7lwEKX5amgzxtdgi17,20240304,福井,12,F2,Ａ級初日特選,base_color_2_bk,base_color_2,2,,015454,小松原正登,,,福　井,S2,A1,逃,94.26,1,3,1,0,7
YKTV-bUcoDkDA1ygFMkyJrXXx9dniXI9vll_0LxsrjHRDZ7lwEKX5amgzxtdgi17,20240304,福井,12,F2,Ａ級初日特選,base_color_3_bk,base_color_3,3,,013196,竹田　和幸,,,岐　阜,S2,A1,追,94.04,0,0,10,2,0
YKTV-bUcoDkDA1ygFMkyJrXXx9dniXI9vll_0LxsrjHRDZ7lwEKX5amgzxtdgi17,20240304,福井,12,F2,Ａ級初日特選,base_color_4_bk,base_color_4,4,,015240,前川　大輔,,,福　島,S2,A1,両,91.58,0,5,2,0,2
YKTV-bUcoDkDA1ygFMkyJrXXx9dniXI9vll_0LxsrjHRDZ7lwEKX5amgzxtdgi17,20240304,福井,12,F2,Ａ級初日特選,base_color_5_bk,base_color_5,5,,015462,溝口　葵,,,三　重,A1,A1,逃,91.50,11,1,1,0,17
YKTV-bUcoDkDA1ygFMkyJrXXx9dniXI9vll_0LxsrjHRDZ7lwEKX5amgzxtdgi17,20240304,福井,12,F2,Ａ級初日特選,base_color_6_bk,base_color_6,6,,014933,奥原　亨,,,神奈川,S2,A1,両,91.08,0,0,0,5,0
YKTV-bUcoDkDA1ygFMkyJrXXx9dniXI9vll_0LxsrjHRDZ7lwEKX5amgzxtdgi17,20240304,福井,12,F2,Ａ級初日特選,base_color_7_bk,base_color_7,7,,014435,伊藤　勝太,,,愛　知,S2,A1,両,92.38,0,0,5,0,0
Qa46FBqdpnJl3JcAORj6SX-6S45dT8oZVa0I8XOydN7y3lRkleOtpaRKRZaRD9iE,20240304,高知,1,F2,Ａ級チャレンジ予選,base_color_1_bk,base_color_1,1,,015286,土居　佑次,color_blue,追加,高　知,A3,A3,逃,67.92,2,2,0,0,9
Qa46FBqdpnJl3JcAORj6SX-6S45dT8oZVa0I8XOydN7y3lRkleOtpaRKRZaRD9iE,20240304,高知,1,F2,Ａ級チャレンジ予選,base_color_2_bk,base_color_2,2,,013797,平川　公一,,,大　阪,A3,A3,両,70.36,0,0,6,0,0
Qa46FBqdpnJl3JcAORj6SX-6S45dT8oZVa0I8XOydN7y3lRkleOtpaRKRZaRD9iE,20240304,高知,1,F2,Ａ級チャレンジ予選,base_color_3_bk,base_color_3,3,,015283,安本　昇平,,,山　口,A2,A3,逃,77.66,1,3,2,1,1
Qa46FBqdpnJl3JcAORj6SX-6S45dT8oZVa0I8XOydN7y3lRkleOtpaRKRZaRD9iE,20240304,高知,1,F2,Ａ級チャレンジ予選,base_color_4_bk,base_color_4,4,,014765,樫村　伸平,,,兵　庫,A3,A3,追,68.00,0,1,0,1,0
Qa46FBqdpnJl3JcAORj6SX-6S45dT8oZVa0I8XOydN7y3lRkleOtpaRKRZaRD9iE,20240304,高知,1,F2,Ａ級チャレンジ予選,base_color_5_bk,base_color_5,5,,013061,小磯　知也,color_blue,追加,徳　島,A2,A3,追,73.26,0,0,1,5,0
Qa46FBqdpnJl3JcAORj6SX-6S45dT8oZVa0I8XOydN7y3lRkleOtpaRKRZaRD9iE,20240304,高知,1,F2,Ａ級チャレンジ予選,base_color_6_bk,base_color_6,6,,015065,竹元　太志,color_blue,追加,福　岡,A3,A3,両,65.08,0,0,0,1,0
Qa46FBqdpnJl3JcAORj6SX-6S45dT8oZVa0I8XOydN7y3lRkleOtpaRKRZaRD9iE,20240304,高知,1,F2,Ａ級チャレンジ予選,base_color_7_bk,base_color_7,7,,013651,井山　和裕,,,山　口,A2,A3,追,73.88,0,0,2,3,0
Qa46FBqdpnJl3JcAORj6SbP7Tn2d6Bx9SW19u50zstkGTH8xutEmbfJ3bes0inZ8,20240304,高知,2,F2,Ａ級チャレンジ予選,base_color_1_bk,base_color_1,1,,014855,東　隆之,color_blue,追加,宮　崎,A3,A3,両,70.00,0,2,1,2,0
Qa46FBqdpnJl3JcAORj6SbP7Tn2d6Bx9SW19u50zstkGTH8xutEmbfJ3bes0inZ8,20240304,高知,2,F2,Ａ級チャレンジ予選,base_color_2_bk,base_color_2,2,,015467,倉松　涼,,,高　知,A2,A3,両,74.00,2,0,1,0,3
Qa46FBqdpnJl3JcAORj6SbP7Tn2d6Bx9SW19u50zstkGTH8xutEmbfJ3bes0inZ8,20240304,高知,2,F2,Ａ級チャレンジ予選,base_color_3_bk,base_color_3,3,,013347,川本　隆史,,,岡　山,A3,A3,追,67.68,0,0,3,2,1
Qa46FBqdpnJl3JcAORj6SbP7Tn2d6Bx9SW19u50zstkGTH8xutEmbfJ3bes0inZ8,20240304,高知,2,F2,Ａ級チャレンジ予選,base_color_4_bk,base_color_4,4,,014320,在本　直樹,,,岡　山,A2,A3,逃,77.94,1,2,6,1,2
Qa46FBqdpnJl3JcAORj6SbP7Tn2d6Bx9SW19u50zstkGTH8xutEmbfJ3bes0inZ8,20240304,高知,2,F2,Ａ級チャレンジ予選,base_color_5_bk,base_color_5,5,,012241,松木　竜也,,,愛　媛,A3,A3,追,69.95,0,0,1,1,0
Qa46FBqdpnJl3JcAORj6SbP7Tn2d6Bx9SW19u50zstkGTH8xutEmbfJ3bes0inZ8,20240304,高知,2,F2,Ａ級チャレンジ予選,base_color_6_bk,base_color_6,6,,012998,江口　晃正,,,長　崎,A3,A3,追,66.66,0,0,0,0,0
Qa46FBqdpnJl3JcAORj6SbP7Tn2d6Bx9SW19u50zstkGTH8xutEmbfJ3bes0inZ8,20240304,高知,2,F2,Ａ級チャレンジ予選,base_color_7_bk,base_color_7,7,,012986,近藤　直幹,,,徳　島,A3,A3,追,73.38,0,1,7,2,0
Qa46FBqdpnJl3JcAORj6SdIQBICQkPcexmmcf10hLBNmB0pirP4n50Bhf3F0f7qQ,20240304,高知,3,F2,Ａ級チャレンジ予選,base_color_1_bk,base_color_1,1,,015727,中原　航大,,,岡　山,A3,A3,逃,74.53,4,2,2,0,8
Qa46FBqdpnJl3JcAORj6SdIQBICQkPcexmmcf10hLBNmB0pirP4n50Bhf3F0f7qQ,20240304,高知,3,F2,Ａ級チャレンジ予選,base_color_2_bk,base_color_2,2,,014652,原　清孝,,,沖　縄,A3,A3,両,68.57,0,0,1,4,3
Qa46FBqdpnJl3JcAORj6SdIQBICQkPcexmmcf10hLBNmB0pirP4n50Bhf3F0f7qQ,20240304,高知,3,F2,Ａ級チャレンジ予選,base_color_3_bk,base_color_3,3,,012402,時松　正,,,熊　本,A3,A3,追,69.00,0,0,1,1,0
Qa46FBqdpnJl3JcAORj6SdIQBICQkPcexmmcf10hLBNmB0pirP4n50Bhf3F0f7qQ,20240304,高知,3,F2,Ａ級チャレンジ予選,base_color_4_bk,base_color_4,4,,011328,川添　輝彦,,,沖　縄,A3,A3,追,69.70,0,0,3,3,0
Qa46FBqdpnJl3JcAORj6SdIQBICQkPcexmmcf10hLBNmB0pirP4n50Bhf3F0f7qQ,20240304,高知,3,F2,Ａ級チャレンジ予選,base_color_5_bk,base_color_5,5,,013358,行成　大祐,,,香　川,A3,A3,追,74.33,0,0,3,4,0
Qa46FBqdpnJl3JcAORj6SdIQBICQkPcexmmcf10hLBNmB0pirP4n50Bhf3F0f7qQ,20240304,高知,3,F2,Ａ級チャレンジ予選,base_color_6_bk,base_color_6,6,,013361,岡　俊行,color_blue,追加,高　知,A3,A3,追,65.73,0,0,1,0,0
Qa46FBqdpnJl3JcAORj6SdIQBICQkPcexmmcf10hLBNmB0pirP4n50Bhf3F0f7qQ,20240304,高知,3,F2,Ａ級チャレンジ予選,base_color_7_bk,base_color_7,7,,014449,片折　勇輝,,,福　岡,A1,A3,両,75.85,4,3,2,2,6
Qa46FBqdpnJl3JcAORj6SbVMeyD7NZac_zY_GNAcStdAaW1Frfyp64QHbj2jFWS6,20240304,高知,4,F2,Ａ級チャレンジ予選,base_color_1_bk,base_color_1,1,,013887,沖本　尚織,,,広　島,A2,A3,追,71.90,0,0,0,4,0
Qa46FBqdpnJl3JcAORj6SbVMeyD7NZac_zY_GNAcStdAaW1Frfyp64QHbj2jFWS6,20240304,高知,4,F2,Ａ級チャレンジ予選,base_color_2_bk,base_color_2,2,,015753,枝村　弘樹,color_blue,追加,宮　崎,A3,A3,逃,77.27,4,9,0,1,9
Qa46FBqdpnJl3JcAORj6SbVMeyD7NZac_zY_GNAcStdAaW1Frfyp64QHbj2jFWS6,20240304,高知,4,F2,Ａ級チャレンジ予選,base_color_3_bk,base_color_3,3,,012542,森下　忠夫,color_blue,追加,高　知,A3,A3,追,68.93,0,0,0,3,1
Qa46FBqdpnJl3JcAORj6SbVMeyD7NZac_zY_GNAcStdAaW1Frfyp64QHbj2jFWS6,20240304,高知,4,F2,Ａ級チャレンジ予選,base_color_4_bk,base_color_4,4,,012847,古閑　良介,,,福　岡,A1,A3,追,73.09,0,0,0,3,0
Qa46FBqdpnJl3JcAORj6SbVMeyD7NZac_zY_GNAcStdAaW1Frfyp64QHbj2jFWS6,20240304,高知,4,F2,Ａ級チャレンジ予選,base_color_5_bk,base_color_5,5,,014618,兵動　秀治,,,広　島,A3,A3,追,67.14,0,0,3,2,0
Qa46FBqdpnJl3JcAORj6SbVMeyD7NZac_zY_GNAcStdAaW1Frfyp64QHbj2jFWS6,20240304,高知,4,F2,Ａ級チャレンジ予選,base_color_6_bk,base_color_6,6,,012696,組橋　一高,,,香　川,A3,A3,両,65.38,0,0,0,1,0
Qa46FBqdpnJl3JcAORj6SbVMeyD7NZac_zY_GNAcStdAaW1Frfyp64QHbj2jFWS6,20240304,高知,4,F2,Ａ級チャレンジ予選,base_color_7_bk,base_color_7,7,,015548,白井優太朗,,,広　島,A1,A3,逃,74.69,1,0,1,0,4
Qa46FBqdpnJl3JcAORj6SVx3jAhBtVF24cQuvVdDlJqDtmaeoe20KHvohyjNw4T5,20240304,高知,5,F2,Ａ級チャレンジ予選,base_color_1_bk,base_color_1,1,,015721,内山　慧大,color_blue,追加,福　井,A3,A3,逃,78.56,6,5,0,0,8
Qa46FBqdpnJl3JcAORj6SVx3jAhBtVF24cQuvVdDlJqDtmaeoe20KHvohyjNw4T5,20240304,高知,5,F2,Ａ級チャレンジ予選,base_color_2_bk,base_color_2,2,,013802,大林　亮介,color_blue,追加,香　川,A3,A3,追,71.45,0,0,7,2,2
Qa46FBqdpnJl3JcAORj6SVx3jAhBtVF24cQuvVdDlJqDtmaeoe20KHvohyjNw4T5,20240304,高知,5,F2,Ａ級チャレンジ予選,base_color_3_bk,base_color_3,3,,013375,五反田豊和,,,宮　崎,A3,A3,両,68.22,2,1,1,0,3
Qa46FBqdpnJl3JcAORj6SVx3jAhBtVF24cQuvVdDlJqDtmaeoe20KHvohyjNw4T5,20240304,高知,5,F2,Ａ級チャレンジ予選,base_color_4_bk,base_color_4,4,,014533,加藤　正法,,,愛　知,A3,A3,追,72.58,1,1,7,1,1
Qa46FBqdpnJl3JcAORj6SVx3jAhBtVF24cQuvVdDlJqDtmaeoe20KHvohyjNw4T5,20240304,高知,5,F2,Ａ級チャレンジ予選,base_color_5_bk,base_color_5,5,,015062,中尾　翔,,,岡　山,A2,A3,逃,72.26,2,1,2,1,8
Qa46FBqdpnJl3JcAORj6SVx3jAhBtVF24cQuvVdDlJqDtmaeoe20KHvohyjNw4T5,20240304,高知,5,F2,Ａ級チャレンジ予選,base_color_6_bk,base_color_6,6,,012925,河添　信也,,,熊　本,A3,A3,追,66.41,0,0,2,1,0
Qa46FBqdpnJl3JcAORj6SVx3jAhBtVF24cQuvVdDlJqDtmaeoe20KHvohyjNw4T5,20240304,高知,5,F2,Ａ級チャレンジ予選,base_color_7_bk,base_color_7,7,,013062,藤原　義浩,,,徳　島,A3,A3,追,68.00,0,0,1,1,0
Qa46FBqdpnJl3JcAORj6SdZTl-6BMPorF73aMN8mKSqGRbLza1AwVCjHb_8OPetx,20240304,高知,6,F2,Ｌ級ガールズ予選（第１走）,base_color_1_bk,base_color_1,1,,015671,小泉　夢菜,,,埼　玉,L1,L1,両,51.83,1,0,0,3,1
Qa46FBqdpnJl3JcAORj6SdZTl-6BMPorF73aMN8mKSqGRbLza1AwVCjHb_8OPetx,20240304,高知,6,F2,Ｌ級ガールズ予選（第１走）,base_color_2_bk,base_color_2,2,,015079,日野　友葵,,,愛　媛,L1,L1,両,45.20,0,0,0,0,0
Qa46FBqdpnJl3JcAORj6SdZTl-6BMPorF73aMN8mKSqGRbLza1AwVCjHb_8OPetx,20240304,高知,6,F2,Ｌ級ガールズ予選（第１走）,base_color_3_bk,base_color_3,3,,015504,西島　叶子,color_blue,追加,熊　本,L1,L1,両,50.36,1,0,1,1,4
Qa46FBqdpnJl3JcAORj6SdZTl-6BMPorF73aMN8mKSqGRbLza1AwVCjHb_8OPetx,20240304,高知,6,F2,Ｌ級ガールズ予選（第１走）,base_color_4_bk,base_color_4,4,,015135,荒川ひかり,color_red,欠場,茨　城,L1,L1,両,48.65,0,0,0,2,0
Qa46FBqdpnJl3JcAORj6SdZTl-6BMPorF73aMN8mKSqGRbLza1AwVCjHb_8OPetx,20240304,高知,6,F2,Ｌ級ガールズ予選（第１走）,base_color_5_bk,base_color_5,5,,015755,神戸暖稀羽,,,北海道,L1,L1,両,47.80,0,1,0,1,2
Qa46FBqdpnJl3JcAORj6SdZTl-6BMPorF73aMN8mKSqGRbLza1AwVCjHb_8OPetx,20240304,高知,6,F2,Ｌ級ガールズ予選（第１走）,base_color_6_bk,base_color_6,6,,015406,吉岡　詩織,,,広　島,L1,L1,両,53.53,1,5,0,0,7
Qa46FBqdpnJl3JcAORj6SdZTl-6BMPorF73aMN8mKSqGRbLza1AwVCjHb_8OPetx,20240304,高知,6,F2,Ｌ級ガールズ予選（第１走）,base_color_7_bk,base_color_7,7,,015777,谷元　音羽,,,鹿児島,L1,L1,両,48.38,0,0,1,1,0
Qa46FBqdpnJl3JcAORj6SUAv57gN0gb9HksxfnjxfLNE7-XyxGWTS-KAbPspHSiv,20240304,高知,7,F2,Ｌ級ガールズ予選（第１走）,base_color_1_bk,base_color_1,1,,015772,横山　愛海,,,高　知,L1,L1,両,44.11,0,0,0,0,0
Qa46FBqdpnJl3JcAORj6SUAv57gN0gb9HksxfnjxfLNE7-XyxGWTS-KAbPspHSiv,20240304,高知,7,F2,Ｌ級ガールズ予選（第１走）,base_color_2_bk,base_color_2,2,,015392,加藤　舞,,,沖　縄,L1,L1,両,49.29,1,1,1,2,4
Qa46FBqdpnJl3JcAORj6SUAv57gN0gb9HksxfnjxfLNE7-XyxGWTS-KAbPspHSiv,20240304,高知,7,F2,Ｌ級ガールズ予選（第１走）,base_color_3_bk,base_color_3,3,,015140,鈴木　彩夏,,,東　京,L1,L1,両,45.44,0,0,0,2,0
Qa46FBqdpnJl3JcAORj6SUAv57gN0gb9HksxfnjxfLNE7-XyxGWTS-KAbPspHSiv,20240304,高知,7,F2,Ｌ級ガールズ予選（第１走）,base_color_4_bk,base_color_4,4,,015593,中村　鈴花,,,熊　本,L1,L1,両,48.05,0,0,1,2,0
Qa46FBqdpnJl3JcAORj6SUAv57gN0gb9HksxfnjxfLNE7-XyxGWTS-KAbPspHSiv,20240304,高知,7,F2,Ｌ級ガールズ予選（第１走）,base_color_5_bk,base_color_5,5,,014961,梶田　舞,,,埼　玉,L1,L1,両,51.08,1,0,0,3,1
Qa46FBqdpnJl3JcAORj6SUAv57gN0gb9HksxfnjxfLNE7-XyxGWTS-KAbPspHSiv,20240304,高知,7,F2,Ｌ級ガールズ予選（第１走）,base_color_6_bk,base_color_6,6,,015773,枝光　美奈,,,福　岡,L1,L1,両,49.05,0,1,1,0,1
Qa46FBqdpnJl3JcAORj6SUAv57gN0gb9HksxfnjxfLNE7-XyxGWTS-KAbPspHSiv,20240304,高知,7,F2,Ｌ級ガールズ予選（第１走）,base_color_7_bk,base_color_7,7,,015400,久米　詩,,,静　岡,L1,L1,両,56.50,8,4,1,0,10
Qa46FBqdpnJl3JcAORj6SWk9IXdLRMwyXBXX84Jv6zdm9mNPHsWsrox-UaJ-gUUe,20240304,高知,8,F2,Ａ級特予選,base_color_1_bk,base_color_1,1,,014329,阿部　功,,,高　知,A2,A2,追,80.73,0,1,0,0,0
Qa46FBqdpnJl3JcAORj6SWk9IXdLRMwyXBXX84Jv6zdm9mNPHsWsrox-UaJ-gUUe,20240304,高知,8,F2,Ａ級特予選,base_color_2_bk,base_color_2,2,,014344,園田　鉄兵,color_blue,追加,熊　本,A2,A2,両,83.62,0,0,5,4,0
Qa46FBqdpnJl3JcAORj6SWk9IXdLRMwyXBXX84Jv6zdm9mNPHsWsrox-UaJ-gUUe,20240304,高知,8,F2,Ａ級特予選,base_color_3_bk,base_color_3,3,,014639,屋宜　浩二,,,沖　縄,A2,A2,追,78.16,0,0,0,0,0
Qa46FBqdpnJl3JcAORj6SWk9IXdLRMwyXBXX84Jv6zdm9mNPHsWsrox-UaJ-gUUe,20240304,高知,8,F2,Ａ級特予選,base_color_4_bk,base_color_4,4,,015214,境　啓亨,,,熊　本,A2,A1,逃,81.16,0,3,0,0,2
Qa46FBqdpnJl3JcAORj6SWk9IXdLRMwyXBXX84Jv6zdm9mNPHsWsrox-UaJ-gUUe,20240304,高知,8,F2,Ａ級特予選,base_color_5_bk,base_color_5,5,,015640,矢部　駿人,,,岡　山,A2,A2,逃,87.57,8,0,0,1,18
Qa46FBqdpnJl3JcAORj6SWk9IXdLRMwyXBXX84Jv6zdm9mNPHsWsrox-UaJ-gUUe,20240304,高知,8,F2,Ａ級特予選,base_color_6_bk,base_color_6,6,,014787,瀬口　匠,,,宮　崎,A3,A2,両,77.22,2,5,1,0,6
Qa46FBqdpnJl3JcAORj6SWk9IXdLRMwyXBXX84Jv6zdm9mNPHsWsrox-UaJ-gUUe,20240304,高知,8,F2,Ａ級特予選,base_color_7_bk,base_color_7,7,,013968,越智　展孝,,,愛　媛,A1,A1,追,86.66,0,2,4,1,1
Qa46FBqdpnJl3JcAORj6Sa1lJMjB_NVLX2Jnh9rryGje9SS0cQFchWr1LLgcy_Aa,20240304,高知,9,F2,Ａ級特予選,base_color_1_bk,base_color_1,1,,014255,西本　直大,,,大　阪,A1,A1,両,88.38,2,6,3,0,9
Qa46FBqdpnJl3JcAORj6Sa1lJMjB_NVLX2Jnh9rryGje9SS0cQFchWr1LLgcy_Aa,20240304,高知,9,F2,Ａ級特予選,base_color_2_bk,base_color_2,2,,015126,高山　雄丞,,,愛　媛,A2,A2,逃,84.26,1,3,2,0,1
Qa46FBqdpnJl3JcAORj6Sa1lJMjB_NVLX2Jnh9rryGje9SS0cQFchWr1LLgcy_Aa,20240304,高知,9,F2,Ａ級特予選,base_color_3_bk,base_color_3,3,,014265,松永　真太,,,福　岡,A2,A2,追,83.84,0,0,2,2,0
Qa46FBqdpnJl3JcAORj6Sa1lJMjB_NVLX2Jnh9rryGje9SS0cQFchWr1LLgcy_Aa,20240304,高知,9,F2,Ａ級特予選,base_color_4_bk,base_color_4,4,,014030,藤木　裕,,,京　都,S2,A1,両,91.16,0,0,0,0,1
Qa46FBqdpnJl3JcAORj6Sa1lJMjB_NVLX2Jnh9rryGje9SS0cQFchWr1LLgcy_Aa,20240304,高知,9,F2,Ａ級特予選,base_color_5_bk,base_color_5,5,,013652,隅　直幸,,,山　口,A2,A2,追,82.96,0,0,3,1,0
Qa46FBqdpnJl3JcAORj6Sa1lJMjB_NVLX2Jnh9rryGje9SS0cQFchWr1LLgcy_Aa,20240304,高知,9,F2,Ａ級特予選,base_color_6_bk,base_color_6,6,,014324,内村　竜也,,,山　口,A3,A2,両,76.61,0,0,2,5,1
Qa46FBqdpnJl3JcAORj6Sa1lJMjB_NVLX2Jnh9rryGje9SS0cQFchWr1LLgcy_Aa,20240304,高知,9,F2,Ａ級特予選,base_color_7_bk,base_color_7,7,,015472,吉田　勇気,,,福　岡,A3,A2,両,77.03,2,2,1,3,7
Qa46FBqdpnJl3JcAORj6SURG4A9S3JUtJSyYll1F9gvgb6YFvHxdy-7e1VGAFVh3,20240304,高知,10,F2,Ａ級特予選,base_color_1_bk,base_color_1,1,,014788,上吹越俊一,,,鹿児島,A1,A1,両,90.26,0,9,2,4,2
Qa46FBqdpnJl3JcAORj6SURG4A9S3JUtJSyYll1F9gvgb6YFvHxdy-7e1VGAFVh3,20240304,高知,10,F2,Ａ級特予選,base_color_2_bk,base_color_2,2,,012742,山田　雅之,,,岐　阜,A1,A1,追,86.20,0,0,6,1,0
Qa46FBqdpnJl3JcAORj6SURG4A9S3JUtJSyYll1F9gvgb6YFvHxdy-7e1VGAFVh3,20240304,高知,10,F2,Ａ級特予選,base_color_3_bk,base_color_3,3,,014042,徳吉　正治,color_blue,追加,福　岡,A3,A2,両,78.16,1,1,2,4,2
Qa46FBqdpnJl3JcAORj6SURG4A9S3JUtJSyYll1F9gvgb6YFvHxdy-7e1VGAFVh3,20240304,高知,10,F2,Ａ級特予選,base_color_4_bk,base_color_4,4,,012507,爲田　学,,,沖　縄,A2,A2,追,80.88,0,0,3,1,0
Qa46FBqdpnJl3JcAORj6SURG4A9S3JUtJSyYll1F9gvgb6YFvHxdy-7e1VGAFVh3,20240304,高知,10,F2,Ａ級特予選,base_color_5_bk,base_color_5,5,,012992,吉良　勝信,,,福　岡,A2,A2,追,82.83,0,0,2,1,0
Qa46FBqdpnJl3JcAORj6SURG4A9S3JUtJSyYll1F9gvgb6YFvHxdy-7e1VGAFVh3,20240304,高知,10,F2,Ａ級特予選,base_color_6_bk,base_color_6,6,,012618,武智　尚之,,,愛　媛,A2,A2,追,78.11,0,0,0,0,0
Qa46FBqdpnJl3JcAORj6SURG4A9S3JUtJSyYll1F9gvgb6YFvHxdy-7e1VGAFVh3,20240304,高知,10,F2,Ａ級特予選,base_color_7_bk,base_color_7,7,,015469,犬塚　貴之,,,愛　知,A1,A1,逃,90.28,2,3,1,0,3
Qa46FBqdpnJl3JcAORj6SeP8l5OCMZ6vhYRykbEfRGCvD5eE8rRnDBh-zMfpL0i9,20240304,高知,11,F2,Ａ級特予選,base_color_1_bk,base_color_1,1,,015738,梶原　海斗,color_blue,追加,福　岡,A3,A2,逃,81.36,11,9,0,0,15
Qa46FBqdpnJl3JcAORj6SeP8l5OCMZ6vhYRykbEfRGCvD5eE8rRnDBh-zMfpL0i9,20240304,高知,11,F2,Ａ級特予選,base_color_2_bk,base_color_2,2,,014315,西谷　岳文,,,京　都,A1,A1,両,85.85,0,3,6,0,0
Qa46FBqdpnJl3JcAORj6SeP8l5OCMZ6vhYRykbEfRGCvD5eE8rRnDBh-zMfpL0i9,20240304,高知,11,F2,Ａ級特予選,base_color_3_bk,base_color_3,3,,013971,内山　拓,,,福　岡,A1,A1,両,90.16,0,0,0,9,0
Qa46FBqdpnJl3JcAORj6SeP8l5OCMZ6vhYRykbEfRGCvD5eE8rRnDBh-zMfpL0i9,20240304,高知,11,F2,Ａ級特予選,base_color_4_bk,base_color_4,4,,013799,真田　晃,,,兵　庫,A1,A1,追,88.17,0,0,1,3,0
Qa46FBqdpnJl3JcAORj6SeP8l5OCMZ6vhYRykbEfRGCvD5eE8rRnDBh-zMfpL0i9,20240304,高知,11,F2,Ａ級特予選,base_color_5_bk,base_color_5,5,,012550,荒木　真慈,,,熊　本,A2,A2,追,80.91,0,0,3,1,0
Qa46FBqdpnJl3JcAORj6SeP8l5OCMZ6vhYRykbEfRGCvD5eE8rRnDBh-zMfpL0i9,20240304,高知,11,F2,Ａ級特予選,base_color_6_bk,base_color_6,6,,013345,中村美千隆,,,兵　庫,A2,A2,両,79.00,0,1,2,1,6
Qa46FBqdpnJl3JcAORj6SeP8l5OCMZ6vhYRykbEfRGCvD5eE8rRnDBh-zMfpL0i9,20240304,高知,11,F2,Ａ級特予選,base_color_7_bk,base_color_7,7,,014342,南部　亮太,,,長　崎,A2,A2,両,82.33,0,0,0,1,0
Qa46FBqdpnJl3JcAORj6Se7SzRVkmuU6uvOWX0Ikw_1YMRapASzrEnOm2pDNBPge,20240304,高知,12,F2,Ａ級初日特選,base_color_1_bk,base_color_1,1,,014671,山田　裕哉,,,岐　阜,S2,A1,両,92.71,0,0,2,2,0
Qa46FBqdpnJl3JcAORj6Se7SzRVkmuU6uvOWX0Ikw_1YMRapASzrEnOm2pDNBPge,20240304,高知,12,F2,Ａ級初日特選,base_color_2_bk,base_color_2,2,,015198,今村麟太郎,,,高　知,A1,A1,逃,91.55,4,5,1,0,9
Qa46FBqdpnJl3JcAORj6Se7SzRVkmuU6uvOWX0Ikw_1YMRapASzrEnOm2pDNBPge,20240304,高知,12,F2,Ａ級初日特選,base_color_3_bk,base_color_3,3,,015562,山本　浩成,,,福　岡,A1,A1,逃,94.87,1,9,5,0,5
Qa46FBqdpnJl3JcAORj6Se7SzRVkmuU6uvOWX0Ikw_1YMRapASzrEnOm2pDNBPge,20240304,高知,12,F2,Ａ級初日特選,base_color_4_bk,base_color_4,4,,015201,門田　凌,,,愛　媛,S1,A1,両,92.38,3,1,3,2,3
Qa46FBqdpnJl3JcAORj6Se7SzRVkmuU6uvOWX0Ikw_1YMRapASzrEnOm2pDNBPge,20240304,高知,12,F2,Ａ級初日特選,base_color_5_bk,base_color_5,5,,013058,富　弥昭,,,山　口,A1,A1,追,91.88,0,0,6,2,0
Qa46FBqdpnJl3JcAORj6Se7SzRVkmuU6uvOWX0Ikw_1YMRapASzrEnOm2pDNBPge,20240304,高知,12,F2,Ａ級初日特選,base_color_6_bk,base_color_6,6,,015193,今岡　徹二,,,広　島,A1,A1,両,91.25,1,0,9,4,1
Qa46FBqdpnJl3JcAORj6Se7SzRVkmuU6uvOWX0Ikw_1YMRapASzrEnOm2pDNBPge,20240304,高知,12,F2,Ａ級初日特選,base_color_7_bk,base_color_7,7,,014779,名川　豊,,,福　岡,S2,A1,追,92.45,0,1,1,6,1
TzXNr1IyQYXd8vmMpJjd_8BYVG3YnEZf-xresq8aDfT4haKV8-gt3Z6NCzTIiw8D,20240304,小倉,1,F2,Ａ級チャレンジ一般,base_color_1_bk,base_color_1,1,,012406,濱田昭一郎,,,鹿児島,A3,A3,追,70.03,0,0,3,4,0
TzXNr1IyQYXd8vmMpJjd_8BYVG3YnEZf-xresq8aDfT4haKV8-gt3Z6NCzTIiw8D,20240304,小倉,1,F2,Ａ級チャレンジ一般,base_color_2_bk,base_color_2,2,,011847,赤松　誠一,,,高　知,A3,A3,追,67.50,0,0,2,1,0
TzXNr1IyQYXd8vmMpJjd_8BYVG3YnEZf-xresq8aDfT4haKV8-gt3Z6NCzTIiw8D,20240304,小倉,1,F2,Ａ級チャレンジ一般,base_color_3_bk,base_color_3,3,,012836,大田　啓介,,,岡　山,A3,A3,追,64.91,0,0,1,1,0
TzXNr1IyQYXd8vmMpJjd_8BYVG3YnEZf-xresq8aDfT4haKV8-gt3Z6NCzTIiw8D,20240304,小倉,1,F2,Ａ級チャレンジ一般,base_color_4_bk,base_color_4,4,,015571,吉田　悟,,,熊　本,A3,A3,逃,69.94,4,2,1,1,10
TzXNr1IyQYXd8vmMpJjd_8BYVG3YnEZf-xresq8aDfT4haKV8-gt3Z6NCzTIiw8D,20240304,小倉,1,F2,Ａ級チャレンジ一般,base_color_5_bk,base_color_5,5,,014200,西村　尚文,,,鹿児島,A3,A3,追,64.33,0,0,0,0,0
TzXNr1IyQYXd8vmMpJjd_8BYVG3YnEZf-xresq8aDfT4haKV8-gt3Z6NCzTIiw8D,20240304,小倉,1,F2,Ａ級チャレンジ一般,base_color_6_bk,base_color_6,6,,015374,池川　瑠威,,,広　島,A3,A3,両,61.66,0,0,0,0,0
TzXNr1IyQYXd8vmMpJjd_8BYVG3YnEZf-xresq8aDfT4haKV8-gt3Z6NCzTIiw8D,20240304,小倉,1,F2,Ａ級チャレンジ一般,base_color_7_bk,base_color_7,7,,014957,永田　秀佑,,,長　崎,A3,A3,両,67.11,3,1,1,0,4
TzXNr1IyQYXd8vmMpJjd_37QIYWM8f2R8yEH6VqjXVojZWkJWzbueNHctpOyhvJE,20240304,小倉,2,F2,Ａ級チャレンジ一般,base_color_1_bk,base_color_1,1,,012906,太田　良政,,,岡　山,A3,A3,追,69.66,0,0,2,1,0
TzXNr1IyQYXd8vmMpJjd_37QIYWM8f2R8yEH6VqjXVojZWkJWzbueNHctpOyhvJE,20240304,小倉,2,F2,Ａ級チャレンジ一般,base_color_2_bk,base_color_2,2,,012373,中畑　利英,,,和歌山,A3,A3,追,66.05,0,0,0,1,0
TzXNr1IyQYXd8vmMpJjd_37QIYWM8f2R8yEH6VqjXVojZWkJWzbueNHctpOyhvJE,20240304,小倉,2,F2,Ａ級チャレンジ一般,base_color_3_bk,base_color_3,3,,011655,安藤　雄一,,,福　岡,A3,A3,追,65.70,0,0,1,0,0
TzXNr1IyQYXd8vmMpJjd_37QIYWM8f2R8yEH6VqjXVojZWkJWzbueNHctpOyhvJE,20240304,小倉,2,F2,Ａ級チャレンジ一般,base_color_4_bk,base_color_4,4,,015478,田　典幸,,,熊　本,A2,A3,逃,63.23,0,0,0,0,3
TzXNr1IyQYXd8vmMpJjd_37QIYWM8f2R8yEH6VqjXVojZWkJWzbueNHctpOyhvJE,20240304,小倉,2,F2,Ａ級チャレンジ一般,base_color_5_bk,base_color_5,5,,014395,竹田　慎一,,,富　山,A3,A3,逃,69.31,5,3,1,0,10
TzXNr1IyQYXd8vmMpJjd_37QIYWM8f2R8yEH6VqjXVojZWkJWzbueNHctpOyhvJE,20240304,小倉,2,F2,Ａ級チャレンジ一般,base_color_6_bk,base_color_6,6,,010914,谷尾　佳昭,color_blue,追加,岡　山,A3,A3,追,61.93,0,0,0,0,0
TzXNr1IyQYXd8vmMpJjd_37QIYWM8f2R8yEH6VqjXVojZWkJWzbueNHctpOyhvJE,20240304,小倉,2,F2,Ａ級チャレンジ一般,base_color_7_bk,base_color_7,7,,012054,礒田　義則,,,熊　本,A3,A3,追,65.40,0,0,1,1,0
TzXNr1IyQYXd8vmMpJjd_-pEt8i7-eGBZ62AnyXyEwrR3y7T6dVR8ZWPrL3u1kLl,20240304,小倉,3,F2,Ａ級チャレンジ選抜,base_color_1_bk,base_color_1,1,,012914,武市　和人,,,高　知,A3,A3,両,74.00,0,0,3,1,0
TzXNr1IyQYXd8vmMpJjd_-pEt8i7-eGBZ62AnyXyEwrR3y7T6dVR8ZWPrL3u1kLl,20240304,小倉,3,F2,Ａ級チャレンジ選抜,base_color_2_bk,base_color_2,2,,011741,澤亀　浩司,,,福　岡,A3,A3,追,69.69,0,1,2,3,0
TzXNr1IyQYXd8vmMpJjd_-pEt8i7-eGBZ62AnyXyEwrR3y7T6dVR8ZWPrL3u1kLl,20240304,小倉,3,F2,Ａ級チャレンジ選抜,base_color_3_bk,base_color_3,3,,015621,長谷川裕一,,,愛　知,A3,A3,逃,68.61,5,3,0,0,8
TzXNr1IyQYXd8vmMpJjd_-pEt8i7-eGBZ62AnyXyEwrR3y7T6dVR8ZWPrL3u1kLl,20240304,小倉,3,F2,Ａ級チャレンジ選抜,base_color_4_bk,base_color_4,4,,014780,古川　大輔,,,広　島,A3,A3,両,69.94,8,3,1,0,14
TzXNr1IyQYXd8vmMpJjd_-pEt8i7-eGBZ62AnyXyEwrR3y7T6dVR8ZWPrL3u1kLl,20240304,小倉,3,F2,Ａ級チャレンジ選抜,base_color_5_bk,base_color_5,5,,013588,齋藤　仁,color_blue,追加,徳　島,A2,A3,追,72.44,0,0,5,1,1
TzXNr1IyQYXd8vmMpJjd_-pEt8i7-eGBZ62AnyXyEwrR3y7T6dVR8ZWPrL3u1kLl,20240304,小倉,3,F2,Ａ級チャレンジ選抜,base_color_6_bk,base_color_6,6,,012671,滝川　秀嗣,,,愛　知,A3,A3,追,68.20,0,1,3,1,1
TzXNr1IyQYXd8vmMpJjd_-pEt8i7-eGBZ62AnyXyEwrR3y7T6dVR8ZWPrL3u1kLl,20240304,小倉,3,F2,Ａ級チャレンジ選抜,base_color_7_bk,base_color_7,7,,013223,木谷　凉,,,福　岡,A3,A3,追,72.27,0,0,5,2,0
TzXNr1IyQYXd8vmMpJjd_6cQwi_AOFMeLXCglWq0-dpwBXTzH2wq1o0DGvyLLLcZ,20240304,小倉,4,F2,Ａ級チャレンジ選抜,base_color_1_bk,base_color_1,1,,014482,松本　琢也,,,兵　庫,A3,A3,両,69.53,0,1,3,0,1
TzXNr1IyQYXd8vmMpJjd_6cQwi_AOFMeLXCglWq0-dpwBXTzH2wq1o0DGvyLLLcZ,20240304,小倉,4,F2,Ａ級チャレンジ選抜,base_color_2_bk,base_color_2,2,,014183,隅田　幸助,,,広　島,A2,A3,逃,74.52,4,2,2,1,8
TzXNr1IyQYXd8vmMpJjd_6cQwi_AOFMeLXCglWq0-dpwBXTzH2wq1o0DGvyLLLcZ,20240304,小倉,4,F2,Ａ級チャレンジ選抜,base_color_3_bk,base_color_3,3,,012988,沖　健一,,,高　知,A3,A3,追,68.79,0,0,1,1,0
TzXNr1IyQYXd8vmMpJjd_6cQwi_AOFMeLXCglWq0-dpwBXTzH2wq1o0DGvyLLLcZ,20240304,小倉,4,F2,Ａ級チャレンジ選抜,base_color_4_bk,base_color_4,4,,012444,垣外中勝哉,,,大　阪,A2,A3,追,71.26,0,0,1,1,0
TzXNr1IyQYXd8vmMpJjd_6cQwi_AOFMeLXCglWq0-dpwBXTzH2wq1o0DGvyLLLcZ,20240304,小倉,4,F2,Ａ級チャレンジ選抜,base_color_5_bk,base_color_5,5,,012774,大窪　輝之,,,熊　本,A3,A3,追,68.59,0,0,1,0,0
TzXNr1IyQYXd8vmMpJjd_6cQwi_AOFMeLXCglWq0-dpwBXTzH2wq1o0DGvyLLLcZ,20240304,小倉,4,F2,Ａ級チャレンジ選抜,base_color_6_bk,base_color_6,6,,013220,幸津　博,,,徳　島,A3,A3,追,67.90,0,0,1,0,0
TzXNr1IyQYXd8vmMpJjd_6cQwi_AOFMeLXCglWq0-dpwBXTzH2wq1o0DGvyLLLcZ,20240304,小倉,4,F2,Ａ級チャレンジ選抜,base_color_7_bk,base_color_7,7,,013647,光畑　政志,,,岡　山,A2,A3,追,74.08,0,1,4,3,0
TzXNr1IyQYXd8vmMpJjd_1EwBx2bc2HicYIRMDHi1feCzYLe9o056V3v8vuYkXvK,20240304,小倉,5,F2,Ｌ級ガールズ一般,base_color_1_bk,base_color_1,1,,015774,金田　舞夏,,,福　岡,L1,L1,両,48.52,0,0,1,1,1
TzXNr1IyQYXd8vmMpJjd_1EwBx2bc2HicYIRMDHi1feCzYLe9o056V3v8vuYkXvK,20240304,小倉,5,F2,Ｌ級ガールズ一般,base_color_2_bk,base_color_2,2,,014959,奈良岡彩子,,,神奈川,L1,L1,両,44.00,0,0,0,0,0
TzXNr1IyQYXd8vmMpJjd_1EwBx2bc2HicYIRMDHi1feCzYLe9o056V3v8vuYkXvK,20240304,小倉,5,F2,Ｌ級ガールズ一般,base_color_3_bk,base_color_3,3,,015577,本多　優,,,群　馬,L1,L1,両,47.16,0,0,0,0,0
TzXNr1IyQYXd8vmMpJjd_1EwBx2bc2HicYIRMDHi1feCzYLe9o056V3v8vuYkXvK,20240304,小倉,5,F2,Ｌ級ガールズ一般,base_color_4_bk,base_color_4,4,,015152,亀川　史華,,,長　野,L1,L1,両,46.33,0,0,0,0,0
TzXNr1IyQYXd8vmMpJjd_1EwBx2bc2HicYIRMDHi1feCzYLe9o056V3v8vuYkXvK,20240304,小倉,5,F2,Ｌ級ガールズ一般,base_color_5_bk,base_color_5,5,,015407,出口　倫子,,,長　崎,L1,L1,両,45.81,0,0,0,0,0
TzXNr1IyQYXd8vmMpJjd_1EwBx2bc2HicYIRMDHi1feCzYLe9o056V3v8vuYkXvK,20240304,小倉,5,F2,Ｌ級ガールズ一般,base_color_6_bk,base_color_6,6,,015391,伊藤のぞみ,,,北海道,L1,L1,両,51.19,0,0,0,5,0
TzXNr1IyQYXd8vmMpJjd_1EwBx2bc2HicYIRMDHi1feCzYLe9o056V3v8vuYkXvK,20240304,小倉,5,F2,Ｌ級ガールズ一般,base_color_7_bk,base_color_7,7,,015319,橋本　佳耶,color_blue,補充,熊　本,L1,L1,両,47.70,0,1,0,1,4
TzXNr1IyQYXd8vmMpJjd_8UgyAdAmf1WzjRFLQ2iZUfqJDDXL04bQ7DmQTsTy-Uh,20240304,小倉,6,F2,Ａ級特一般,base_color_1_bk,base_color_1,1,,014598,岡崎　祥伍,,,岐　阜,A1,A2,追,82.61,0,1,3,0,1
TzXNr1IyQYXd8vmMpJjd_8UgyAdAmf1WzjRFLQ2iZUfqJDDXL04bQ7DmQTsTy-Uh,20240304,小倉,6,F2,Ａ級特一般,base_color_2_bk,base_color_2,2,,014046,秋山　貴宏,,,佐　賀,A3,A2,両,79.33,0,1,3,4,0
TzXNr1IyQYXd8vmMpJjd_8UgyAdAmf1WzjRFLQ2iZUfqJDDXL04bQ7DmQTsTy-Uh,20240304,小倉,6,F2,Ａ級特一般,base_color_3_bk,base_color_3,3,,014193,玉手　翔,,,兵　庫,A1,A1,追,85.32,0,0,2,3,0
TzXNr1IyQYXd8vmMpJjd_8UgyAdAmf1WzjRFLQ2iZUfqJDDXL04bQ7DmQTsTy-Uh,20240304,小倉,6,F2,Ａ級特一般,base_color_4_bk,base_color_4,4,,014392,北村　篤,,,岐　阜,A2,A2,追,79.62,0,0,0,0,0
TzXNr1IyQYXd8vmMpJjd_8UgyAdAmf1WzjRFLQ2iZUfqJDDXL04bQ7DmQTsTy-Uh,20240304,小倉,6,F2,Ａ級特一般,base_color_5_bk,base_color_5,5,,015652,橋本　陸,,,福　岡,A2,A2,逃,82.11,1,1,1,0,5
TzXNr1IyQYXd8vmMpJjd_8UgyAdAmf1WzjRFLQ2iZUfqJDDXL04bQ7DmQTsTy-Uh,20240304,小倉,6,F2,Ａ級特一般,base_color_6_bk,base_color_6,6,,010577,佐々木浩三,,,佐　賀,A3,A2,追,73.25,0,0,0,0,0
TzXNr1IyQYXd8vmMpJjd_8UgyAdAmf1WzjRFLQ2iZUfqJDDXL04bQ7DmQTsTy-Uh,20240304,小倉,6,F2,Ａ級特一般,base_color_7_bk,base_color_7,7,,012832,仙石　淳,,,滋　賀,A2,A2,追,78.91,0,0,1,0,0
TzXNr1IyQYXd8vmMpJjd_-0vDB7fOapYuMk1bHsMXXlpP_t8kL-7EkPAYle_DtpF,20240304,小倉,7,F2,Ａ級特一般,base_color_1_bk,base_color_1,1,,013370,三槻　智清,,,佐　賀,A2,A2,追,80.68,0,0,0,2,0
TzXNr1IyQYXd8vmMpJjd_-0vDB7fOapYuMk1bHsMXXlpP_t8kL-7EkPAYle_DtpF,20240304,小倉,7,F2,Ａ級特一般,base_color_2_bk,base_color_2,2,,012128,山根　泰道,,,岡　山,A2,A2,追,81.50,0,0,1,0,0
TzXNr1IyQYXd8vmMpJjd_-0vDB7fOapYuMk1bHsMXXlpP_t8kL-7EkPAYle_DtpF,20240304,小倉,7,F2,Ａ級特一般,base_color_3_bk,base_color_3,3,,014829,桜井　雄太,,,愛　知,A1,A2,逃,81.29,2,5,0,1,7
TzXNr1IyQYXd8vmMpJjd_-0vDB7fOapYuMk1bHsMXXlpP_t8kL-7EkPAYle_DtpF,20240304,小倉,7,F2,Ａ級特一般,base_color_4_bk,base_color_4,4,,012913,増田　鉄男,,,徳　島,A2,A2,追,85.84,0,0,0,2,0
TzXNr1IyQYXd8vmMpJjd_-0vDB7fOapYuMk1bHsMXXlpP_t8kL-7EkPAYle_DtpF,20240304,小倉,7,F2,Ａ級特一般,base_color_5_bk,base_color_5,5,,014093,窪田　陽介,,,滋　賀,A1,A2,追,83.83,0,0,4,0,0
TzXNr1IyQYXd8vmMpJjd_-0vDB7fOapYuMk1bHsMXXlpP_t8kL-7EkPAYle_DtpF,20240304,小倉,7,F2,Ａ級特一般,base_color_6_bk,base_color_6,6,,014266,宮本　龍一,,,福　岡,A2,A2,両,0.00,0,0,0,0,0
TzXNr1IyQYXd8vmMpJjd_-0vDB7fOapYuMk1bHsMXXlpP_t8kL-7EkPAYle_DtpF,20240304,小倉,7,F2,Ａ級特一般,base_color_7_bk,base_color_7,7,,015281,増田　仁,,,広　島,A1,A1,逃,85.90,12,3,2,1,15
TzXNr1IyQYXd8vmMpJjd_-31nstXtY47SGQv1STCVTc18GN1hO4jhwe2ZDx2-8NP,20240304,小倉,8,F2,Ａ級特選,base_color_1_bk,base_color_1,1,,013491,近藤　範昌,,,岡　山,A1,A1,追,87.68,1,0,2,3,1
TzXNr1IyQYXd8vmMpJjd_-31nstXtY47SGQv1STCVTc18GN1hO4jhwe2ZDx2-8NP,20240304,小倉,8,F2,Ａ級特選,base_color_2_bk,base_color_2,2,,013892,梶山裕次郎,,,福　岡,A2,A1,追,83.21,0,0,0,0,0
TzXNr1IyQYXd8vmMpJjd_-31nstXtY47SGQv1STCVTc18GN1hO4jhwe2ZDx2-8NP,20240304,小倉,8,F2,Ａ級特選,base_color_3_bk,base_color_3,3,,015194,船瀬　惇平,,,広　島,A1,A2,逃,87.85,9,1,1,0,12
TzXNr1IyQYXd8vmMpJjd_-31nstXtY47SGQv1STCVTc18GN1hO4jhwe2ZDx2-8NP,20240304,小倉,8,F2,Ａ級特選,base_color_4_bk,base_color_4,4,,014374,屋良　朝春,,,沖　縄,A1,A1,両,85.61,1,0,4,3,2
TzXNr1IyQYXd8vmMpJjd_-31nstXtY47SGQv1STCVTc18GN1hO4jhwe2ZDx2-8NP,20240304,小倉,8,F2,Ａ級特選,base_color_5_bk,base_color_5,5,,014881,山崎　泰己,,,岡　山,A1,A2,追,92.33,0,1,7,7,0
TzXNr1IyQYXd8vmMpJjd_-31nstXtY47SGQv1STCVTc18GN1hO4jhwe2ZDx2-8NP,20240304,小倉,8,F2,Ａ級特選,base_color_6_bk,base_color_6,6,,015284,田村　裕也,,,徳　島,A3,A2,逃,76.52,1,1,0,0,11
TzXNr1IyQYXd8vmMpJjd_-31nstXtY47SGQv1STCVTc18GN1hO4jhwe2ZDx2-8NP,20240304,小倉,8,F2,Ａ級特選,base_color_7_bk,base_color_7,7,,014929,小酒　大勇,,,宮　崎,S2,A1,追,96.32,0,5,6,1,2
TzXNr1IyQYXd8vmMpJjd_yoGtmrtjDgQHBpdemvJKQKF2qt2JlIirXARJtRON_Vp,20240304,小倉,9,F2,Ａ級特選,base_color_1_bk,base_color_1,1,,014474,山崎　晃,,,石　川,A1,A2,両,84.77,4,2,0,2,12
TzXNr1IyQYXd8vmMpJjd_yoGtmrtjDgQHBpdemvJKQKF2qt2JlIirXARJtRON_Vp,20240304,小倉,9,F2,Ａ級特選,base_color_2_bk,base_color_2,2,,013068,城戸崎隆史,,,福　岡,A1,A1,両,82.20,0,0,2,1,1
TzXNr1IyQYXd8vmMpJjd_yoGtmrtjDgQHBpdemvJKQKF2qt2JlIirXARJtRON_Vp,20240304,小倉,9,F2,Ａ級特選,base_color_3_bk,base_color_3,3,,014109,吉松　直人,,,高　知,S2,A1,追,94.58,0,3,7,1,1
TzXNr1IyQYXd8vmMpJjd_yoGtmrtjDgQHBpdemvJKQKF2qt2JlIirXARJtRON_Vp,20240304,小倉,9,F2,Ａ級特選,base_color_4_bk,base_color_4,4,,012899,中井　護,,,滋　賀,A1,A1,追,90.03,0,0,6,3,0
TzXNr1IyQYXd8vmMpJjd_yoGtmrtjDgQHBpdemvJKQKF2qt2JlIirXARJtRON_Vp,20240304,小倉,9,F2,Ａ級特選,base_color_5_bk,base_color_5,5,,015377,蒋野　翔太,,,徳　島,S2,A1,逃,92.52,4,3,0,0,11
TzXNr1IyQYXd8vmMpJjd_yoGtmrtjDgQHBpdemvJKQKF2qt2JlIirXARJtRON_Vp,20240304,小倉,9,F2,Ａ級特選,base_color_6_bk,base_color_6,6,,015482,松本　一志,,,宮　崎,A2,A2,逃,80.20,6,1,0,0,8
TzXNr1IyQYXd8vmMpJjd_yoGtmrtjDgQHBpdemvJKQKF2qt2JlIirXARJtRON_Vp,20240304,小倉,9,F2,Ａ級特選,base_color_7_bk,base_color_7,7,,013722,宝満　大作,,,岐　阜,A1,A1,追,86.90,0,0,3,2,0
TzXNr1IyQYXd8vmMpJjd_x_cwQY6X9if20HJjJzqBf79xvUNfr3_h4B7llTzc8wb,20240304,小倉,10,F2,Ａ級チャレンジ決勝,base_color_1_bk,base_color_1,1,,014687,井上　将志,,,福　岡,A2,A3,両,78.85,0,2,7,3,0
TzXNr1IyQYXd8vmMpJjd_x_cwQY6X9if20HJjJzqBf79xvUNfr3_h4B7llTzc8wb,20240304,小倉,10,F2,Ａ級チャレンジ決勝,base_color_2_bk,base_color_2,2,,015726,龍野琳太郎,,,岡　山,A3,A3,逃,74.04,10,1,1,0,14
TzXNr1IyQYXd8vmMpJjd_x_cwQY6X9if20HJjJzqBf79xvUNfr3_h4B7llTzc8wb,20240304,小倉,10,F2,Ａ級チャレンジ決勝,base_color_3_bk,base_color_3,3,,015210,白濱　一平,,,長　崎,A2,A3,両,76.75,1,2,0,0,4
TzXNr1IyQYXd8vmMpJjd_x_cwQY6X9if20HJjJzqBf79xvUNfr3_h4B7llTzc8wb,20240304,小倉,10,F2,Ａ級チャレンジ決勝,base_color_4_bk,base_color_4,4,,015748,田中　会心,,,熊　本,A3,A3,逃,75.91,12,2,0,0,16
TzXNr1IyQYXd8vmMpJjd_x_cwQY6X9if20HJjJzqBf79xvUNfr3_h4B7llTzc8wb,20240304,小倉,10,F2,Ａ級チャレンジ決勝,base_color_5_bk,base_color_5,5,,015737,火島　裕輝,color_blue,追加,愛　媛,A3,A3,逃,74.31,6,5,1,0,11
TzXNr1IyQYXd8vmMpJjd_x_cwQY6X9if20HJjJzqBf79xvUNfr3_h4B7llTzc8wb,20240304,小倉,10,F2,Ａ級チャレンジ決勝,base_color_6_bk,base_color_6,6,,015754,成海　大聖,,,沖　縄,A3,A3,逃,71.11,3,4,0,1,7
TzXNr1IyQYXd8vmMpJjd_x_cwQY6X9if20HJjJzqBf79xvUNfr3_h4B7llTzc8wb,20240304,小倉,10,F2,Ａ級チャレンジ決勝,base_color_7_bk,base_color_7,7,,015209,中野　真吾,,,佐　賀,A2,A3,逃,77.83,8,5,1,0,11
TzXNr1IyQYXd8vmMpJjd_wvkvZlb1MQmzFn2fOP0KEhXdBXhrufsEzszmN8cYyen,20240304,小倉,11,F2,Ｌ級ガールズ決勝,base_color_1_bk,base_color_1,1,,015027,長澤　彩,,,福　岡,L1,L1,両,52.57,0,1,1,3,0
TzXNr1IyQYXd8vmMpJjd_wvkvZlb1MQmzFn2fOP0KEhXdBXhrufsEzszmN8cYyen,20240304,小倉,11,F2,Ｌ級ガールズ決勝,base_color_2_bk,base_color_2,2,,014974,山原さくら,,,高　知,L1,L1,両,56.47,2,16,0,0,14
TzXNr1IyQYXd8vmMpJjd_wvkvZlb1MQmzFn2fOP0KEhXdBXhrufsEzszmN8cYyen,20240304,小倉,11,F2,Ｌ級ガールズ決勝,base_color_3_bk,base_color_3,3,,015023,石井　貴子,,,千　葉,L1,L1,両,56.19,0,8,9,1,2
TzXNr1IyQYXd8vmMpJjd_wvkvZlb1MQmzFn2fOP0KEhXdBXhrufsEzszmN8cYyen,20240304,小倉,11,F2,Ｌ級ガールズ決勝,base_color_4_bk,base_color_4,4,,015402,鈴木　樹里,color_blue,追加,福　島,L1,L1,両,49.28,0,0,2,2,1
TzXNr1IyQYXd8vmMpJjd_wvkvZlb1MQmzFn2fOP0KEhXdBXhrufsEzszmN8cYyen,20240304,小倉,11,F2,Ｌ級ガールズ決勝,base_color_5_bk,base_color_5,5,,015315,渡口まりあ,,,山　口,L1,L1,両,50.41,3,1,2,2,6
TzXNr1IyQYXd8vmMpJjd_wvkvZlb1MQmzFn2fOP0KEhXdBXhrufsEzszmN8cYyen,20240304,小倉,11,F2,Ｌ級ガールズ決勝,base_color_6_bk,base_color_6,6,,015578,飯田　風音,,,埼　玉,L1,L1,両,55.87,5,4,4,1,2
TzXNr1IyQYXd8vmMpJjd_wvkvZlb1MQmzFn2fOP0KEhXdBXhrufsEzszmN8cYyen,20240304,小倉,11,F2,Ｌ級ガールズ決勝,base_color_7_bk,base_color_7,7,,015502,廣木　まこ,,,福　岡,L1,L1,両,53.23,4,6,2,1,11
TzXNr1IyQYXd8vmMpJjd_4L9yLIg6CPCdA4Ov2PBfmHU_vy_k89ffXSSRAClLgxz,20240304,小倉,12,F2,Ａ級決勝,base_color_1_bk,base_color_1,1,,014473,重倉　高史,,,富　山,S2,A1,両,92.86,5,0,2,0,10
TzXNr1IyQYXd8vmMpJjd_4L9yLIg6CPCdA4Ov2PBfmHU_vy_k89ffXSSRAClLgxz,20240304,小倉,12,F2,Ａ級決勝,base_color_2_bk,base_color_2,2,,014674,丹波　孝佑,,,大　阪,A1,A1,逃,90.48,12,2,0,0,20
TzXNr1IyQYXd8vmMpJjd_4L9yLIg6CPCdA4Ov2PBfmHU_vy_k89ffXSSRAClLgxz,20240304,小倉,12,F2,Ａ級決勝,base_color_3_bk,base_color_3,3,,015445,内藤　久文,,,愛　知,A1,A1,逃,90.16,10,2,0,0,15
TzXNr1IyQYXd8vmMpJjd_4L9yLIg6CPCdA4Ov2PBfmHU_vy_k89ffXSSRAClLgxz,20240304,小倉,12,F2,Ａ級決勝,base_color_4_bk,base_color_4,4,,015665,福田　要,,,宮　崎,A2,A2,逃,89.57,3,7,2,0,5
TzXNr1IyQYXd8vmMpJjd_4L9yLIg6CPCdA4Ov2PBfmHU_vy_k89ffXSSRAClLgxz,20240304,小倉,12,F2,Ａ級決勝,base_color_5_bk,base_color_5,5,,014245,後藤　彰仁,,,岐　阜,A1,A1,追,91.09,0,0,4,5,0
TzXNr1IyQYXd8vmMpJjd_4L9yLIg6CPCdA4Ov2PBfmHU_vy_k89ffXSSRAClLgxz,20240304,小倉,12,F2,Ａ級決勝,base_color_6_bk,base_color_6,6,,014758,中野　智公,,,和歌山,A1,A1,追,87.42,0,0,3,3,0
TzXNr1IyQYXd8vmMpJjd_4L9yLIg6CPCdA4Ov2PBfmHU_vy_k89ffXSSRAClLgxz,20240304,小倉,12,F2,Ａ級決勝,base_color_7_bk,base_color_7,7,,013570,加藤　寛治,,,愛　知,S2,A1,両,92.00,0,1,4,3,0
D7zTldhOQz1frw-9PCXWBW_2Y_DwqYz4-9rP-2wYTWuaV4IdQgC-ZZASQfcwk3Fh,20240304,武雄,1,F2,Ａ級チャレンジ一般,base_color_1_bk,base_color_1,1,,012509,岡嵜　浩一,,,神奈川,A2,A3,追,74.85,0,1,0,4,0
D7zTldhOQz1frw-9PCXWBW_2Y_DwqYz4-9rP-2wYTWuaV4IdQgC-ZZASQfcwk3Fh,20240304,武雄,1,F2,Ａ級チャレンジ一般,base_color_2_bk,base_color_2,2,,014625,藤野　貴章,color_blue,補充,佐　賀,A3,A3,追,73.11,0,0,10,7,1
D7zTldhOQz1frw-9PCXWBW_2Y_DwqYz4-9rP-2wYTWuaV4IdQgC-ZZASQfcwk3Fh,20240304,武雄,1,F2,Ａ級チャレンジ一般,base_color_3_bk,base_color_3,3,,014216,田村　純一,,,福　島,A3,A3,逃,72.29,3,7,0,0,10
D7zTldhOQz1frw-9PCXWBW_2Y_DwqYz4-9rP-2wYTWuaV4IdQgC-ZZASQfcwk3Fh,20240304,武雄,1,F2,Ａ級チャレンジ一般,base_color_4_bk,base_color_4,4,,012472,大山　泰伸,color_blue,追加,香　川,A3,A3,追,72.15,0,2,2,3,1
D7zTldhOQz1frw-9PCXWBW_2Y_DwqYz4-9rP-2wYTWuaV4IdQgC-ZZASQfcwk3Fh,20240304,武雄,1,F2,Ａ級チャレンジ一般,base_color_5_bk,base_color_5,5,,013174,古寺　伸洋,,,埼　玉,A3,A3,追,69.00,0,0,2,1,1
D7zTldhOQz1frw-9PCXWBW_2Y_DwqYz4-9rP-2wYTWuaV4IdQgC-ZZASQfcwk3Fh,20240304,武雄,1,F2,Ａ級チャレンジ一般,base_color_6_bk,base_color_6,6,,012885,田中　智也,,,静　岡,A3,A3,追,68.28,0,0,2,1,0
D7zTldhOQz1frw-9PCXWBbGdEJaBqlenWnCxgTzlT_kGHjVj2LX7OVqGHbFlRvNv,20240304,武雄,2,F2,Ａ級チャレンジ一般,base_color_1_bk,base_color_1,1,,014880,野見　泰要,color_blue,補充,岡　山,A3,A3,逃,72.70,18,2,1,1,31
D7zTldhOQz1frw-9PCXWBbGdEJaBqlenWnCxgTzlT_kGHjVj2LX7OVqGHbFlRvNv,20240304,武雄,2,F2,Ａ級チャレンジ一般,base_color_2_bk,base_color_2,2,,011574,坂本　英一,,,栃　木,A3,A3,追,71.55,0,0,6,3,0
D7zTldhOQz1frw-9PCXWBbGdEJaBqlenWnCxgTzlT_kGHjVj2LX7OVqGHbFlRvNv,20240304,武雄,2,F2,Ａ級チャレンジ一般,base_color_3_bk,base_color_3,3,,014287,齋藤　昌太,,,栃　木,A3,A3,追,70.55,0,0,2,2,0
D7zTldhOQz1frw-9PCXWBbGdEJaBqlenWnCxgTzlT_kGHjVj2LX7OVqGHbFlRvNv,20240304,武雄,2,F2,Ａ級チャレンジ一般,base_color_4_bk,base_color_4,4,,013907,佐藤　正吾,,,宮　城,A3,A3,追,69.80,0,0,2,2,0
D7zTldhOQz1frw-9PCXWBbGdEJaBqlenWnCxgTzlT_kGHjVj2LX7OVqGHbFlRvNv,20240304,武雄,2,F2,Ａ級チャレンジ一般,base_color_5_bk,base_color_5,5,,014349,佐藤　純嘉,,,青　森,A3,A3,追,68.61,0,0,1,0,0
D7zTldhOQz1frw-9PCXWBbGdEJaBqlenWnCxgTzlT_kGHjVj2LX7OVqGHbFlRvNv,20240304,武雄,2,F2,Ａ級チャレンジ一般,base_color_6_bk,base_color_6,6,,012701,升澤　祥晃,,,愛　媛,A3,A3,追,66.50,0,0,1,2,0
D7zTldhOQz1frw-9PCXWBfi1rreXeDnleG8znXjQqV6P-eYcnXtZHsTM317vXYr6,20240304,武雄,3,F2,Ａ級チャレンジ選抜,base_color_1_bk,base_color_1,1,,013840,高瀬　卓,,,埼　玉,A1,A3,両,76.83,0,0,6,3,0
D7zTldhOQz1frw-9PCXWBfi1rreXeDnleG8znXjQqV6P-eYcnXtZHsTM317vXYr6,20240304,武雄,3,F2,Ａ級チャレンジ選抜,base_color_2_bk,base_color_2,2,,015685,小笠原一真,,,青　森,A3,A3,逃,75.22,9,2,0,0,10
D7zTldhOQz1frw-9PCXWBfi1rreXeDnleG8znXjQqV6P-eYcnXtZHsTM317vXYr6,20240304,武雄,3,F2,Ａ級チャレンジ選抜,base_color_3_bk,base_color_3,3,,015732,宮道　良輔,,,徳　島,A3,A3,逃,75.04,9,2,1,0,14
D7zTldhOQz1frw-9PCXWBfi1rreXeDnleG8znXjQqV6P-eYcnXtZHsTM317vXYr6,20240304,武雄,3,F2,Ａ級チャレンジ選抜,base_color_4_bk,base_color_4,4,,013513,南　和夫,,,福　岡,A2,A3,追,73.76,0,0,3,2,0
D7zTldhOQz1frw-9PCXWBfi1rreXeDnleG8znXjQqV6P-eYcnXtZHsTM317vXYr6,20240304,武雄,3,F2,Ａ級チャレンジ選抜,base_color_5_bk,base_color_5,5,,013558,永井　隆一,,,東　京,A3,A3,追,70.94,0,0,3,2,0
D7zTldhOQz1frw-9PCXWBfi1rreXeDnleG8znXjQqV6P-eYcnXtZHsTM317vXYr6,20240304,武雄,3,F2,Ａ級チャレンジ選抜,base_color_6_bk,base_color_6,6,,015699,助川翔太郎,,,埼　玉,A3,A3,逃,70.33,5,0,0,0,7
D7zTldhOQz1frw-9PCXWBfi1rreXeDnleG8znXjQqV6P-eYcnXtZHsTM317vXYr6,20240304,武雄,3,F2,Ａ級チャレンジ選抜,base_color_7_bk,base_color_7,7,,013109,志村　正洋,,,神奈川,A3,A3,追,69.51,0,0,2,1,0
D7zTldhOQz1frw-9PCXWBVD_kC5eV0TyOJ5kiwm_bJ6tk6JJVXUSrDbl9-j50f3B,20240304,武雄,4,F2,Ａ級特一般,base_color_1_bk,base_color_1,1,,014087,高橋　隆太,,,静　岡,A2,A1,追,86.47,0,0,4,0,0
D7zTldhOQz1frw-9PCXWBVD_kC5eV0TyOJ5kiwm_bJ6tk6JJVXUSrDbl9-j50f3B,20240304,武雄,4,F2,Ａ級特一般,base_color_2_bk,base_color_2,2,,014359,関根　彰人,,,沖　縄,A2,A1,追,84.59,0,0,6,0,0
D7zTldhOQz1frw-9PCXWBVD_kC5eV0TyOJ5kiwm_bJ6tk6JJVXUSrDbl9-j50f3B,20240304,武雄,4,F2,Ａ級特一般,base_color_3_bk,base_color_3,3,,014492,飯塚　隼人,color_blue,補充,佐　賀,A1,A2,両,82.66,2,4,1,1,7
D7zTldhOQz1frw-9PCXWBVD_kC5eV0TyOJ5kiwm_bJ6tk6JJVXUSrDbl9-j50f3B,20240304,武雄,4,F2,Ａ級特一般,base_color_4_bk,base_color_4,4,,015156,門脇　翼,,,秋　田,A2,A2,逃,79.36,0,0,0,1,3
D7zTldhOQz1frw-9PCXWBVD_kC5eV0TyOJ5kiwm_bJ6tk6JJVXUSrDbl9-j50f3B,20240304,武雄,4,F2,Ａ級特一般,base_color_5_bk,base_color_5,5,,012910,塩川真一郎,color_blue,追加,広　島,A2,A2,追,78.86,0,0,0,0,0
D7zTldhOQz1frw-9PCXWBVD_kC5eV0TyOJ5kiwm_bJ6tk6JJVXUSrDbl9-j50f3B,20240304,武雄,4,F2,Ａ級特一般,base_color_6_bk,base_color_6,6,,014274,吉成　晃一,,,熊　本,A2,A2,追,78.75,0,0,2,0,0
D7zTldhOQz1frw-9PCXWBVD_kC5eV0TyOJ5kiwm_bJ6tk6JJVXUSrDbl9-j50f3B,20240304,武雄,4,F2,Ａ級特一般,base_color_7_bk,base_color_7,7,,013398,関　敬,,,栃　木,A3,A2,追,74.00,0,0,0,1,0
D7zTldhOQz1frw-9PCXWBSItXEypuohdaScvoq6KDRqONkEQE40k-344-mxucPwA,20240304,武雄,5,F2,Ａ級特一般,base_color_1_bk,base_color_1,1,,014142,矢野　昌彦,,,栃　木,S2,A2,逃,96.31,3,4,1,1,6
D7zTldhOQz1frw-9PCXWBSItXEypuohdaScvoq6KDRqONkEQE40k-344-mxucPwA,20240304,武雄,5,F2,Ａ級特一般,base_color_2_bk,base_color_2,2,,014684,松本　卓也,,,徳　島,A1,A1,逃,84.47,5,0,0,0,12
D7zTldhOQz1frw-9PCXWBSItXEypuohdaScvoq6KDRqONkEQE40k-344-mxucPwA,20240304,武雄,5,F2,Ａ級特一般,base_color_3_bk,base_color_3,3,,014514,古川　宗行,,,東　京,A1,A1,追,83.95,0,0,1,4,0
D7zTldhOQz1frw-9PCXWBSItXEypuohdaScvoq6KDRqONkEQE40k-344-mxucPwA,20240304,武雄,5,F2,Ａ級特一般,base_color_4_bk,base_color_4,4,,013142,黒田　大介,color_blue,追加,愛　媛,A2,A2,追,82.85,0,1,0,2,1
D7zTldhOQz1frw-9PCXWBSItXEypuohdaScvoq6KDRqONkEQE40k-344-mxucPwA,20240304,武雄,5,F2,Ａ級特一般,base_color_5_bk,base_color_5,5,,013969,武田　良太,,,愛　媛,A1,A2,追,81.83,0,0,1,1,0
D7zTldhOQz1frw-9PCXWBSItXEypuohdaScvoq6KDRqONkEQE40k-344-mxucPwA,20240304,武雄,5,F2,Ａ級特一般,base_color_6_bk,base_color_6,6,,013214,水本　博行,,,岡　山,A3,A2,追,78.88,0,0,4,3,0
D7zTldhOQz1frw-9PCXWBSItXEypuohdaScvoq6KDRqONkEQE40k-344-mxucPwA,20240304,武雄,5,F2,Ａ級特一般,base_color_7_bk,base_color_7,7,,012092,高木　隆弘,,,神奈川,A1,A2,追,0.00,0,0,0,0,0
D7zTldhOQz1frw-9PCXWBfKq4tNadXj8Y2g2wDcwNGh8o6MyDTgmJpoo3IhjQf7P,20240304,武雄,6,F2,Ａ級特選,base_color_1_bk,base_color_1,1,,013188,山田　幸司,,,神奈川,A1,A1,追,91.66,0,0,1,3,0
D7zTldhOQz1frw-9PCXWBfKq4tNadXj8Y2g2wDcwNGh8o6MyDTgmJpoo3IhjQf7P,20240304,武雄,6,F2,Ａ級特選,base_color_2_bk,base_color_2,2,,014502,相笠　翔太,,,福　島,A1,A1,両,89.41,1,4,5,2,1
D7zTldhOQz1frw-9PCXWBfKq4tNadXj8Y2g2wDcwNGh8o6MyDTgmJpoo3IhjQf7P,20240304,武雄,6,F2,Ａ級特選,base_color_3_bk,base_color_3,3,,012326,國武　耕二,,,佐　賀,A1,A1,追,86.16,0,0,2,3,0
D7zTldhOQz1frw-9PCXWBfKq4tNadXj8Y2g2wDcwNGh8o6MyDTgmJpoo3IhjQf7P,20240304,武雄,6,F2,Ａ級特選,base_color_4_bk,base_color_4,4,,014891,小岩　哲也,,,大　分,A2,A2,逃,85.71,1,3,3,1,1
D7zTldhOQz1frw-9PCXWBfKq4tNadXj8Y2g2wDcwNGh8o6MyDTgmJpoo3IhjQf7P,20240304,武雄,6,F2,Ａ級特選,base_color_5_bk,base_color_5,5,,013183,坂木田雄介,,,千　葉,A1,A1,逃,83.35,3,2,1,0,14
D7zTldhOQz1frw-9PCXWBfKq4tNadXj8Y2g2wDcwNGh8o6MyDTgmJpoo3IhjQf7P,20240304,武雄,6,F2,Ａ級特選,base_color_6_bk,base_color_6,6,,013385,鎌田　聡,,,宮　城,A2,A2,追,82.42,0,0,2,3,0
D7zTldhOQz1frw-9PCXWBfKq4tNadXj8Y2g2wDcwNGh8o6MyDTgmJpoo3IhjQf7P,20240304,武雄,6,F2,Ａ級特選,base_color_7_bk,base_color_7,7,,015563,久保　光司,,,佐　賀,A3,A2,逃,79.23,3,1,1,0,8
D7zTldhOQz1frw-9PCXWBfl7tL8X5ilARCrUcPJpN9Jspu5yiBOc1g9lGWba51Xk,20240304,武雄,7,F2,Ａ級特選,base_color_1_bk,base_color_1,1,,015244,植原　琢也,,,埼　玉,S2,A1,逃,90.52,2,0,2,1,9
D7zTldhOQz1frw-9PCXWBfl7tL8X5ilARCrUcPJpN9Jspu5yiBOc1g9lGWba51Xk,20240304,武雄,7,F2,Ａ級特選,base_color_2_bk,base_color_2,2,,014620,二條　祐也,,,徳　島,A1,A1,追,89.66,0,0,5,4,0
D7zTldhOQz1frw-9PCXWBfl7tL8X5ilARCrUcPJpN9Jspu5yiBOc1g9lGWba51Xk,20240304,武雄,7,F2,Ａ級特選,base_color_3_bk,base_color_3,3,,012838,三木　健治,color_blue,追加,沖　縄,A2,A2,追,87.15,0,0,5,2,0
D7zTldhOQz1frw-9PCXWBfl7tL8X5ilARCrUcPJpN9Jspu5yiBOc1g9lGWba51Xk,20240304,武雄,7,F2,Ａ級特選,base_color_4_bk,base_color_4,4,,015560,林　昴,,,福　岡,A1,A1,逃,85.38,5,1,2,0,9
D7zTldhOQz1frw-9PCXWBfl7tL8X5ilARCrUcPJpN9Jspu5yiBOc1g9lGWba51Xk,20240304,武雄,7,F2,Ａ級特選,base_color_5_bk,base_color_5,5,,013902,岩崎　将士,,,青　森,A1,A1,追,83.08,0,0,2,2,0
D7zTldhOQz1frw-9PCXWBfl7tL8X5ilARCrUcPJpN9Jspu5yiBOc1g9lGWba51Xk,20240304,武雄,7,F2,Ａ級特選,base_color_6_bk,base_color_6,6,,015643,小川将二郎,,,徳　島,A2,A2,逃,82.40,0,1,0,1,2
D7zTldhOQz1frw-9PCXWBfl7tL8X5ilARCrUcPJpN9Jspu5yiBOc1g9lGWba51Xk,20240304,武雄,7,F2,Ａ級特選,base_color_7_bk,base_color_7,7,,014615,藤原　亮太,,,岡　山,A2,A2,両,82.16,0,4,0,0,2
D7zTldhOQz1frw-9PCXWBZkT_OPQptZ2nfWpRtw9OluuW0MpNlxQ62kP25CakhQy,20240304,武雄,8,F2,Ａ級チャレンジ決勝,base_color_1_bk,base_color_1,1,,015746,峯口　司,color_blue,追加,長　崎,A3,A3,逃,76.76,3,5,0,0,6
D7zTldhOQz1frw-9PCXWBZkT_OPQptZ2nfWpRtw9OluuW0MpNlxQ62kP25CakhQy,20240304,武雄,8,F2,Ａ級チャレンジ決勝,base_color_2_bk,base_color_2,2,,013039,松山　正和,,,静　岡,A2,A3,追,76.76,0,0,4,5,0
D7zTldhOQz1frw-9PCXWBZkT_OPQptZ2nfWpRtw9OluuW0MpNlxQ62kP25CakhQy,20240304,武雄,8,F2,Ａ級チャレンジ決勝,base_color_3_bk,base_color_3,3,,015752,石川　航大,,,宮　崎,A3,A3,逃,76.51,7,13,0,0,15
D7zTldhOQz1frw-9PCXWBZkT_OPQptZ2nfWpRtw9OluuW0MpNlxQ62kP25CakhQy,20240304,武雄,8,F2,Ａ級チャレンジ決勝,base_color_4_bk,base_color_4,4,,012299,増成　富夫,,,岡　山,A2,A3,逃,75.40,3,1,4,0,6
D7zTldhOQz1frw-9PCXWBZkT_OPQptZ2nfWpRtw9OluuW0MpNlxQ62kP25CakhQy,20240304,武雄,8,F2,Ａ級チャレンジ決勝,base_color_5_bk,base_color_5,5,,013818,赤星　俊光,,,熊　本,A2,A3,追,75.06,0,0,1,3,0
D7zTldhOQz1frw-9PCXWBZkT_OPQptZ2nfWpRtw9OluuW0MpNlxQ62kP25CakhQy,20240304,武雄,8,F2,Ａ級チャレンジ決勝,base_color_6_bk,base_color_6,6,,015742,堀越　翔己,color_blue,追加,福　岡,A3,A3,逃,74.28,8,3,2,0,9
D7zTldhOQz1frw-9PCXWBZkT_OPQptZ2nfWpRtw9OluuW0MpNlxQ62kP25CakhQy,20240304,武雄,8,F2,Ａ級チャレンジ決勝,base_color_7_bk,base_color_7,7,,014357,佐藤　康恭,,,福　島,A3,A3,両,70.58,1,1,5,2,4
D7zTldhOQz1frw-9PCXWBZ7ZR7DVSB-ONx_lShXNNt4pS9mys_oxEss6n8Qje3BA,20240304,武雄,9,F2,Ａ級決勝,base_color_1_bk,base_color_1,1,,015370,城戸　俊潔,,,岡　山,S2,A1,逃,98.68,1,8,2,0,5
D7zTldhOQz1frw-9PCXWBZ7ZR7DVSB-ONx_lShXNNt4pS9mys_oxEss6n8Qje3BA,20240304,武雄,9,F2,Ａ級決勝,base_color_2_bk,base_color_2,2,,015202,今野　大輔,,,岡　山,S2,A1,両,94.50,4,1,6,1,5
D7zTldhOQz1frw-9PCXWBZ7ZR7DVSB-ONx_lShXNNt4pS9mys_oxEss6n8Qje3BA,20240304,武雄,9,F2,Ａ級決勝,base_color_3_bk,base_color_3,3,,013667,田中　洋輔,color_blue,追加,宮　崎,S2,A1,追,94.50,0,0,4,5,0
D7zTldhOQz1frw-9PCXWBZ7ZR7DVSB-ONx_lShXNNt4pS9mys_oxEss6n8Qje3BA,20240304,武雄,9,F2,Ａ級決勝,base_color_4_bk,base_color_4,4,,015655,一丸　尚伍,,,大　分,A2,A1,逃,93.50,1,4,0,1,6
D7zTldhOQz1frw-9PCXWBZ7ZR7DVSB-ONx_lShXNNt4pS9mys_oxEss6n8Qje3BA,20240304,武雄,9,F2,Ａ級決勝,base_color_5_bk,base_color_5,5,,013550,安部　達也,,,埼　玉,A1,A1,追,92.50,0,0,5,5,0
D7zTldhOQz1frw-9PCXWBZ7ZR7DVSB-ONx_lShXNNt4pS9mys_oxEss6n8Qje3BA,20240304,武雄,9,F2,Ａ級決勝,base_color_6_bk,base_color_6,6,,015294,小原　亮哉,,,大　分,A2,A2,両,84.04,0,0,3,2,0
D7zTldhOQz1frw-9PCXWBZ7ZR7DVSB-ONx_lShXNNt4pS9mys_oxEss6n8Qje3BA,20240304,武雄,9,F2,Ａ級決勝,base_color_7_bk,base_color_7,7,,015741,堀川敬太郎,,,福　岡,A3,A2,逃,82.08,11,7,1,1,16
40e_64vLzizZus8EyHmUfAothTSFM-1EvuWOLJ9APeXOOHyvXk9EG7Y__5yJUL0D,20240305,京王閣,1,F1,Ａ級一般,base_color_1_bk,base_color_1,1,,014630,利根　正明,,,大　分,A1,A1,両,88.33,6,3,1,0,11
40e_64vLzizZus8EyHmUfAothTSFM-1EvuWOLJ9APeXOOHyvXk9EG7Y__5yJUL0D,20240305,京王閣,1,F1,Ａ級一般,base_color_2_bk,base_color_2,2,,013925,黒田　篤,color_blue,追加,栃　木,A2,A2,追,80.34,0,1,1,1,0
40e_64vLzizZus8EyHmUfAothTSFM-1EvuWOLJ9APeXOOHyvXk9EG7Y__5yJUL0D,20240305,京王閣,1,F1,Ａ級一般,base_color_3_bk,base_color_3,3,,014385,山本　淳,,,神奈川,A2,A2,両,80.33,0,1,0,2,0
40e_64vLzizZus8EyHmUfAothTSFM-1EvuWOLJ9APeXOOHyvXk9EG7Y__5yJUL0D,20240305,京王閣,1,F1,Ａ級一般,base_color_4_bk,base_color_4,4,,014270,小原　将通,,,大　分,A1,A1,追,85.11,0,0,3,3,0
40e_64vLzizZus8EyHmUfAothTSFM-1EvuWOLJ9APeXOOHyvXk9EG7Y__5yJUL0D,20240305,京王閣,1,F1,Ａ級一般,base_color_5_bk,base_color_5,5,,015506,佐藤　啓斗,,,青　森,A2,A2,逃,80.11,3,0,0,0,9
40e_64vLzizZus8EyHmUfAothTSFM-1EvuWOLJ9APeXOOHyvXk9EG7Y__5yJUL0D,20240305,京王閣,1,F1,Ａ級一般,base_color_6_bk,base_color_6,6,,012814,林　邦彦,,,千　葉,A3,A2,追,71.85,0,0,0,1,0
40e_64vLzizZus8EyHmUfAothTSFM-1EvuWOLJ9APeXOOHyvXk9EG7Y__5yJUL0D,20240305,京王閣,1,F1,Ａ級一般,base_color_7_bk,base_color_7,7,,014155,佐藤　政利,,,新　潟,A2,A1,追,84.81,0,0,3,3,0
40e_64vLzizZus8EyHmUfJZbL9PALs88CN_3erk2RlaLhYNJy0uncox91C2CqmJ9,20240305,京王閣,2,F1,Ａ級一般,base_color_1_bk,base_color_1,1,,014373,鈴木雄一朗,,,東　京,A1,A2,両,82.53,1,1,2,1,3
40e_64vLzizZus8EyHmUfJZbL9PALs88CN_3erk2RlaLhYNJy0uncox91C2CqmJ9,20240305,京王閣,2,F1,Ａ級一般,base_color_2_bk,base_color_2,2,,013895,松尾　大樹,,,長　崎,A3,A2,追,79.00,0,0,1,0,0
40e_64vLzizZus8EyHmUfJZbL9PALs88CN_3erk2RlaLhYNJy0uncox91C2CqmJ9,20240305,京王閣,2,F1,Ａ級一般,base_color_3_bk,base_color_3,3,,011454,杉浦　康一,,,北海道,A2,A2,追,81.54,0,0,2,0,0
40e_64vLzizZus8EyHmUfJZbL9PALs88CN_3erk2RlaLhYNJy0uncox91C2CqmJ9,20240305,京王閣,2,F1,Ａ級一般,base_color_4_bk,base_color_4,4,,015083,中村弘之輔,,,北海道,A2,A1,両,88.81,5,7,1,2,7
40e_64vLzizZus8EyHmUfJZbL9PALs88CN_3erk2RlaLhYNJy0uncox91C2CqmJ9,20240305,京王閣,2,F1,Ａ級一般,base_color_5_bk,base_color_5,5,,014223,瀧野　勝太,,,群　馬,A2,A2,追,82.42,0,0,2,1,1
40e_64vLzizZus8EyHmUfJZbL9PALs88CN_3erk2RlaLhYNJy0uncox91C2CqmJ9,20240305,京王閣,2,F1,Ａ級一般,base_color_6_bk,base_color_6,6,,012132,甲斐下　智,,,広　島,A3,A2,追,76.07,0,0,2,1,0
40e_64vLzizZus8EyHmUfJZbL9PALs88CN_3erk2RlaLhYNJy0uncox91C2CqmJ9,20240305,京王閣,2,F1,Ａ級一般,base_color_7_bk,base_color_7,7,,015659,池田伍功羽,,,熊　本,A3,A2,逃,80.54,4,3,1,0,11
40e_64vLzizZus8EyHmUfGhgU0Yw4ezUZOp2bxYEuovKVw-7I8ZX2VMWQwnNAbDW,20240305,京王閣,3,F1,Ａ級準決勝,base_color_1_bk,base_color_1,1,,015282,宮本　隼輔,,,山　口,S1,A1,両,92.00,0,2,1,0,1
40e_64vLzizZus8EyHmUfGhgU0Yw4ezUZOp2bxYEuovKVw-7I8ZX2VMWQwnNAbDW,20240305,京王閣,3,F1,Ａ級準決勝,base_color_2_bk,base_color_2,2,,014240,須藤　誠,,,千　葉,A2,A1,追,88.86,0,0,8,3,0
40e_64vLzizZus8EyHmUfGhgU0Yw4ezUZOp2bxYEuovKVw-7I8ZX2VMWQwnNAbDW,20240305,京王閣,3,F1,Ａ級準決勝,base_color_3_bk,base_color_3,3,,014851,横内　裕人,,,愛　媛,A1,A1,両,85.46,1,0,3,0,4
40e_64vLzizZus8EyHmUfGhgU0Yw4ezUZOp2bxYEuovKVw-7I8ZX2VMWQwnNAbDW,20240305,京王閣,3,F1,Ａ級準決勝,base_color_4_bk,base_color_4,4,,014623,飯田　裕次,,,福　岡,A1,A1,追,87.42,0,1,5,1,1
40e_64vLzizZus8EyHmUfGhgU0Yw4ezUZOp2bxYEuovKVw-7I8ZX2VMWQwnNAbDW,20240305,京王閣,3,F1,Ａ級準決勝,base_color_5_bk,base_color_5,5,,014747,猪俣　康一,,,神奈川,S2,A1,両,90.14,0,1,1,2,6
40e_64vLzizZus8EyHmUfGhgU0Yw4ezUZOp2bxYEuovKVw-7I8ZX2VMWQwnNAbDW,20240305,京王閣,3,F1,Ａ級準決勝,base_color_6_bk,base_color_6,6,,012844,米澤　大輔,,,徳　島,A3,A2,追,81.16,0,0,3,1,0
40e_64vLzizZus8EyHmUfGhgU0Yw4ezUZOp2bxYEuovKVw-7I8ZX2VMWQwnNAbDW,20240305,京王閣,3,F1,Ａ級準決勝,base_color_7_bk,base_color_7,7,,013885,柳谷　崇,,,岡　山,A1,A1,追,88.23,0,0,2,2,0
40e_64vLzizZus8EyHmUfNC-zl_HygqXQCvoln8uBXoPgz63hnQYCPKdC9s8cmZa,20240305,京王閣,4,F1,Ａ級準決勝,base_color_1_bk,base_color_1,1,,014139,小田倉勇二,,,埼　玉,A1,A1,両,87.83,4,1,1,1,6
40e_64vLzizZus8EyHmUfNC-zl_HygqXQCvoln8uBXoPgz63hnQYCPKdC9s8cmZa,20240305,京王閣,4,F1,Ａ級準決勝,base_color_2_bk,base_color_2,2,,013420,土屋　裕二,,,静　岡,S2,A1,追,93.44,0,0,3,3,0
40e_64vLzizZus8EyHmUfNC-zl_HygqXQCvoln8uBXoPgz63hnQYCPKdC9s8cmZa,20240305,京王閣,4,F1,Ａ級準決勝,base_color_3_bk,base_color_3,3,,014565,中村　健志,,,熊　本,A1,A1,追,90.69,0,0,5,0,0
40e_64vLzizZus8EyHmUfNC-zl_HygqXQCvoln8uBXoPgz63hnQYCPKdC9s8cmZa,20240305,京王閣,4,F1,Ａ級準決勝,base_color_4_bk,base_color_4,4,,014353,宇佐見裕輝,,,福　島,A2,A2,両,87.39,0,2,4,3,2
40e_64vLzizZus8EyHmUfNC-zl_HygqXQCvoln8uBXoPgz63hnQYCPKdC9s8cmZa,20240305,京王閣,4,F1,Ａ級準決勝,base_color_5_bk,base_color_5,5,,015468,和泉　尚吾,,,愛　媛,A1,A1,逃,89.14,7,3,1,0,10
40e_64vLzizZus8EyHmUfNC-zl_HygqXQCvoln8uBXoPgz63hnQYCPKdC9s8cmZa,20240305,京王閣,4,F1,Ａ級準決勝,base_color_6_bk,base_color_6,6,,014070,秋葉　大輔,,,東　京,A3,A2,追,80.66,0,1,0,0,0
40e_64vLzizZus8EyHmUfNC-zl_HygqXQCvoln8uBXoPgz63hnQYCPKdC9s8cmZa,20240305,京王閣,4,F1,Ａ級準決勝,base_color_7_bk,base_color_7,7,,014341,松尾　玄太,,,佐　賀,A2,A2,追,86.00,0,0,6,3,0
40e_64vLzizZus8EyHmUfMPU56ZOdPcUdo343UTkKFGJYDNyt_yYXFKvMJgk67Oi,20240305,京王閣,5,F1,Ａ級準決勝,base_color_1_bk,base_color_1,1,,014147,柿沼　信也,,,埼　玉,S2,A1,追,93.60,0,1,5,4,1
40e_64vLzizZus8EyHmUfMPU56ZOdPcUdo343UTkKFGJYDNyt_yYXFKvMJgk67Oi,20240305,京王閣,5,F1,Ａ級準決勝,base_color_2_bk,base_color_2,2,,014487,才迫　勇馬,,,広　島,A2,A2,逃,87.50,5,0,5,1,9
40e_64vLzizZus8EyHmUfMPU56ZOdPcUdo343UTkKFGJYDNyt_yYXFKvMJgk67Oi,20240305,京王閣,5,F1,Ａ級準決勝,base_color_3_bk,base_color_3,3,,014872,玉村　元気,,,香　川,A2,A2,両,81.17,1,4,0,0,7
40e_64vLzizZus8EyHmUfMPU56ZOdPcUdo343UTkKFGJYDNyt_yYXFKvMJgk67Oi,20240305,京王閣,5,F1,Ａ級準決勝,base_color_4_bk,base_color_4,4,,014351,田口　守,,,山　口,A2,A2,両,81.75,0,0,1,2,0
40e_64vLzizZus8EyHmUfMPU56ZOdPcUdo343UTkKFGJYDNyt_yYXFKvMJgk67Oi,20240305,京王閣,5,F1,Ａ級準決勝,base_color_5_bk,base_color_5,5,,014439,山崎　司,,,福　島,A1,A1,追,88.14,0,0,10,1,0
40e_64vLzizZus8EyHmUfMPU56ZOdPcUdo343UTkKFGJYDNyt_yYXFKvMJgk67Oi,20240305,京王閣,5,F1,Ａ級準決勝,base_color_6_bk,base_color_6,6,,013147,米嶋　賢二,,,長　崎,A2,A2,追,80.20,0,0,2,1,0
40e_64vLzizZus8EyHmUfMPU56ZOdPcUdo343UTkKFGJYDNyt_yYXFKvMJgk67Oi,20240305,京王閣,5,F1,Ａ級準決勝,base_color_7_bk,base_color_7,7,,015249,磯川　勝裕,,,東　京,S2,A1,逃,93.75,2,2,0,0,8
40e_64vLzizZus8EyHmUfMWDpHYhWy5-lfFuUevQrX7ujgndXO6VmRcMbUlgwNyD,20240305,京王閣,6,F1,Ｓ級一般,base_color_1_bk,base_color_1,1,,013473,大塚　英伸,,,静　岡,S2,S2,追,96.90,0,0,3,0,0
40e_64vLzizZus8EyHmUfMWDpHYhWy5-lfFuUevQrX7ujgndXO6VmRcMbUlgwNyD,20240305,京王閣,6,F1,Ｓ級一般,base_color_2_bk,base_color_2,2,,014664,志村　龍己,,,山　梨,S2,S2,追,99.90,0,0,3,1,0
40e_64vLzizZus8EyHmUfMWDpHYhWy5-lfFuUevQrX7ujgndXO6VmRcMbUlgwNyD,20240305,京王閣,6,F1,Ｓ級一般,base_color_3_bk,base_color_3,3,,014337,佐々木翔一,,,佐　賀,A1,S2,両,94.04,0,1,1,2,0
40e_64vLzizZus8EyHmUfMWDpHYhWy5-lfFuUevQrX7ujgndXO6VmRcMbUlgwNyD,20240305,京王閣,6,F1,Ｓ級一般,base_color_4_bk,base_color_4,4,,014631,佐方　良行,,,熊　本,S2,S2,追,102.45,0,4,3,0,0
40e_64vLzizZus8EyHmUfMWDpHYhWy5-lfFuUevQrX7ujgndXO6VmRcMbUlgwNyD,20240305,京王閣,6,F1,Ｓ級一般,base_color_5_bk,base_color_5,5,,015510,田口　勇介,,,秋　田,S2,S2,逃,96.93,5,0,0,0,8
40e_64vLzizZus8EyHmUfMWDpHYhWy5-lfFuUevQrX7ujgndXO6VmRcMbUlgwNyD,20240305,京王閣,6,F1,Ｓ級一般,base_color_6_bk,base_color_6,6,,012500,稲村　成浩,,,群　馬,A1,S2,追,92.85,0,0,0,1,0
40e_64vLzizZus8EyHmUfMWDpHYhWy5-lfFuUevQrX7ujgndXO6VmRcMbUlgwNyD,20240305,京王閣,6,F1,Ｓ級一般,base_color_7_bk,base_color_7,7,,013471,松坂　英司,,,神奈川,A1,S2,追,96.83,0,0,1,1,0
40e_64vLzizZus8EyHmUfEUdYM_u7P0_iQ4bXRYuaEjZ6v6-cfq6lR-teRGzxf16,20240305,京王閣,7,F1,Ｓ級一般,base_color_1_bk,base_color_1,1,,015328,星野　洋輝,,,福　島,S2,S2,両,102.00,2,4,0,0,2
40e_64vLzizZus8EyHmUfEUdYM_u7P0_iQ4bXRYuaEjZ6v6-cfq6lR-teRGzxf16,20240305,京王閣,7,F1,Ｓ級一般,base_color_2_bk,base_color_2,2,,014592,小島　歩,,,神奈川,S2,S2,追,98.56,0,0,6,2,0
40e_64vLzizZus8EyHmUfEUdYM_u7P0_iQ4bXRYuaEjZ6v6-cfq6lR-teRGzxf16,20240305,京王閣,7,F1,Ｓ級一般,base_color_3_bk,base_color_3,3,,014633,田中　陽平,,,熊　本,S2,S2,追,98.81,0,0,2,1,0
40e_64vLzizZus8EyHmUfEUdYM_u7P0_iQ4bXRYuaEjZ6v6-cfq6lR-teRGzxf16,20240305,京王閣,7,F1,Ｓ級一般,base_color_4_bk,base_color_4,4,,013693,藤原　憲征,color_blue,追加,新　潟,S2,S2,追,96.00,0,0,3,2,0
40e_64vLzizZus8EyHmUfEUdYM_u7P0_iQ4bXRYuaEjZ6v6-cfq6lR-teRGzxf16,20240305,京王閣,7,F1,Ｓ級一般,base_color_5_bk,base_color_5,5,,014104,池田　憲昭,color_blue,追加,香　川,S1,S2,追,94.33,0,0,0,0,0
40e_64vLzizZus8EyHmUfEUdYM_u7P0_iQ4bXRYuaEjZ6v6-cfq6lR-teRGzxf16,20240305,京王閣,7,F1,Ｓ級一般,base_color_6_bk,base_color_6,6,,015088,神山　尚,,,栃　木,A1,S2,追,89.50,0,0,0,0,0
40e_64vLzizZus8EyHmUfEUdYM_u7P0_iQ4bXRYuaEjZ6v6-cfq6lR-teRGzxf16,20240305,京王閣,7,F1,Ｓ級一般,base_color_7_bk,base_color_7,7,,014822,関根健太郎,,,神奈川,A1,S2,両,92.07,1,0,0,0,3
40e_64vLzizZus8EyHmUfM9Li_BPmB-8oTfL1qw85gvScQD-8sqqYDD4ogU_BBEQ,20240305,京王閣,8,F1,Ｓ級選抜,base_color_1_bk,base_color_1,1,,015415,坂本　紘規,,,青　森,S2,S2,逃,100.86,7,1,0,0,14
40e_64vLzizZus8EyHmUfM9Li_BPmB-8oTfL1qw85gvScQD-8sqqYDD4ogU_BBEQ,20240305,京王閣,8,F1,Ｓ級選抜,base_color_2_bk,base_color_2,2,,014005,山本　健也,,,千　葉,S2,S2,追,98.63,0,0,4,1,0
40e_64vLzizZus8EyHmUfM9Li_BPmB-8oTfL1qw85gvScQD-8sqqYDD4ogU_BBEQ,20240305,京王閣,8,F1,Ｓ級選抜,base_color_3_bk,base_color_3,3,,014504,杉本　正隆,,,茨　城,S1,S2,追,103.73,0,0,7,2,0
40e_64vLzizZus8EyHmUfM9Li_BPmB-8oTfL1qw85gvScQD-8sqqYDD4ogU_BBEQ,20240305,京王閣,8,F1,Ｓ級選抜,base_color_4_bk,base_color_4,4,,013829,青森　伸也,,,福　島,S2,S2,追,100.95,0,0,1,2,0
40e_64vLzizZus8EyHmUfM9Li_BPmB-8oTfL1qw85gvScQD-8sqqYDD4ogU_BBEQ,20240305,京王閣,8,F1,Ｓ級選抜,base_color_5_bk,base_color_5,5,,015050,堀内　俊介,,,神奈川,S2,S1,逃,103.47,0,2,2,0,4
40e_64vLzizZus8EyHmUfM9Li_BPmB-8oTfL1qw85gvScQD-8sqqYDD4ogU_BBEQ,20240305,京王閣,8,F1,Ｓ級選抜,base_color_6_bk,base_color_6,6,,015423,上川　直紀,,,栃　木,A1,S2,逃,90.60,2,1,1,0,6
40e_64vLzizZus8EyHmUfM9Li_BPmB-8oTfL1qw85gvScQD-8sqqYDD4ogU_BBEQ,20240305,京王閣,8,F1,Ｓ級選抜,base_color_7_bk,base_color_7,7,,013669,荒澤　貴史,,,北海道,A1,S2,追,96.28,0,0,4,2,0
40e_64vLzizZus8EyHmUfO5MP-FfONwEEJ-h8_Plop8RX8P1wI514pzuJAwN6s7h,20240305,京王閣,9,F1,Ｓ級選抜,base_color_1_bk,base_color_1,1,,014863,一戸　康宏,,,埼　玉,S2,S1,逃,102.70,3,2,1,2,5
40e_64vLzizZus8EyHmUfO5MP-FfONwEEJ-h8_Plop8RX8P1wI514pzuJAwN6s7h,20240305,京王閣,9,F1,Ｓ級選抜,base_color_2_bk,base_color_2,2,,015354,齋木　翔多,,,静　岡,S2,S2,逃,97.86,4,2,0,0,17
40e_64vLzizZus8EyHmUfO5MP-FfONwEEJ-h8_Plop8RX8P1wI514pzuJAwN6s7h,20240305,京王閣,9,F1,Ｓ級選抜,base_color_3_bk,base_color_3,3,,013744,菅原　晃,,,大　分,S2,S2,追,99.86,0,1,3,4,0
40e_64vLzizZus8EyHmUfO5MP-FfONwEEJ-h8_Plop8RX8P1wI514pzuJAwN6s7h,20240305,京王閣,9,F1,Ｓ級選抜,base_color_4_bk,base_color_4,4,,012881,白戸淳太郎,,,神奈川,S1,S2,追,99.89,0,0,4,1,0
40e_64vLzizZus8EyHmUfO5MP-FfONwEEJ-h8_Plop8RX8P1wI514pzuJAwN6s7h,20240305,京王閣,9,F1,Ｓ級選抜,base_color_5_bk,base_color_5,5,,014232,柴田　洋輔,,,東　京,S1,S2,追,100.15,0,0,1,4,0
40e_64vLzizZus8EyHmUfO5MP-FfONwEEJ-h8_Plop8RX8P1wI514pzuJAwN6s7h,20240305,京王閣,9,F1,Ｓ級選抜,base_color_6_bk,base_color_6,6,,014326,福島　栄一,,,香　川,A1,S2,追,97.60,0,1,3,2,1
40e_64vLzizZus8EyHmUfO5MP-FfONwEEJ-h8_Plop8RX8P1wI514pzuJAwN6s7h,20240305,京王閣,9,F1,Ｓ級選抜,base_color_7_bk,base_color_7,7,,014134,小野　大介,,,福　島,S2,S2,追,98.57,0,0,1,1,0
40e_64vLzizZus8EyHmUfIGU8DYNW9GvpLrMcmc3k0pjlSi9yXlsH4amw_6M1r77,20240305,京王閣,10,F1,Ｓ級準決勝,base_color_1_bk,base_color_1,1,,015480,松本秀之介,,,熊　本,S1,S1,逃,106.75,3,5,3,1,4
40e_64vLzizZus8EyHmUfIGU8DYNW9GvpLrMcmc3k0pjlSi9yXlsH4amw_6M1r77,20240305,京王閣,10,F1,Ｓ級準決勝,base_color_2_bk,base_color_2,2,,013532,佐々木雄一,,,福　島,S1,S1,追,106.52,0,0,6,3,0
40e_64vLzizZus8EyHmUfIGU8DYNW9GvpLrMcmc3k0pjlSi9yXlsH4amw_6M1r77,20240305,京王閣,10,F1,Ｓ級準決勝,base_color_3_bk,base_color_3,3,,014148,岸澤　賢太,,,埼　玉,S2,S2,両,101.28,0,0,6,2,1
40e_64vLzizZus8EyHmUfIGU8DYNW9GvpLrMcmc3k0pjlSi9yXlsH4amw_6M1r77,20240305,京王閣,10,F1,Ｓ級準決勝,base_color_4_bk,base_color_4,4,,015323,小原丈一郎,color_blue,追加,青　森,S2,S2,逃,100.73,2,2,1,0,6
40e_64vLzizZus8EyHmUfIGU8DYNW9GvpLrMcmc3k0pjlSi9yXlsH4amw_6M1r77,20240305,京王閣,10,F1,Ｓ級準決勝,base_color_5_bk,base_color_5,5,,014105,阿竹　智史,,,徳　島,S1,S1,両,108.94,0,1,3,2,0
40e_64vLzizZus8EyHmUfIGU8DYNW9GvpLrMcmc3k0pjlSi9yXlsH4amw_6M1r77,20240305,京王閣,10,F1,Ｓ級準決勝,base_color_6_bk,base_color_6,6,,013240,小林　大介,,,群　馬,S2,S1,追,98.40,0,0,3,1,0
40e_64vLzizZus8EyHmUfIGU8DYNW9GvpLrMcmc3k0pjlSi9yXlsH4amw_6M1r77,20240305,京王閣,10,F1,Ｓ級準決勝,base_color_7_bk,base_color_7,7,,014130,竹山　陵太,color_blue,追加,宮　城,S2,S2,追,101.96,0,0,4,1,0
40e_64vLzizZus8EyHmUfDm1y0pwzdCjN3e3iXZYp22Bu_Dgenz8qQOfWQcevdfq,20240305,京王閣,11,F1,Ｓ級準決勝,base_color_1_bk,base_color_1,1,,015090,高橋　築,,,東　京,S1,S1,両,106.43,0,3,4,1,3
40e_64vLzizZus8EyHmUfDm1y0pwzdCjN3e3iXZYp22Bu_Dgenz8qQOfWQcevdfq,20240305,京王閣,11,F1,Ｓ級準決勝,base_color_2_bk,base_color_2,2,,012987,堤　洋,,,徳　島,S1,S2,追,103.60,0,0,4,0,0
40e_64vLzizZus8EyHmUfDm1y0pwzdCjN3e3iXZYp22Bu_Dgenz8qQOfWQcevdfq,20240305,京王閣,11,F1,Ｓ級準決勝,base_color_3_bk,base_color_3,3,,015443,道場　晃規,color_blue,追加,静　岡,S2,S1,逃,106.76,4,5,1,0,8
40e_64vLzizZus8EyHmUfDm1y0pwzdCjN3e3iXZYp22Bu_Dgenz8qQOfWQcevdfq,20240305,京王閣,11,F1,Ｓ級準決勝,base_color_4_bk,base_color_4,4,,015521,中島　詩音,,,山　梨,S2,S2,逃,104.54,5,2,1,0,13
40e_64vLzizZus8EyHmUfDm1y0pwzdCjN3e3iXZYp22Bu_Dgenz8qQOfWQcevdfq,20240305,京王閣,11,F1,Ｓ級準決勝,base_color_5_bk,base_color_5,5,,015094,佐々木　龍,,,神奈川,S2,S1,追,108.78,0,1,7,6,0
40e_64vLzizZus8EyHmUfDm1y0pwzdCjN3e3iXZYp22Bu_Dgenz8qQOfWQcevdfq,20240305,京王閣,11,F1,Ｓ級準決勝,base_color_6_bk,base_color_6,6,,014882,山本　直,,,岡　山,S2,S2,逃,99.38,0,5,2,0,3
40e_64vLzizZus8EyHmUfDm1y0pwzdCjN3e3iXZYp22Bu_Dgenz8qQOfWQcevdfq,20240305,京王閣,11,F1,Ｓ級準決勝,base_color_7_bk,base_color_7,7,,013967,岡本　大嗣,color_blue,追加,東　京,S2,S2,追,103.88,0,0,5,2,0
40e_64vLzizZus8EyHmUfJStkufbs2JxvPj1GS-GUz5WeY09TVLtBYWERSzN-Tuj,20240305,京王閣,12,F1,Ｓ級準決勝,base_color_1_bk,base_color_1,1,,014322,片岡　迪之,,,岡　山,S1,S1,逃,101.90,5,3,1,0,11
40e_64vLzizZus8EyHmUfJStkufbs2JxvPj1GS-GUz5WeY09TVLtBYWERSzN-Tuj,20240305,京王閣,12,F1,Ｓ級準決勝,base_color_2_bk,base_color_2,2,,014377,岩本　俊介,,,千　葉,S1,S1,逃,110.31,1,7,2,0,6
40e_64vLzizZus8EyHmUfJStkufbs2JxvPj1GS-GUz5WeY09TVLtBYWERSzN-Tuj,20240305,京王閣,12,F1,Ｓ級準決勝,base_color_3_bk,base_color_3,3,,015161,吉田　昌司,,,茨　城,A1,S2,逃,97.86,8,1,1,0,12
40e_64vLzizZus8EyHmUfJStkufbs2JxvPj1GS-GUz5WeY09TVLtBYWERSzN-Tuj,20240305,京王閣,12,F1,Ｓ級準決勝,base_color_4_bk,base_color_4,4,,015337,佐藤　礼文,,,茨　城,S2,S1,追,106.92,0,0,11,4,0
40e_64vLzizZus8EyHmUfJStkufbs2JxvPj1GS-GUz5WeY09TVLtBYWERSzN-Tuj,20240305,京王閣,12,F1,Ｓ級準決勝,base_color_5_bk,base_color_5,5,,013443,大坪　功一,,,福　岡,S1,S2,追,103.21,0,0,2,4,0
40e_64vLzizZus8EyHmUfJStkufbs2JxvPj1GS-GUz5WeY09TVLtBYWERSzN-Tuj,20240305,京王閣,12,F1,Ｓ級準決勝,base_color_6_bk,base_color_6,6,,013993,佐藤　朋也,,,秋　田,S2,S2,両,97.05,0,0,2,0,0
40e_64vLzizZus8EyHmUfJStkufbs2JxvPj1GS-GUz5WeY09TVLtBYWERSzN-Tuj,20240305,京王閣,12,F1,Ｓ級準決勝,base_color_7_bk,base_color_7,7,,014935,嶋津　拓弥,,,神奈川,S1,S1,両,107.71,0,0,2,0,0
rBl6u-PQCfnEApS7lfmOv-ciJPM0jZeLivvC4THsO-AnjbCVL4G-GSRtJ7JHbiQz,20240305,向日町,1,F1,Ａ級一般,base_color_1_bk,base_color_1,1,,014603,佐野　洋継,color_blue,追加,京　都,A2,A2,両,82.92,0,1,2,4,0
rBl6u-PQCfnEApS7lfmOv-ciJPM0jZeLivvC4THsO-AnjbCVL4G-GSRtJ7JHbiQz,20240305,向日町,1,F1,Ａ級一般,base_color_2_bk,base_color_2,2,,014637,吉成　貴博,color_blue,追加,熊　本,A2,A2,追,84.41,0,0,4,2,0
rBl6u-PQCfnEApS7lfmOv-ciJPM0jZeLivvC4THsO-AnjbCVL4G-GSRtJ7JHbiQz,20240305,向日町,1,F1,Ａ級一般,base_color_3_bk,base_color_3,3,,013506,田村　浩章,,,徳　島,A2,A1,追,82.56,0,0,1,1,0
rBl6u-PQCfnEApS7lfmOv-ciJPM0jZeLivvC4THsO-AnjbCVL4G-GSRtJ7JHbiQz,20240305,向日町,1,F1,Ａ級一般,base_color_4_bk,base_color_4,4,,013271,鮒田　博文,,,三　重,A2,A2,追,81.70,0,0,1,0,0
rBl6u-PQCfnEApS7lfmOv-ciJPM0jZeLivvC4THsO-AnjbCVL4G-GSRtJ7JHbiQz,20240305,向日町,1,F1,Ａ級一般,base_color_5_bk,base_color_5,5,,013591,山本　宏明,color_blue,追加,徳　島,A2,A2,追,78.55,0,0,1,1,0
rBl6u-PQCfnEApS7lfmOv-ciJPM0jZeLivvC4THsO-AnjbCVL4G-GSRtJ7JHbiQz,20240305,向日町,1,F1,Ａ級一般,base_color_6_bk,base_color_6,6,,014686,秋永　昂人,,,福　岡,A3,A2,両,77.56,0,1,4,1,2
rBl6u-PQCfnEApS7lfmOv19rkNBkV3H4R4uTKBEMGD0HyIb_cu0zGfgKq4XbUzqC,20240305,向日町,2,F1,Ａ級一般,base_color_1_bk,base_color_1,1,,011800,三住　博昭,color_blue,追加,神奈川,A1,A1,追,89.21,0,1,9,1,0
rBl6u-PQCfnEApS7lfmOv19rkNBkV3H4R4uTKBEMGD0HyIb_cu0zGfgKq4XbUzqC,20240305,向日町,2,F1,Ａ級一般,base_color_2_bk,base_color_2,2,,013784,太田　雅之,,,三　重,A2,A2,追,78.00,0,0,0,0,0
rBl6u-PQCfnEApS7lfmOv19rkNBkV3H4R4uTKBEMGD0HyIb_cu0zGfgKq4XbUzqC,20240305,向日町,2,F1,Ａ級一般,base_color_3_bk,base_color_3,3,,013888,細川　貴史,,,広　島,A2,A2,追,78.61,0,0,0,0,0
rBl6u-PQCfnEApS7lfmOv19rkNBkV3H4R4uTKBEMGD0HyIb_cu0zGfgKq4XbUzqC,20240305,向日町,2,F1,Ａ級一般,base_color_4_bk,base_color_4,4,,013371,足達　重満,,,長　崎,A2,A2,追,81.58,0,2,2,0,0
rBl6u-PQCfnEApS7lfmOv19rkNBkV3H4R4uTKBEMGD0HyIb_cu0zGfgKq4XbUzqC,20240305,向日町,2,F1,Ａ級一般,base_color_5_bk,base_color_5,5,,012946,亀井　雅斗,,,群　馬,A3,A2,追,79.91,0,2,2,4,1
rBl6u-PQCfnEApS7lfmOv19rkNBkV3H4R4uTKBEMGD0HyIb_cu0zGfgKq4XbUzqC,20240305,向日町,2,F1,Ａ級一般,base_color_6_bk,base_color_6,6,,013207,葉狩　伸泰,,,大　阪,A3,A2,両,77.00,1,3,1,0,2
rBl6u-PQCfnEApS7lfmOv19rkNBkV3H4R4uTKBEMGD0HyIb_cu0zGfgKq4XbUzqC,20240305,向日町,2,F1,Ａ級一般,base_color_7_bk,base_color_7,7,,013468,勝俣　亮,color_blue,追加,神奈川,A2,A2,両,82.03,6,1,1,0,15
rBl6u-PQCfnEApS7lfmOv0Db-hidOazbmAaDI7CCJS9V2sDMFpKbcl98I9qP0m1r,20240305,向日町,3,F1,Ａ級準決勝,base_color_1_bk,base_color_1,1,,013576,土岐　幹多,,,岐　阜,S2,A1,追,91.04,0,0,3,1,0
rBl6u-PQCfnEApS7lfmOv0Db-hidOazbmAaDI7CCJS9V2sDMFpKbcl98I9qP0m1r,20240305,向日町,3,F1,Ａ級準決勝,base_color_2_bk,base_color_2,2,,015012,勝部　貴博,,,福　岡,A1,A1,逃,88.95,6,1,0,0,10
rBl6u-PQCfnEApS7lfmOv0Db-hidOazbmAaDI7CCJS9V2sDMFpKbcl98I9qP0m1r,20240305,向日町,3,F1,Ａ級準決勝,base_color_3_bk,base_color_3,3,,014024,櫻井　丈,,,静　岡,A1,A1,追,88.20,0,0,3,2,0
rBl6u-PQCfnEApS7lfmOv0Db-hidOazbmAaDI7CCJS9V2sDMFpKbcl98I9qP0m1r,20240305,向日町,3,F1,Ａ級準決勝,base_color_4_bk,base_color_4,4,,015541,石塚慶一郎,,,和歌山,A1,A1,逃,89.26,2,5,0,0,3
rBl6u-PQCfnEApS7lfmOv0Db-hidOazbmAaDI7CCJS9V2sDMFpKbcl98I9qP0m1r,20240305,向日町,3,F1,Ａ級準決勝,base_color_5_bk,base_color_5,5,,013357,近藤　誠二,,,香　川,A1,A1,追,88.33,0,0,5,1,0
rBl6u-PQCfnEApS7lfmOv0Db-hidOazbmAaDI7CCJS9V2sDMFpKbcl98I9qP0m1r,20240305,向日町,3,F1,Ａ級準決勝,base_color_6_bk,base_color_6,6,,014938,夏目　新吾,,,静　岡,A2,A2,逃,83.77,5,0,0,0,11
rBl6u-PQCfnEApS7lfmOv0Db-hidOazbmAaDI7CCJS9V2sDMFpKbcl98I9qP0m1r,20240305,向日町,3,F1,Ａ級準決勝,base_color_7_bk,base_color_7,7,,013477,宮司　周郎,,,愛　知,A1,A1,追,86.93,0,0,6,2,0
rBl6u-PQCfnEApS7lfmOv2Ohat1kPNhmyFsEAEOPMwfceO2Mpab92JL_UpWMtf4K,20240305,向日町,4,F1,Ａ級準決勝,base_color_1_bk,base_color_1,1,,015601,五十嵐　綾,,,福　島,A2,A1,逃,93.68,2,8,1,1,3
rBl6u-PQCfnEApS7lfmOv2Ohat1kPNhmyFsEAEOPMwfceO2Mpab92JL_UpWMtf4K,20240305,向日町,4,F1,Ａ級準決勝,base_color_2_bk,base_color_2,2,,015644,中野光太郎,,,徳　島,A2,A2,逃,88.05,5,6,0,1,8
rBl6u-PQCfnEApS7lfmOv2Ohat1kPNhmyFsEAEOPMwfceO2Mpab92JL_UpWMtf4K,20240305,向日町,4,F1,Ａ級準決勝,base_color_3_bk,base_color_3,3,,014570,松澤　敬輔,,,北海道,A1,A2,両,82.50,0,0,0,0,0
rBl6u-PQCfnEApS7lfmOv2Ohat1kPNhmyFsEAEOPMwfceO2Mpab92JL_UpWMtf4K,20240305,向日町,4,F1,Ａ級準決勝,base_color_4_bk,base_color_4,4,,014110,廣川　泰昭,,,愛　媛,S2,A1,追,90.96,0,0,0,2,0
rBl6u-PQCfnEApS7lfmOv2Ohat1kPNhmyFsEAEOPMwfceO2Mpab92JL_UpWMtf4K,20240305,向日町,4,F1,Ａ級準決勝,base_color_5_bk,base_color_5,5,,014646,三浦　雄大,,,宮　城,S2,A1,追,92.84,0,0,0,2,0
rBl6u-PQCfnEApS7lfmOv2Ohat1kPNhmyFsEAEOPMwfceO2Mpab92JL_UpWMtf4K,20240305,向日町,4,F1,Ａ級準決勝,base_color_6_bk,base_color_6,6,,014563,興呂木雄治,,,熊　本,A3,A2,両,79.58,0,1,4,1,1
rBl6u-PQCfnEApS7lfmOv2Ohat1kPNhmyFsEAEOPMwfceO2Mpab92JL_UpWMtf4K,20240305,向日町,4,F1,Ａ級準決勝,base_color_7_bk,base_color_7,7,,012130,石田　洋秀,,,広　島,A2,A2,追,83.33,0,0,5,3,0
rBl6u-PQCfnEApS7lfmOv_pjRFtlPzwPmyz1ywyEW8lrQNll1jnF0GilHF3BUzB7,20240305,向日町,5,F1,Ａ級準決勝,base_color_1_bk,base_color_1,1,,013800,中村　一将,,,兵　庫,S2,A1,両,94.76,5,8,0,1,11
rBl6u-PQCfnEApS7lfmOv_pjRFtlPzwPmyz1ywyEW8lrQNll1jnF0GilHF3BUzB7,20240305,向日町,5,F1,Ａ級準決勝,base_color_2_bk,base_color_2,2,,015233,渋谷　海,,,香　川,A1,A1,逃,85.35,0,3,0,0,4
rBl6u-PQCfnEApS7lfmOv_pjRFtlPzwPmyz1ywyEW8lrQNll1jnF0GilHF3BUzB7,20240305,向日町,5,F1,Ａ級準決勝,base_color_3_bk,base_color_3,3,,013275,渡辺　航平,,,東　京,A1,A1,追,90.92,0,0,8,4,0
rBl6u-PQCfnEApS7lfmOv_pjRFtlPzwPmyz1ywyEW8lrQNll1jnF0GilHF3BUzB7,20240305,向日町,5,F1,Ａ級準決勝,base_color_4_bk,base_color_4,4,,013049,南　大輔,,,京　都,A1,A2,追,84.79,0,0,2,1,0
rBl6u-PQCfnEApS7lfmOv_pjRFtlPzwPmyz1ywyEW8lrQNll1jnF0GilHF3BUzB7,20240305,向日町,5,F1,Ａ級準決勝,base_color_5_bk,base_color_5,5,,015602,比佐　宝太,,,福　島,A2,A2,逃,86.75,3,3,0,1,8
rBl6u-PQCfnEApS7lfmOv_pjRFtlPzwPmyz1ywyEW8lrQNll1jnF0GilHF3BUzB7,20240305,向日町,5,F1,Ａ級準決勝,base_color_6_bk,base_color_6,6,,014321,石坂　永伍,,,岡　山,A1,A1,両,84.60,0,3,5,0,0
rBl6u-PQCfnEApS7lfmOv_pjRFtlPzwPmyz1ywyEW8lrQNll1jnF0GilHF3BUzB7,20240305,向日町,5,F1,Ａ級準決勝,base_color_7_bk,base_color_7,7,,013580,河村　章憲,,,京　都,A1,A1,追,86.57,0,0,7,5,0
rBl6u-PQCfnEApS7lfmOv9yZz9E8gtzUvR3H7sLFP1TtNU_0HPPFX3zJEXZpqUll,20240305,向日町,6,F1,Ｓ級一般,base_color_1_bk,base_color_1,1,,012785,小橋　明紀,color_blue,追加,青　森,A1,S2,追,92.03,0,0,3,2,0
rBl6u-PQCfnEApS7lfmOv9yZz9E8gtzUvR3H7sLFP1TtNU_0HPPFX3zJEXZpqUll,20240305,向日町,6,F1,Ｓ級一般,base_color_2_bk,base_color_2,2,,013798,木村　直隆,,,兵　庫,A1,S2,追,98.04,0,0,3,2,0
rBl6u-PQCfnEApS7lfmOv9yZz9E8gtzUvR3H7sLFP1TtNU_0HPPFX3zJEXZpqUll,20240305,向日町,6,F1,Ｓ級一般,base_color_3_bk,base_color_3,3,,015424,中村　隆生,,,栃　木,A1,S2,逃,92.56,1,2,1,0,5
rBl6u-PQCfnEApS7lfmOv9yZz9E8gtzUvR3H7sLFP1TtNU_0HPPFX3zJEXZpqUll,20240305,向日町,6,F1,Ｓ級一般,base_color_4_bk,base_color_4,4,,015366,張野　幸聖,,,和歌山,S2,S2,逃,97.05,2,3,1,0,6
rBl6u-PQCfnEApS7lfmOv9yZz9E8gtzUvR3H7sLFP1TtNU_0HPPFX3zJEXZpqUll,20240305,向日町,6,F1,Ｓ級一般,base_color_5_bk,base_color_5,5,,014800,伊東　翔貴,,,福　島,S2,S2,逃,100.11,1,3,2,0,5
rBl6u-PQCfnEApS7lfmOv9yZz9E8gtzUvR3H7sLFP1TtNU_0HPPFX3zJEXZpqUll,20240305,向日町,6,F1,Ｓ級一般,base_color_6_bk,base_color_6,6,,012971,小川　将人,,,愛　知,A1,S2,追,90.23,0,0,0,1,0
rBl6u-PQCfnEApS7lfmOv9yZz9E8gtzUvR3H7sLFP1TtNU_0HPPFX3zJEXZpqUll,20240305,向日町,6,F1,Ｓ級一般,base_color_7_bk,base_color_7,7,,014862,坂本将太郎,,,栃　木,S2,S2,追,93.47,0,0,0,1,0
rBl6u-PQCfnEApS7lfmOv4xZ1_0hrVm2qoWOPhEGty1_YPK4jU0nxBNFvEzjuYu-,20240305,向日町,7,F1,Ｓ級一般,base_color_1_bk,base_color_1,1,,015196,小川　丈太,,,徳　島,S2,S2,逃,102.47,0,8,1,0,2
rBl6u-PQCfnEApS7lfmOv4xZ1_0hrVm2qoWOPhEGty1_YPK4jU0nxBNFvEzjuYu-,20240305,向日町,7,F1,Ｓ級一般,base_color_2_bk,base_color_2,2,,013996,丸山　貴秀,,,秋　田,S2,S2,追,97.06,0,0,1,1,0
rBl6u-PQCfnEApS7lfmOv4xZ1_0hrVm2qoWOPhEGty1_YPK4jU0nxBNFvEzjuYu-,20240305,向日町,7,F1,Ｓ級一般,base_color_3_bk,base_color_3,3,,013242,尾崎　剛,,,埼　玉,A1,S2,追,93.80,0,0,3,1,0
rBl6u-PQCfnEApS7lfmOv4xZ1_0hrVm2qoWOPhEGty1_YPK4jU0nxBNFvEzjuYu-,20240305,向日町,7,F1,Ｓ級一般,base_color_4_bk,base_color_4,4,,014692,森山　智徳,,,熊　本,S2,S2,両,98.62,0,3,1,0,6
rBl6u-PQCfnEApS7lfmOv4xZ1_0hrVm2qoWOPhEGty1_YPK4jU0nxBNFvEzjuYu-,20240305,向日町,7,F1,Ｓ級一般,base_color_5_bk,base_color_5,5,,015509,木村　佑来,,,宮　城,A1,S2,逃,93.77,3,1,0,0,10
rBl6u-PQCfnEApS7lfmOv4xZ1_0hrVm2qoWOPhEGty1_YPK4jU0nxBNFvEzjuYu-,20240305,向日町,7,F1,Ｓ級一般,base_color_6_bk,base_color_6,6,,013005,小笠原昭太,,,青　森,A1,S2,追,91.87,0,0,0,1,0
rBl6u-PQCfnEApS7lfmOv4xZ1_0hrVm2qoWOPhEGty1_YPK4jU0nxBNFvEzjuYu-,20240305,向日町,7,F1,Ｓ級一般,base_color_7_bk,base_color_7,7,,014143,天田　裕輝,,,群　馬,S2,S1,両,95.00,0,0,0,0,0
rBl6u-PQCfnEApS7lfmOv9zkLzNX-IUnhkDq879VK0rPUcwM_6NfaG6zPHyiPHRq,20240305,向日町,8,F1,Ｓ級選抜,base_color_1_bk,base_color_1,1,,014831,伊藤　裕貴,,,三　重,S2,S2,両,99.61,2,1,4,1,5
rBl6u-PQCfnEApS7lfmOv9zkLzNX-IUnhkDq879VK0rPUcwM_6NfaG6zPHyiPHRq,20240305,向日町,8,F1,Ｓ級選抜,base_color_2_bk,base_color_2,2,,013632,川口　直人,,,神奈川,S2,S2,追,100.76,0,0,4,3,0
rBl6u-PQCfnEApS7lfmOv9zkLzNX-IUnhkDq879VK0rPUcwM_6NfaG6zPHyiPHRq,20240305,向日町,8,F1,Ｓ級選抜,base_color_3_bk,base_color_3,3,,013805,溪　飛雄馬,,,愛　媛,A1,S2,追,95.86,0,0,3,2,0
rBl6u-PQCfnEApS7lfmOv9zkLzNX-IUnhkDq879VK0rPUcwM_6NfaG6zPHyiPHRq,20240305,向日町,8,F1,Ｓ級選抜,base_color_4_bk,base_color_4,4,,013944,桐山敬太郎,,,神奈川,S1,S2,両,100.16,0,1,2,2,0
rBl6u-PQCfnEApS7lfmOv9zkLzNX-IUnhkDq879VK0rPUcwM_6NfaG6zPHyiPHRq,20240305,向日町,8,F1,Ｓ級選抜,base_color_5_bk,base_color_5,5,,013118,山内　卓也,,,愛　知,S2,S2,追,101.28,0,0,4,2,0
rBl6u-PQCfnEApS7lfmOv9zkLzNX-IUnhkDq879VK0rPUcwM_6NfaG6zPHyiPHRq,20240305,向日町,8,F1,Ｓ級選抜,base_color_6_bk,base_color_6,6,,012519,藤原　誠,,,岐　阜,S2,S2,追,94.60,0,0,1,0,0
rBl6u-PQCfnEApS7lfmOv9zkLzNX-IUnhkDq879VK0rPUcwM_6NfaG6zPHyiPHRq,20240305,向日町,8,F1,Ｓ級選抜,base_color_7_bk,base_color_7,7,,013054,石丸　寛之,,,岡　山,S2,S2,追,97.82,0,1,3,3,0
rBl6u-PQCfnEApS7lfmOv8uxMRAT3oTeP8SGtbWmq5SOCnlhHJBfi8v52euOteaM,20240305,向日町,9,F1,Ｓ級選抜,base_color_1_bk,base_color_1,1,,012541,室井　健一,color_blue,追加,徳　島,S1,S1,追,101.11,0,0,2,2,0
rBl6u-PQCfnEApS7lfmOv8uxMRAT3oTeP8SGtbWmq5SOCnlhHJBfi8v52euOteaM,20240305,向日町,9,F1,Ｓ級選抜,base_color_2_bk,base_color_2,2,,014309,水谷　好宏,,,大　阪,S2,S2,両,98.62,0,3,7,0,3
rBl6u-PQCfnEApS7lfmOv8uxMRAT3oTeP8SGtbWmq5SOCnlhHJBfi8v52euOteaM,20240305,向日町,9,F1,Ｓ級選抜,base_color_3_bk,base_color_3,3,,013514,山口　貴嗣,color_blue,追加,福　岡,S2,S2,追,98.28,0,0,2,0,0
rBl6u-PQCfnEApS7lfmOv8uxMRAT3oTeP8SGtbWmq5SOCnlhHJBfi8v52euOteaM,20240305,向日町,9,F1,Ｓ級選抜,base_color_4_bk,base_color_4,4,,014978,谷口　明正,,,三　重,S2,S2,両,97.00,0,3,1,0,2
rBl6u-PQCfnEApS7lfmOv8uxMRAT3oTeP8SGtbWmq5SOCnlhHJBfi8v52euOteaM,20240305,向日町,9,F1,Ｓ級選抜,base_color_5_bk,base_color_5,5,,015186,南　潤,,,和歌山,S2,S1,逃,101.28,7,1,1,0,10
rBl6u-PQCfnEApS7lfmOv8uxMRAT3oTeP8SGtbWmq5SOCnlhHJBfi8v52euOteaM,20240305,向日町,9,F1,Ｓ級選抜,base_color_6_bk,base_color_6,6,,014454,上原　龍,,,長　野,S2,S2,両,95.88,0,0,3,0,0
rBl6u-PQCfnEApS7lfmOv8uxMRAT3oTeP8SGtbWmq5SOCnlhHJBfi8v52euOteaM,20240305,向日町,9,F1,Ｓ級選抜,base_color_7_bk,base_color_7,7,,013497,藤田　昌宏,,,岡　山,S2,S2,追,96.38,1,1,2,4,5
rBl6u-PQCfnEApS7lfmOv-o2K14p2ERlQLasAmJ4Hf29OOEIu1MXoHp8rzVAG317,20240305,向日町,10,F1,Ｓ級準決勝,base_color_1_bk,base_color_1,1,,015096,大石　剣士,,,静　岡,S1,S1,逃,107.16,7,2,1,0,15
rBl6u-PQCfnEApS7lfmOv-o2K14p2ERlQLasAmJ4Hf29OOEIu1MXoHp8rzVAG317,20240305,向日町,10,F1,Ｓ級準決勝,base_color_2_bk,base_color_2,2,,014318,椎木尾拓哉,,,和歌山,S1,S1,追,107.33,0,1,7,2,0
rBl6u-PQCfnEApS7lfmOv-o2K14p2ERlQLasAmJ4Hf29OOEIu1MXoHp8rzVAG317,20240305,向日町,10,F1,Ｓ級準決勝,base_color_3_bk,base_color_3,3,,014231,河村　雅章,,,東　京,S1,S2,両,103.33,0,4,2,0,0
rBl6u-PQCfnEApS7lfmOv-o2K14p2ERlQLasAmJ4Hf29OOEIu1MXoHp8rzVAG317,20240305,向日町,10,F1,Ｓ級準決勝,base_color_4_bk,base_color_4,4,,013978,菊地　圭尚,,,北海道,S1,S1,両,103.15,0,0,3,2,0
rBl6u-PQCfnEApS7lfmOv-o2K14p2ERlQLasAmJ4Hf29OOEIu1MXoHp8rzVAG317,20240305,向日町,10,F1,Ｓ級準決勝,base_color_5_bk,base_color_5,5,,015365,古賀　勝大,,,和歌山,S2,S2,逃,104.22,1,1,3,6,1
rBl6u-PQCfnEApS7lfmOv-o2K14p2ERlQLasAmJ4Hf29OOEIu1MXoHp8rzVAG317,20240305,向日町,10,F1,Ｓ級準決勝,base_color_6_bk,base_color_6,6,,014655,山口　翼,,,茨　城,S2,S2,逃,98.45,1,3,2,1,4
rBl6u-PQCfnEApS7lfmOv-o2K14p2ERlQLasAmJ4Hf29OOEIu1MXoHp8rzVAG317,20240305,向日町,10,F1,Ｓ級準決勝,base_color_7_bk,base_color_7,7,,014995,渡邉　雄太,,,静　岡,S1,S1,逃,107.06,0,3,0,0,1
rBl6u-PQCfnEApS7lfmOv5ZLyBRLVDKat7kJxSNbx88LIoXLMZLMGN2NTqBgytqF,20240305,向日町,11,F1,Ｓ級準決勝,base_color_1_bk,base_color_1,1,,014002,渡部　幸訓,,,福　島,S1,S1,追,110.82,0,0,4,3,0
rBl6u-PQCfnEApS7lfmOv5ZLyBRLVDKat7kJxSNbx88LIoXLMZLMGN2NTqBgytqF,20240305,向日町,11,F1,Ｓ級準決勝,base_color_2_bk,base_color_2,2,,015122,島川　将貴,,,徳　島,S1,S1,逃,111.12,3,10,3,2,8
rBl6u-PQCfnEApS7lfmOv5ZLyBRLVDKat7kJxSNbx88LIoXLMZLMGN2NTqBgytqF,20240305,向日町,11,F1,Ｓ級準決勝,base_color_3_bk,base_color_3,3,,014817,佐藤　壮,,,千　葉,S2,S2,追,104.76,0,0,3,3,0
rBl6u-PQCfnEApS7lfmOv5ZLyBRLVDKat7kJxSNbx88LIoXLMZLMGN2NTqBgytqF,20240305,向日町,11,F1,Ｓ級準決勝,base_color_4_bk,base_color_4,4,,014190,木村　隆弘,,,徳　島,S1,S2,追,105.32,0,0,7,2,0
rBl6u-PQCfnEApS7lfmOv5ZLyBRLVDKat7kJxSNbx88LIoXLMZLMGN2NTqBgytqF,20240305,向日町,11,F1,Ｓ級準決勝,base_color_5_bk,base_color_5,5,,013850,山賀　雅仁,,,千　葉,S2,S1,両,104.53,0,2,4,0,1
rBl6u-PQCfnEApS7lfmOv5ZLyBRLVDKat7kJxSNbx88LIoXLMZLMGN2NTqBgytqF,20240305,向日町,11,F1,Ｓ級準決勝,base_color_6_bk,base_color_6,6,,013074,島田　竜二,,,熊　本,S2,S1,追,103.53,0,1,9,1,1
rBl6u-PQCfnEApS7lfmOv5ZLyBRLVDKat7kJxSNbx88LIoXLMZLMGN2NTqBgytqF,20240305,向日町,11,F1,Ｓ級準決勝,base_color_7_bk,base_color_7,7,,014348,坂本　貴史,color_blue,追加,青　森,S1,S1,両,105.73,3,7,1,1,5
rBl6u-PQCfnEApS7lfmOvy5T3kFRYwrXrrrXmRnmfuRZIFw_ZijF1FmIatgYzwAU,20240305,向日町,12,F1,Ｓ級準決勝,base_color_1_bk,base_color_1,1,,015458,貴志　修己,color_blue,追加,和歌山,S2,S2,逃,102.05,2,2,0,0,13
rBl6u-PQCfnEApS7lfmOvy5T3kFRYwrXrrrXmRnmfuRZIFw_ZijF1FmIatgYzwAU,20240305,向日町,12,F1,Ｓ級準決勝,base_color_2_bk,base_color_2,2,,015066,原口　昌平,,,福　岡,S2,S2,逃,100.55,3,4,1,0,4
rBl6u-PQCfnEApS7lfmOvy5T3kFRYwrXrrrXmRnmfuRZIFw_ZijF1FmIatgYzwAU,20240305,向日町,12,F1,Ｓ級準決勝,base_color_3_bk,base_color_3,3,,014235,鈴木　庸之,,,新　潟,S1,S2,両,104.29,0,1,3,2,0
rBl6u-PQCfnEApS7lfmOvy5T3kFRYwrXrrrXmRnmfuRZIFw_ZijF1FmIatgYzwAU,20240305,向日町,12,F1,Ｓ級準決勝,base_color_4_bk,base_color_4,4,,013790,稲垣　裕之,,,京　都,S1,S1,両,106.15,0,0,6,4,0
rBl6u-PQCfnEApS7lfmOvy5T3kFRYwrXrrrXmRnmfuRZIFw_ZijF1FmIatgYzwAU,20240305,向日町,12,F1,Ｓ級準決勝,base_color_5_bk,base_color_5,5,,014804,横山　尚則,,,茨　城,S1,S1,追,107.95,0,0,7,3,0
rBl6u-PQCfnEApS7lfmOvy5T3kFRYwrXrrrXmRnmfuRZIFw_ZijF1FmIatgYzwAU,20240305,向日町,12,F1,Ｓ級準決勝,base_color_6_bk,base_color_6,6,,014478,内山　貴裕,,,京　都,S2,S2,追,98.71,0,0,1,1,0
rBl6u-PQCfnEApS7lfmOvy5T3kFRYwrXrrrXmRnmfuRZIFw_ZijF1FmIatgYzwAU,20240305,向日町,12,F1,Ｓ級準決勝,base_color_7_bk,base_color_7,7,,014624,柳詰　正宏,,,福　岡,S1,S1,追,104.00,0,0,2,1,0
qB0b7MkHtkbTo5CbxWit4ztR4rjdLDWeXIlf4Kd-H_PcsjS28lFkMz_qE78ha6UC,20240305,川崎,1,F2,Ａ級チャレンジ予選,base_color_1_bk,base_color_1,1,,014120,永田　修一,,,熊　本,A2,A3,追,75.83,0,0,1,5,0
qB0b7MkHtkbTo5CbxWit4ztR4rjdLDWeXIlf4Kd-H_PcsjS28lFkMz_qE78ha6UC,20240305,川崎,1,F2,Ａ級チャレンジ予選,base_color_2_bk,base_color_2,2,,013176,早川　成矢,,,埼　玉,A2,A3,両,75.57,0,2,2,1,0
qB0b7MkHtkbTo5CbxWit4ztR4rjdLDWeXIlf4Kd-H_PcsjS28lFkMz_qE78ha6UC,20240305,川崎,1,F2,Ａ級チャレンジ予選,base_color_3_bk,base_color_3,3,,014289,羽石　国臣,,,栃　木,A3,A3,追,75.33,0,0,2,4,0
qB0b7MkHtkbTo5CbxWit4ztR4rjdLDWeXIlf4Kd-H_PcsjS28lFkMz_qE78ha6UC,20240305,川崎,1,F2,Ａ級チャレンジ予選,base_color_4_bk,base_color_4,4,,014407,森　佑樹,,,岡　山,A3,A3,逃,73.66,5,7,2,1,7
qB0b7MkHtkbTo5CbxWit4ztR4rjdLDWeXIlf4Kd-H_PcsjS28lFkMz_qE78ha6UC,20240305,川崎,1,F2,Ａ級チャレンジ予選,base_color_5_bk,base_color_5,5,,013378,小田桐義継,,,北海道,A3,A3,追,68.43,0,0,4,1,0
qB0b7MkHtkbTo5CbxWit4ztR4rjdLDWeXIlf4Kd-H_PcsjS28lFkMz_qE78ha6UC,20240305,川崎,1,F2,Ａ級チャレンジ予選,base_color_6_bk,base_color_6,6,,012393,森山　昌昭,,,福　岡,A3,A3,追,68.10,0,0,2,0,0
qB0b7MkHtkbTo5CbxWit4ztR4rjdLDWeXIlf4Kd-H_PcsjS28lFkMz_qE78ha6UC,20240305,川崎,1,F2,Ａ級チャレンジ予選,base_color_7_bk,base_color_7,7,,015686,高橋　海月,,,青　森,A3,A3,逃,64.22,1,0,1,0,6
qB0b7MkHtkbTo5CbxWit44YalddC09SsSvIWdzzW7YAcRqd6dSPq5rViu9CHZ7Zl,20240305,川崎,2,F2,Ａ級チャレンジ予選,base_color_1_bk,base_color_1,1,,013359,吉田　彰久,,,香　川,A2,A3,追,77.78,0,0,2,6,0
qB0b7MkHtkbTo5CbxWit44YalddC09SsSvIWdzzW7YAcRqd6dSPq5rViu9CHZ7Zl,20240305,川崎,2,F2,Ａ級チャレンジ予選,base_color_2_bk,base_color_2,2,,015750,徳永　泰粋,,,熊　本,A3,A3,逃,74.61,4,5,3,0,6
qB0b7MkHtkbTo5CbxWit44YalddC09SsSvIWdzzW7YAcRqd6dSPq5rViu9CHZ7Zl,20240305,川崎,2,F2,Ａ級チャレンジ予選,base_color_3_bk,base_color_3,3,,014650,佐藤　裕輝,,,福　島,A3,A3,逃,70.94,0,4,3,0,2
qB0b7MkHtkbTo5CbxWit44YalddC09SsSvIWdzzW7YAcRqd6dSPq5rViu9CHZ7Zl,20240305,川崎,2,F2,Ａ級チャレンジ予選,base_color_4_bk,base_color_4,4,,012754,小野　祐作,,,岡　山,A3,A3,追,69.17,0,0,0,3,0
qB0b7MkHtkbTo5CbxWit44YalddC09SsSvIWdzzW7YAcRqd6dSPq5rViu9CHZ7Zl,20240305,川崎,2,F2,Ａ級チャレンジ予選,base_color_5_bk,base_color_5,5,,014215,木田　有隆,,,福　島,A2,A3,追,69.00,0,0,0,0,0
qB0b7MkHtkbTo5CbxWit44YalddC09SsSvIWdzzW7YAcRqd6dSPq5rViu9CHZ7Zl,20240305,川崎,2,F2,Ａ級チャレンジ予選,base_color_6_bk,base_color_6,6,,011990,茂木　和臣,,,埼　玉,A3,A3,追,68.27,0,0,1,2,0
qB0b7MkHtkbTo5CbxWit44YalddC09SsSvIWdzzW7YAcRqd6dSPq5rViu9CHZ7Zl,20240305,川崎,2,F2,Ａ級チャレンジ予選,base_color_7_bk,base_color_7,7,,014015,米倉　剛志,,,千　葉,A3,A3,逃,64.95,1,2,1,0,7
qB0b7MkHtkbTo5CbxWit40R8hLbugfw3NQ4DvZTEX6kPZMoBuP0jCi1G52BBDtEU,20240305,川崎,3,F2,Ａ級チャレンジ予選,base_color_1_bk,base_color_1,1,,015701,石田　典大,,,東　京,A3,A3,逃,78.10,11,2,0,0,14
qB0b7MkHtkbTo5CbxWit40R8hLbugfw3NQ4DvZTEX6kPZMoBuP0jCi1G52BBDtEU,20240305,川崎,3,F2,Ａ級チャレンジ予選,base_color_2_bk,base_color_2,2,,013421,富澤　洋祐,,,静　岡,A2,A3,追,75.18,0,0,0,2,0
qB0b7MkHtkbTo5CbxWit40R8hLbugfw3NQ4DvZTEX6kPZMoBuP0jCi1G52BBDtEU,20240305,川崎,3,F2,Ａ級チャレンジ予選,base_color_3_bk,base_color_3,3,,012638,栗原　稔貴,,,栃　木,A3,A3,追,71.00,0,0,0,0,0
qB0b7MkHtkbTo5CbxWit40R8hLbugfw3NQ4DvZTEX6kPZMoBuP0jCi1G52BBDtEU,20240305,川崎,3,F2,Ａ級チャレンジ予選,base_color_4_bk,base_color_4,4,,013505,住村　実,,,徳　島,A3,A3,追,68.70,0,0,3,0,0
qB0b7MkHtkbTo5CbxWit40R8hLbugfw3NQ4DvZTEX6kPZMoBuP0jCi1G52BBDtEU,20240305,川崎,3,F2,Ａ級チャレンジ予選,base_color_5_bk,base_color_5,5,,012982,上原　直樹,,,岡　山,A3,A3,追,67.27,0,0,3,0,1
qB0b7MkHtkbTo5CbxWit40R8hLbugfw3NQ4DvZTEX6kPZMoBuP0jCi1G52BBDtEU,20240305,川崎,3,F2,Ａ級チャレンジ予選,base_color_6_bk,base_color_6,6,,013937,高田　隼人,,,千　葉,A3,A3,両,66.92,4,1,2,0,8
qB0b7MkHtkbTo5CbxWit40R8hLbugfw3NQ4DvZTEX6kPZMoBuP0jCi1G52BBDtEU,20240305,川崎,3,F2,Ａ級チャレンジ予選,base_color_7_bk,base_color_7,7,,014777,竹村　達也,,,高　知,A3,A3,両,66.05,0,0,0,2,2
qB0b7MkHtkbTo5CbxWit4_sTtnk_8PVHjFQhLL40P45HGIM5XbCkGykUQAZBJMW3,20240305,川崎,4,F2,Ａ級チャレンジ予選,base_color_1_bk,base_color_1,1,,015712,松本　京太,,,静　岡,A3,A3,逃,78.44,7,6,0,0,12
qB0b7MkHtkbTo5CbxWit4_sTtnk_8PVHjFQhLL40P45HGIM5XbCkGykUQAZBJMW3,20240305,川崎,4,F2,Ａ級チャレンジ予選,base_color_2_bk,base_color_2,2,,014526,渡辺　馨,,,神奈川,A3,A3,両,71.17,0,1,2,2,1
qB0b7MkHtkbTo5CbxWit4_sTtnk_8PVHjFQhLL40P45HGIM5XbCkGykUQAZBJMW3,20240305,川崎,4,F2,Ａ級チャレンジ予選,base_color_3_bk,base_color_3,3,,013456,小林　和彦,,,群　馬,A3,A3,両,70.61,0,1,3,0,1
qB0b7MkHtkbTo5CbxWit4_sTtnk_8PVHjFQhLL40P45HGIM5XbCkGykUQAZBJMW3,20240305,川崎,4,F2,Ａ級チャレンジ予選,base_color_4_bk,base_color_4,4,,013030,梶山　大輔,,,神奈川,A3,A3,追,69.46,0,0,1,1,0
qB0b7MkHtkbTo5CbxWit4_sTtnk_8PVHjFQhLL40P45HGIM5XbCkGykUQAZBJMW3,20240305,川崎,4,F2,Ａ級チャレンジ予選,base_color_5_bk,base_color_5,5,,014376,保科　圭太,,,新　潟,A3,A3,追,69.23,0,1,1,0,1
qB0b7MkHtkbTo5CbxWit4_sTtnk_8PVHjFQhLL40P45HGIM5XbCkGykUQAZBJMW3,20240305,川崎,4,F2,Ａ級チャレンジ予選,base_color_6_bk,base_color_6,6,,013531,伊藤　司,,,福　島,A3,A3,逃,68.28,1,2,0,1,2
qB0b7MkHtkbTo5CbxWit4_sTtnk_8PVHjFQhLL40P45HGIM5XbCkGykUQAZBJMW3,20240305,川崎,4,F2,Ａ級チャレンジ予選,base_color_7_bk,base_color_7,7,,012783,平澤　秀信,,,北海道,A3,A3,追,65.93,0,0,0,0,0
qB0b7MkHtkbTo5CbxWit48FjtYZmY2KHBnCA83OGVbKxFGEdaCTscu8AdNg2au_Q,20240305,川崎,5,F2,Ａ級特予選,base_color_1_bk,base_color_1,1,,011417,小川　巧,color_blue,追加,岡　山,A1,A2,追,87.33,0,0,4,1,0
qB0b7MkHtkbTo5CbxWit48FjtYZmY2KHBnCA83OGVbKxFGEdaCTscu8AdNg2au_Q,20240305,川崎,5,F2,Ａ級特予選,base_color_2_bk,base_color_2,2,,013520,高木　竜司,,,熊　本,A1,A1,追,86.66,0,0,5,1,0
qB0b7MkHtkbTo5CbxWit48FjtYZmY2KHBnCA83OGVbKxFGEdaCTscu8AdNg2au_Q,20240305,川崎,5,F2,Ａ級特予選,base_color_3_bk,base_color_3,3,,015117,野崎　将史,,,岡　山,A2,A1,両,86.66,0,1,6,0,0
qB0b7MkHtkbTo5CbxWit48FjtYZmY2KHBnCA83OGVbKxFGEdaCTscu8AdNg2au_Q,20240305,川崎,5,F2,Ａ級特予選,base_color_4_bk,base_color_4,4,,012800,豊田　一馬,,,群　馬,A2,A2,追,84.61,0,0,1,2,0
qB0b7MkHtkbTo5CbxWit48FjtYZmY2KHBnCA83OGVbKxFGEdaCTscu8AdNg2au_Q,20240305,川崎,5,F2,Ａ級特予選,base_color_5_bk,base_color_5,5,,013710,榎本　光男,,,静　岡,A2,A2,両,82.10,1,3,1,1,5
qB0b7MkHtkbTo5CbxWit48FjtYZmY2KHBnCA83OGVbKxFGEdaCTscu8AdNg2au_Q,20240305,川崎,5,F2,Ａ級特予選,base_color_6_bk,base_color_6,6,,015557,梶原　大地,,,福　岡,A2,A1,逃,82.00,2,4,0,1,16
qB0b7MkHtkbTo5CbxWit48FjtYZmY2KHBnCA83OGVbKxFGEdaCTscu8AdNg2au_Q,20240305,川崎,5,F2,Ａ級特予選,base_color_7_bk,base_color_7,7,,013713,丸山　勝也,,,静　岡,A3,A2,追,75.14,0,0,1,2,0
qB0b7MkHtkbTo5CbxWit4yqNY_k_Vj2rkXScd2VynsWs8uZqH0Xn2Tc-av59ZmfC,20240305,川崎,6,F2,Ａ級特予選,base_color_1_bk,base_color_1,1,,015010,吉川　嘉斗,,,徳　島,A1,A2,追,88.00,0,0,4,2,0
qB0b7MkHtkbTo5CbxWit4yqNY_k_Vj2rkXScd2VynsWs8uZqH0Xn2Tc-av59ZmfC,20240305,川崎,6,F2,Ａ級特予選,base_color_2_bk,base_color_2,2,,015280,藤井　將,,,広　島,A2,A1,両,86.88,0,5,3,1,3
qB0b7MkHtkbTo5CbxWit4yqNY_k_Vj2rkXScd2VynsWs8uZqH0Xn2Tc-av59ZmfC,20240305,川崎,6,F2,Ａ級特予選,base_color_3_bk,base_color_3,3,,013659,高比良　豪,color_blue,追加,福　岡,A1,A1,両,85.66,0,2,6,1,0
qB0b7MkHtkbTo5CbxWit4yqNY_k_Vj2rkXScd2VynsWs8uZqH0Xn2Tc-av59ZmfC,20240305,川崎,6,F2,Ａ級特予選,base_color_4_bk,base_color_4,4,,013512,長野　和弘,,,福　岡,A2,A2,追,85.47,0,0,4,2,0
qB0b7MkHtkbTo5CbxWit4yqNY_k_Vj2rkXScd2VynsWs8uZqH0Xn2Tc-av59ZmfC,20240305,川崎,6,F2,Ａ級特予選,base_color_5_bk,base_color_5,5,,011734,濱口　健二,,,高　知,A2,A2,追,81.64,0,0,4,0,0
qB0b7MkHtkbTo5CbxWit4yqNY_k_Vj2rkXScd2VynsWs8uZqH0Xn2Tc-av59ZmfC,20240305,川崎,6,F2,Ａ級特予選,base_color_6_bk,base_color_6,6,,013919,森田　達也,,,福　島,A2,A2,両,81.33,0,0,0,3,0
qB0b7MkHtkbTo5CbxWit4yqNY_k_Vj2rkXScd2VynsWs8uZqH0Xn2Tc-av59ZmfC,20240305,川崎,6,F2,Ａ級特予選,base_color_7_bk,base_color_7,7,,013828,引地　正人,,,秋　田,A1,A1,逃,79.85,3,1,0,0,9
qB0b7MkHtkbTo5CbxWit47yOhDCmrBe-ks_SXXbZMziAjpb9Jqay16YscdQmPQ9F,20240305,川崎,7,F2,Ａ級特予選,base_color_1_bk,base_color_1,1,,013219,宮本　佳樹,color_blue,追加,香　川,A1,A1,追,86.80,0,1,5,3,0
qB0b7MkHtkbTo5CbxWit47yOhDCmrBe-ks_SXXbZMziAjpb9Jqay16YscdQmPQ9F,20240305,川崎,7,F2,Ａ級特予選,base_color_2_bk,base_color_2,2,,015599,堀　航輝,,,青　森,A2,A2,逃,86.38,4,3,0,0,11
qB0b7MkHtkbTo5CbxWit47yOhDCmrBe-ks_SXXbZMziAjpb9Jqay16YscdQmPQ9F,20240305,川崎,7,F2,Ａ級特予選,base_color_3_bk,base_color_3,3,,013352,吉永　和生,,,広　島,A1,A2,追,86.27,0,1,4,1,0
qB0b7MkHtkbTo5CbxWit47yOhDCmrBe-ks_SXXbZMziAjpb9Jqay16YscdQmPQ9F,20240305,川崎,7,F2,Ａ級特予選,base_color_4_bk,base_color_4,4,,014412,宮崎　康司,,,香　川,A1,A1,両,84.69,4,0,5,1,4
qB0b7MkHtkbTo5CbxWit47yOhDCmrBe-ks_SXXbZMziAjpb9Jqay16YscdQmPQ9F,20240305,川崎,7,F2,Ａ級特予選,base_color_5_bk,base_color_5,5,,015091,樋口　瑛土,,,東　京,A1,A2,追,84.42,0,0,3,2,0
qB0b7MkHtkbTo5CbxWit47yOhDCmrBe-ks_SXXbZMziAjpb9Jqay16YscdQmPQ9F,20240305,川崎,7,F2,Ａ級特予選,base_color_6_bk,base_color_6,6,,014125,坂本　昌宏,,,青　森,A2,A2,追,82.83,0,0,2,3,0
qB0b7MkHtkbTo5CbxWit47yOhDCmrBe-ks_SXXbZMziAjpb9Jqay16YscdQmPQ9F,20240305,川崎,7,F2,Ａ級特予選,base_color_7_bk,base_color_7,7,,012345,幸田　光博,,,栃　木,A2,A2,追,81.44,0,0,1,0,0
qB0b7MkHtkbTo5CbxWit4yLL1dL1s4tdSlQVpCVEB5ZMHe9-zfLGOCiECU8Q4kJi,20240305,川崎,8,F2,Ａ級特予選,base_color_1_bk,base_color_1,1,,014205,日当　泰之,,,青　森,A1,A1,両,87.14,3,4,1,1,12
qB0b7MkHtkbTo5CbxWit4yLL1dL1s4tdSlQVpCVEB5ZMHe9-zfLGOCiECU8Q4kJi,20240305,川崎,8,F2,Ａ級特予選,base_color_2_bk,base_color_2,2,,012823,遠藤　勝行,,,静　岡,A2,A2,追,86.77,0,0,4,5,0
qB0b7MkHtkbTo5CbxWit4yLL1dL1s4tdSlQVpCVEB5ZMHe9-zfLGOCiECU8Q4kJi,20240305,川崎,8,F2,Ａ級特予選,base_color_3_bk,base_color_3,3,,014336,八尋　翔平,,,福　岡,A1,A2,追,86.50,0,0,1,0,0
qB0b7MkHtkbTo5CbxWit4yLL1dL1s4tdSlQVpCVEB5ZMHe9-zfLGOCiECU8Q4kJi,20240305,川崎,8,F2,Ａ級特予選,base_color_4_bk,base_color_4,4,,014008,甲斐　康昭,,,群　馬,A1,A1,追,86.44,0,0,3,3,0
qB0b7MkHtkbTo5CbxWit4yLL1dL1s4tdSlQVpCVEB5ZMHe9-zfLGOCiECU8Q4kJi,20240305,川崎,8,F2,Ａ級特予選,base_color_5_bk,base_color_5,5,,015481,山川　奨太,,,熊　本,A2,A2,逃,83.37,2,2,3,0,2
qB0b7MkHtkbTo5CbxWit4yLL1dL1s4tdSlQVpCVEB5ZMHe9-zfLGOCiECU8Q4kJi,20240305,川崎,8,F2,Ａ級特予選,base_color_6_bk,base_color_6,6,,014669,植木　和広,,,神奈川,A1,A2,追,82.09,0,0,4,1,0
qB0b7MkHtkbTo5CbxWit4yLL1dL1s4tdSlQVpCVEB5ZMHe9-zfLGOCiECU8Q4kJi,20240305,川崎,8,F2,Ａ級特予選,base_color_7_bk,base_color_7,7,,014366,阿久津浩之,,,東　京,A3,A2,逃,80.77,7,0,2,1,12
qB0b7MkHtkbTo5CbxWit441v32ejJK9IcHDo8rhjS7o169o3-rdrL8PcCZDPLA2w,20240305,川崎,9,F2,Ａ級初日特選,base_color_1_bk,base_color_1,1,,013803,三ツ石康洋,,,徳　島,S2,A1,両,96.63,2,2,5,3,2
qB0b7MkHtkbTo5CbxWit441v32ejJK9IcHDo8rhjS7o169o3-rdrL8PcCZDPLA2w,20240305,川崎,9,F2,Ａ級初日特選,base_color_2_bk,base_color_2,2,,014077,古屋　琢晶,,,山　梨,S2,A1,両,96.50,1,5,4,0,8
qB0b7MkHtkbTo5CbxWit441v32ejJK9IcHDo8rhjS7o169o3-rdrL8PcCZDPLA2w,20240305,川崎,9,F2,Ａ級初日特選,base_color_3_bk,base_color_3,3,,015353,松坂　侑亮,,,神奈川,S2,A1,逃,96.08,10,2,0,0,15
qB0b7MkHtkbTo5CbxWit441v32ejJK9IcHDo8rhjS7o169o3-rdrL8PcCZDPLA2w,20240305,川崎,9,F2,Ａ級初日特選,base_color_4_bk,base_color_4,4,,014528,落合　達彦,,,静　岡,S2,A1,追,94.68,0,0,6,2,0
qB0b7MkHtkbTo5CbxWit441v32ejJK9IcHDo8rhjS7o169o3-rdrL8PcCZDPLA2w,20240305,川崎,9,F2,Ａ級初日特選,base_color_5_bk,base_color_5,5,,015015,野口　大誠,,,熊　本,A1,A1,両,90.35,0,1,1,2,0
qB0b7MkHtkbTo5CbxWit441v32ejJK9IcHDo8rhjS7o169o3-rdrL8PcCZDPLA2w,20240305,川崎,9,F2,Ａ級初日特選,base_color_6_bk,base_color_6,6,,013556,山信田　学,color_blue,追加,埼　玉,A1,A1,追,89.77,0,0,8,1,0
qB0b7MkHtkbTo5CbxWit441v32ejJK9IcHDo8rhjS7o169o3-rdrL8PcCZDPLA2w,20240305,川崎,9,F2,Ａ級初日特選,base_color_7_bk,base_color_7,7,,015047,加藤　健一,,,神奈川,A1,A1,逃,89.00,10,2,1,1,12
pjpbN8xQZYQT1-bYupLW50-_zcjYAisGR600y7rcNDsBYWmeAiEZUJI6I9dXa6TI,20240305,小田原,1,F2,Ａ級一般,base_color_1_bk,base_color_1,1,,014530,栗田　雄矢,,,静　岡,A1,A2,追,87.66,0,1,6,1,0
pjpbN8xQZYQT1-bYupLW50-_zcjYAisGR600y7rcNDsBYWmeAiEZUJI6I9dXa6TI,20240305,小田原,1,F2,Ａ級一般,base_color_2_bk,base_color_2,2,,013311,根本　雄紀,,,茨　城,A2,A2,追,82.00,0,0,1,0,0
pjpbN8xQZYQT1-bYupLW50-_zcjYAisGR600y7rcNDsBYWmeAiEZUJI6I9dXa6TI,20240305,小田原,1,F2,Ａ級一般,base_color_3_bk,base_color_3,3,,012532,西郷　剛,,,兵　庫,A2,A2,追,79.37,0,0,0,0,0
pjpbN8xQZYQT1-bYupLW50-_zcjYAisGR600y7rcNDsBYWmeAiEZUJI6I9dXa6TI,20240305,小田原,1,F2,Ａ級一般,base_color_4_bk,base_color_4,4,,013638,村上　卓茂,,,愛　知,A1,A2,追,86.08,0,0,2,3,0
pjpbN8xQZYQT1-bYupLW50-_zcjYAisGR600y7rcNDsBYWmeAiEZUJI6I9dXa6TI,20240305,小田原,1,F2,Ａ級一般,base_color_5_bk,base_color_5,5,,014303,小川　達也,,,静　岡,A2,A2,逃,82.51,2,1,1,0,10
pjpbN8xQZYQT1-bYupLW50-_zcjYAisGR600y7rcNDsBYWmeAiEZUJI6I9dXa6TI,20240305,小田原,1,F2,Ａ級一般,base_color_6_bk,base_color_6,6,,014654,舘　真成,,,茨　城,A2,A2,両,79.14,2,0,0,1,3
pjpbN8xQZYQT1-bYupLW50-_zcjYAisGR600y7rcNDsBYWmeAiEZUJI6I9dXa6TI,20240305,小田原,1,F2,Ａ級一般,base_color_7_bk,base_color_7,7,,012883,大沼　孝行,color_blue,追加,静　岡,A2,A2,逃,80.34,3,1,1,0,5
pjpbN8xQZYQT1-bYupLW54HQx6nunmGD1iAz1pEGw8YAQUKTY7cYHEvsw_u882wS,20240305,小田原,2,F2,Ａ級一般,base_color_1_bk,base_color_1,1,,014841,井上　将志,,,兵　庫,A1,A2,両,83.10,1,2,2,1,5
pjpbN8xQZYQT1-bYupLW54HQx6nunmGD1iAz1pEGw8YAQUKTY7cYHEvsw_u882wS,20240305,小田原,2,F2,Ａ級一般,base_color_2_bk,base_color_2,2,,014575,鈴木　達也,,,福　島,A2,A2,追,82.83,0,1,2,0,1
pjpbN8xQZYQT1-bYupLW54HQx6nunmGD1iAz1pEGw8YAQUKTY7cYHEvsw_u882wS,20240305,小田原,2,F2,Ａ級一般,base_color_3_bk,base_color_3,3,,014821,原岡泰志郎,,,千　葉,A1,A2,両,79.88,0,0,0,0,0
pjpbN8xQZYQT1-bYupLW54HQx6nunmGD1iAz1pEGw8YAQUKTY7cYHEvsw_u882wS,20240305,小田原,2,F2,Ａ級一般,base_color_4_bk,base_color_4,4,,015045,大関　祐也,,,千　葉,A2,A2,逃,81.44,3,2,0,0,11
pjpbN8xQZYQT1-bYupLW54HQx6nunmGD1iAz1pEGw8YAQUKTY7cYHEvsw_u882wS,20240305,小田原,2,F2,Ａ級一般,base_color_5_bk,base_color_5,5,,013285,吉川　悟,,,大　阪,A2,A2,追,81.04,0,0,1,0,0
pjpbN8xQZYQT1-bYupLW54HQx6nunmGD1iAz1pEGw8YAQUKTY7cYHEvsw_u882wS,20240305,小田原,2,F2,Ａ級一般,base_color_6_bk,base_color_6,6,,012597,塚本　貴雄,,,岐　阜,A2,A2,追,79.57,0,0,1,0,0
pjpbN8xQZYQT1-bYupLW54HQx6nunmGD1iAz1pEGw8YAQUKTY7cYHEvsw_u882wS,20240305,小田原,2,F2,Ａ級一般,base_color_7_bk,base_color_7,7,,014476,乾　庄平,,,滋　賀,A2,A2,追,82.79,0,0,3,1,0
pjpbN8xQZYQT1-bYupLW56S-TlRBwWo83QVDAhB2Lo8dlcIUJPzbJyf-avbOw8sg,20240305,小田原,3,F2,Ａ級選抜,base_color_1_bk,base_color_1,1,,012417,須藤　直道,,,群　馬,A1,A1,追,89.40,0,0,9,4,0
pjpbN8xQZYQT1-bYupLW56S-TlRBwWo83QVDAhB2Lo8dlcIUJPzbJyf-avbOw8sg,20240305,小田原,3,F2,Ａ級選抜,base_color_2_bk,base_color_2,2,,014166,倉野隆太郎,color_blue,追加,三　重,A2,A1,両,84.20,0,0,3,2,0
pjpbN8xQZYQT1-bYupLW56S-TlRBwWo83QVDAhB2Lo8dlcIUJPzbJyf-avbOw8sg,20240305,小田原,3,F2,Ａ級選抜,base_color_3_bk,base_color_3,3,,012590,山崎　敦雄,color_blue,追加,静　岡,A1,A1,追,83.21,0,0,1,0,0
pjpbN8xQZYQT1-bYupLW56S-TlRBwWo83QVDAhB2Lo8dlcIUJPzbJyf-avbOw8sg,20240305,小田原,3,F2,Ａ級選抜,base_color_4_bk,base_color_4,4,,012882,鈴木　愼二,,,神奈川,A2,A2,追,82.33,0,0,0,0,0
pjpbN8xQZYQT1-bYupLW56S-TlRBwWo83QVDAhB2Lo8dlcIUJPzbJyf-avbOw8sg,20240305,小田原,3,F2,Ａ級選抜,base_color_5_bk,base_color_5,5,,014578,大越　啓介,,,栃　木,A2,A2,両,84.17,0,1,2,2,1
pjpbN8xQZYQT1-bYupLW56S-TlRBwWo83QVDAhB2Lo8dlcIUJPzbJyf-avbOw8sg,20240305,小田原,3,F2,Ａ級選抜,base_color_6_bk,base_color_6,6,,011993,深井　高志,,,東　京,A2,A2,追,80.42,0,0,2,0,0
pjpbN8xQZYQT1-bYupLW56S-TlRBwWo83QVDAhB2Lo8dlcIUJPzbJyf-avbOw8sg,20240305,小田原,3,F2,Ａ級選抜,base_color_7_bk,base_color_7,7,,015360,勝谷　勝治,,,三　重,A2,A1,逃,81.09,1,1,0,1,9
pjpbN8xQZYQT1-bYupLW56WLwTGe_7jBjaapswxPvSS7SDgN8V7faH8kW0Lubi7j,20240305,小田原,4,F2,Ａ級選抜,base_color_1_bk,base_color_1,1,,014464,中西　司,,,神奈川,A2,A1,追,84.87,0,0,4,2,0
pjpbN8xQZYQT1-bYupLW56WLwTGe_7jBjaapswxPvSS7SDgN8V7faH8kW0Lubi7j,20240305,小田原,4,F2,Ａ級選抜,base_color_2_bk,base_color_2,2,,013763,川上真二郎,,,新　潟,A2,A2,追,82.45,0,0,0,1,0
pjpbN8xQZYQT1-bYupLW56WLwTGe_7jBjaapswxPvSS7SDgN8V7faH8kW0Lubi7j,20240305,小田原,4,F2,Ａ級選抜,base_color_3_bk,base_color_3,3,,015054,谷本　奨輝,,,富　山,A2,A1,両,83.08,2,0,2,1,10
pjpbN8xQZYQT1-bYupLW56WLwTGe_7jBjaapswxPvSS7SDgN8V7faH8kW0Lubi7j,20240305,小田原,4,F2,Ａ級選抜,base_color_4_bk,base_color_4,4,,012879,石井　毅,color_blue,追加,神奈川,A2,A2,追,83.62,0,0,1,3,0
pjpbN8xQZYQT1-bYupLW56WLwTGe_7jBjaapswxPvSS7SDgN8V7faH8kW0Lubi7j,20240305,小田原,4,F2,Ａ級選抜,base_color_5_bk,base_color_5,5,,013641,竹内　一暢,,,滋　賀,A1,A1,追,86.56,0,0,5,2,0
pjpbN8xQZYQT1-bYupLW56WLwTGe_7jBjaapswxPvSS7SDgN8V7faH8kW0Lubi7j,20240305,小田原,4,F2,Ａ級選抜,base_color_6_bk,base_color_6,6,,012717,伊藤　一貴,,,栃　木,A2,A2,追,80.33,0,0,1,2,0
pjpbN8xQZYQT1-bYupLW56WLwTGe_7jBjaapswxPvSS7SDgN8V7faH8kW0Lubi7j,20240305,小田原,4,F2,Ａ級選抜,base_color_7_bk,base_color_7,7,,013834,平石　浩之,,,茨　城,A2,A1,追,84.15,0,0,2,3,0
pjpbN8xQZYQT1-bYupLW50VchMGNFqb1FCTx88hVV-FuRjJFwHKCGT2b0yoOo2bH,20240305,小田原,5,F2,Ａ級準決勝,base_color_1_bk,base_color_1,1,,015159,坂本　拓也,,,福　島,A1,A1,両,86.55,4,2,2,0,9
pjpbN8xQZYQT1-bYupLW50VchMGNFqb1FCTx88hVV-FuRjJFwHKCGT2b0yoOo2bH,20240305,小田原,5,F2,Ａ級準決勝,base_color_2_bk,base_color_2,2,,014390,愛敬　博之,,,愛　知,S2,A1,追,90.80,0,0,1,4,0
pjpbN8xQZYQT1-bYupLW50VchMGNFqb1FCTx88hVV-FuRjJFwHKCGT2b0yoOo2bH,20240305,小田原,5,F2,Ａ級準決勝,base_color_3_bk,base_color_3,3,,015428,藤田　周磨,,,埼　玉,S2,A1,逃,95.00,6,6,1,0,11
pjpbN8xQZYQT1-bYupLW50VchMGNFqb1FCTx88hVV-FuRjJFwHKCGT2b0yoOo2bH,20240305,小田原,5,F2,Ａ級準決勝,base_color_4_bk,base_color_4,4,,015331,宇佐見優介,,,福　島,A1,A1,追,88.50,0,0,3,4,0
pjpbN8xQZYQT1-bYupLW50VchMGNFqb1FCTx88hVV-FuRjJFwHKCGT2b0yoOo2bH,20240305,小田原,5,F2,Ａ級準決勝,base_color_5_bk,base_color_5,5,,014586,近藤　寛央,,,東　京,A2,A1,追,88.77,0,0,3,3,0
pjpbN8xQZYQT1-bYupLW50VchMGNFqb1FCTx88hVV-FuRjJFwHKCGT2b0yoOo2bH,20240305,小田原,5,F2,Ａ級準決勝,base_color_6_bk,base_color_6,6,,014347,外崎　一成,,,北海道,A2,A2,追,82.04,0,0,3,0,1
pjpbN8xQZYQT1-bYupLW50VchMGNFqb1FCTx88hVV-FuRjJFwHKCGT2b0yoOo2bH,20240305,小田原,5,F2,Ａ級準決勝,base_color_7_bk,base_color_7,7,,015115,堀　僚介,,,大　阪,A1,A1,逃,92.61,1,8,3,2,6
pjpbN8xQZYQT1-bYupLW54zzoIL6E59zEXpAk9Y9ZG6aGysUIr6bbGEw_BGYP7q3,20240305,小田原,6,F2,Ａ級準決勝,base_color_1_bk,base_color_1,1,,013879,伊豆田浩人,,,神奈川,S2,A1,追,92.56,0,0,1,5,0
pjpbN8xQZYQT1-bYupLW54zzoIL6E59zEXpAk9Y9ZG6aGysUIr6bbGEw_BGYP7q3,20240305,小田原,6,F2,Ａ級準決勝,base_color_2_bk,base_color_2,2,,012708,野木　義規,,,北海道,A1,A2,追,85.39,0,0,7,0,0
pjpbN8xQZYQT1-bYupLW54zzoIL6E59zEXpAk9Y9ZG6aGysUIr6bbGEw_BGYP7q3,20240305,小田原,6,F2,Ａ級準決勝,base_color_3_bk,base_color_3,3,,013571,小林　信晴,,,愛　知,A1,A1,追,87.58,0,0,3,3,1
pjpbN8xQZYQT1-bYupLW54zzoIL6E59zEXpAk9Y9ZG6aGysUIr6bbGEw_BGYP7q3,20240305,小田原,6,F2,Ａ級準決勝,base_color_4_bk,base_color_4,4,,014591,本多　哲也,,,千　葉,S2,A1,逃,91.40,2,3,0,0,8
pjpbN8xQZYQT1-bYupLW54zzoIL6E59zEXpAk9Y9ZG6aGysUIr6bbGEw_BGYP7q3,20240305,小田原,6,F2,Ａ級準決勝,base_color_5_bk,base_color_5,5,,014520,伊藤　彰規,,,神奈川,A1,A2,両,87.20,0,0,6,0,0
pjpbN8xQZYQT1-bYupLW54zzoIL6E59zEXpAk9Y9ZG6aGysUIr6bbGEw_BGYP7q3,20240305,小田原,6,F2,Ａ級準決勝,base_color_6_bk,base_color_6,6,,013951,永井　清史,,,岐　阜,A1,A2,両,83.94,1,0,2,1,1
pjpbN8xQZYQT1-bYupLW54zzoIL6E59zEXpAk9Y9ZG6aGysUIr6bbGEw_BGYP7q3,20240305,小田原,6,F2,Ａ級準決勝,base_color_7_bk,base_color_7,7,,015332,鈴木　涼介,,,福　島,A1,A1,逃,86.74,11,1,1,0,21
pjpbN8xQZYQT1-bYupLW50GAZUVS0Ge3BawyUjevjXPLYcyUqakcIWWzZNyTeFAj,20240305,小田原,7,F2,Ａ級準決勝,base_color_1_bk,base_color_1,1,,012679,坂上　忠克,,,石　川,A1,A1,追,90.14,0,0,3,3,0
pjpbN8xQZYQT1-bYupLW50GAZUVS0Ge3BawyUjevjXPLYcyUqakcIWWzZNyTeFAj,20240305,小田原,7,F2,Ａ級準決勝,base_color_2_bk,base_color_2,2,,014818,田口　裕一,,,千　葉,A2,A1,追,86.33,0,0,3,0,0
pjpbN8xQZYQT1-bYupLW50GAZUVS0Ge3BawyUjevjXPLYcyUqakcIWWzZNyTeFAj,20240305,小田原,7,F2,Ａ級準決勝,base_color_3_bk,base_color_3,3,,014153,伊藤　太一,,,山　梨,A2,A2,追,84.69,2,0,3,1,3
pjpbN8xQZYQT1-bYupLW50GAZUVS0Ge3BawyUjevjXPLYcyUqakcIWWzZNyTeFAj,20240305,小田原,7,F2,Ａ級準決勝,base_color_4_bk,base_color_4,4,,015531,深瀬　泰我,,,静　岡,A1,A1,逃,87.25,3,7,0,0,9
pjpbN8xQZYQT1-bYupLW50GAZUVS0Ge3BawyUjevjXPLYcyUqakcIWWzZNyTeFAj,20240305,小田原,7,F2,Ａ級準決勝,base_color_5_bk,base_color_5,5,,015536,疋田　力也,,,愛　知,A1,A1,両,92.71,3,3,1,1,8
pjpbN8xQZYQT1-bYupLW50GAZUVS0Ge3BawyUjevjXPLYcyUqakcIWWzZNyTeFAj,20240305,小田原,7,F2,Ａ級準決勝,base_color_6_bk,base_color_6,6,,014226,大畑　裕貴,,,埼　玉,A1,A2,両,82.00,2,0,1,1,4
pjpbN8xQZYQT1-bYupLW50GAZUVS0Ge3BawyUjevjXPLYcyUqakcIWWzZNyTeFAj,20240305,小田原,7,F2,Ａ級準決勝,base_color_7_bk,base_color_7,7,,012889,丸山　啓一,,,静　岡,S2,A1,追,91.70,0,0,3,2,0
r7c8N-lTlOenJOhe9NDy6EUjmRMzlsPpW4HAvoco7dconh7GJ5tT6o3CO3QfHn7f,20240305,松阪,1,F2,Ａ級チャレンジ予選,base_color_1_bk,base_color_1,1,,015717,児玉虎之介,,,岐　阜,A3,A3,逃,75.71,12,2,0,0,17
r7c8N-lTlOenJOhe9NDy6EUjmRMzlsPpW4HAvoco7dconh7GJ5tT6o3CO3QfHn7f,20240305,松阪,1,F2,Ａ級チャレンジ予選,base_color_2_bk,base_color_2,2,,014429,千澤　大輔,,,青　森,A2,A3,追,74.74,0,0,6,3,0
r7c8N-lTlOenJOhe9NDy6EUjmRMzlsPpW4HAvoco7dconh7GJ5tT6o3CO3QfHn7f,20240305,松阪,1,F2,Ａ級チャレンジ予選,base_color_3_bk,base_color_3,3,,014382,伊藤　翼,color_blue,追加,神奈川,A2,A3,両,74.72,1,7,4,1,5
r7c8N-lTlOenJOhe9NDy6EUjmRMzlsPpW4HAvoco7dconh7GJ5tT6o3CO3QfHn7f,20240305,松阪,1,F2,Ａ級チャレンジ予選,base_color_4_bk,base_color_4,4,,013269,田島　高志,color_blue,追加,三　重,A3,A3,追,69.30,0,0,0,1,0
r7c8N-lTlOenJOhe9NDy6EUjmRMzlsPpW4HAvoco7dconh7GJ5tT6o3CO3QfHn7f,20240305,松阪,1,F2,Ａ級チャレンジ予選,base_color_5_bk,base_color_5,5,,013753,阿部　晃,color_blue,追加,宮　城,A3,A3,追,68.88,0,1,2,3,0
r7c8N-lTlOenJOhe9NDy6EUjmRMzlsPpW4HAvoco7dconh7GJ5tT6o3CO3QfHn7f,20240305,松阪,1,F2,Ａ級チャレンジ予選,base_color_6_bk,base_color_6,6,,013795,井上　将志,,,大　阪,A3,A3,追,68.29,0,0,0,0,0
r7c8N-lTlOenJOhe9NDy6EUjmRMzlsPpW4HAvoco7dconh7GJ5tT6o3CO3QfHn7f,20240305,松阪,1,F2,Ａ級チャレンジ予選,base_color_7_bk,base_color_7,7,,012795,黒田　充,,,栃　木,A3,A3,追,67.25,0,0,0,0,0
r7c8N-lTlOenJOhe9NDy6E-mrgEaVsOXFbQf4ofK7mX_byUEJHLCIANtjVhBzivn,20240305,松阪,2,F2,Ａ級チャレンジ予選,base_color_1_bk,base_color_1,1,,015724,村上　翔馬,color_blue,追加,兵　庫,A3,A3,逃,76.96,18,1,1,0,19
r7c8N-lTlOenJOhe9NDy6E-mrgEaVsOXFbQf4ofK7mX_byUEJHLCIANtjVhBzivn,20240305,松阪,2,F2,Ａ級チャレンジ予選,base_color_2_bk,base_color_2,2,,015709,神尾　敬冬,,,静　岡,A3,A3,逃,76.90,7,9,0,0,9
r7c8N-lTlOenJOhe9NDy6E-mrgEaVsOXFbQf4ofK7mX_byUEJHLCIANtjVhBzivn,20240305,松阪,2,F2,Ａ級チャレンジ予選,base_color_3_bk,base_color_3,3,,012005,藤田　和彦,,,神奈川,A2,A3,追,74.50,0,0,5,1,0
r7c8N-lTlOenJOhe9NDy6E-mrgEaVsOXFbQf4ofK7mX_byUEJHLCIANtjVhBzivn,20240305,松阪,2,F2,Ａ級チャレンジ予選,base_color_4_bk,base_color_4,4,,013023,吉田　英二,color_blue,追加,東　京,A3,A3,追,69.89,0,0,3,0,0
r7c8N-lTlOenJOhe9NDy6E-mrgEaVsOXFbQf4ofK7mX_byUEJHLCIANtjVhBzivn,20240305,松阪,2,F2,Ａ級チャレンジ予選,base_color_5_bk,base_color_5,5,,013796,陶器　一馬,,,大　阪,A3,A3,追,69.47,0,1,1,0,0
r7c8N-lTlOenJOhe9NDy6E-mrgEaVsOXFbQf4ofK7mX_byUEJHLCIANtjVhBzivn,20240305,松阪,2,F2,Ａ級チャレンジ予選,base_color_6_bk,base_color_6,6,,014932,浦野　慈生,,,神奈川,A3,A3,逃,69.20,0,1,0,2,5
r7c8N-lTlOenJOhe9NDy6E-mrgEaVsOXFbQf4ofK7mX_byUEJHLCIANtjVhBzivn,20240305,松阪,2,F2,Ａ級チャレンジ予選,base_color_7_bk,base_color_7,7,,013547,土屋　宏,,,群　馬,A3,A3,追,67.50,0,0,0,0,0
r7c8N-lTlOenJOhe9NDy6EWWjdZWOPUbGjRFlDp5xVzwom7KvRWrLTok8sBBab3u,20240305,松阪,3,F2,Ａ級チャレンジ予選,base_color_1_bk,base_color_1,1,,015716,尾方　祐仁,color_blue,追加,岐　阜,A3,A3,逃,78.17,10,7,1,1,15
r7c8N-lTlOenJOhe9NDy6EWWjdZWOPUbGjRFlDp5xVzwom7KvRWrLTok8sBBab3u,20240305,松阪,3,F2,Ａ級チャレンジ予選,base_color_2_bk,base_color_2,2,,011622,杉山　正和,,,三　重,A2,A3,追,74.57,0,0,0,5,0
r7c8N-lTlOenJOhe9NDy6EWWjdZWOPUbGjRFlDp5xVzwom7KvRWrLTok8sBBab3u,20240305,松阪,3,F2,Ａ級チャレンジ予選,base_color_3_bk,base_color_3,3,,013905,藤原　義晴,,,岩　手,A2,A3,追,72.53,0,0,4,0,1
r7c8N-lTlOenJOhe9NDy6EWWjdZWOPUbGjRFlDp5xVzwom7KvRWrLTok8sBBab3u,20240305,松阪,3,F2,Ａ級チャレンジ予選,base_color_4_bk,base_color_4,4,,014447,三木　翔太,,,群　馬,A3,A3,両,71.06,0,0,1,3,0
r7c8N-lTlOenJOhe9NDy6EWWjdZWOPUbGjRFlDp5xVzwom7KvRWrLTok8sBBab3u,20240305,松阪,3,F2,Ａ級チャレンジ予選,base_color_5_bk,base_color_5,5,,014713,鈴木　裕斗,,,宮　城,A2,A3,両,70.28,0,2,3,0,3
r7c8N-lTlOenJOhe9NDy6EWWjdZWOPUbGjRFlDp5xVzwom7KvRWrLTok8sBBab3u,20240305,松阪,3,F2,Ａ級チャレンジ予選,base_color_6_bk,base_color_6,6,,012725,浦山　一栄,,,東　京,A3,A3,両,68.62,2,0,2,1,7
r7c8N-lTlOenJOhe9NDy6EWWjdZWOPUbGjRFlDp5xVzwom7KvRWrLTok8sBBab3u,20240305,松阪,3,F2,Ａ級チャレンジ予選,base_color_7_bk,base_color_7,7,,015105,大崎龍一郎,,,滋　賀,A3,A3,両,67.09,0,0,1,1,0
r7c8N-lTlOenJOhe9NDy6GtxqfaM6xaksW1zSCBOIuq9NPwsge6WGbKblWgSB3az,20240305,松阪,4,F2,Ａ級チャレンジ予選,base_color_1_bk,base_color_1,1,,015696,荒川　達郎,,,埼　玉,A3,A3,逃,78.90,5,5,0,0,7
r7c8N-lTlOenJOhe9NDy6GtxqfaM6xaksW1zSCBOIuq9NPwsge6WGbKblWgSB3az,20240305,松阪,4,F2,Ａ級チャレンジ予選,base_color_2_bk,base_color_2,2,,014807,福田　拓也,,,栃　木,A2,A3,追,78.15,0,0,1,4,0
r7c8N-lTlOenJOhe9NDy6GtxqfaM6xaksW1zSCBOIuq9NPwsge6WGbKblWgSB3az,20240305,松阪,4,F2,Ａ級チャレンジ予選,base_color_3_bk,base_color_3,3,,014595,瀧本　匡平,,,愛　知,A2,A3,逃,73.43,1,2,2,0,5
r7c8N-lTlOenJOhe9NDy6GtxqfaM6xaksW1zSCBOIuq9NPwsge6WGbKblWgSB3az,20240305,松阪,4,F2,Ａ級チャレンジ予選,base_color_4_bk,base_color_4,4,,013080,阿部　利光,,,宮　城,A3,A3,追,71.81,0,0,6,4,0
r7c8N-lTlOenJOhe9NDy6GtxqfaM6xaksW1zSCBOIuq9NPwsge6WGbKblWgSB3az,20240305,松阪,4,F2,Ａ級チャレンジ予選,base_color_5_bk,base_color_5,5,,012015,西田　潤,,,富　山,A3,A3,追,68.86,0,0,3,0,0
r7c8N-lTlOenJOhe9NDy6GtxqfaM6xaksW1zSCBOIuq9NPwsge6WGbKblWgSB3az,20240305,松阪,4,F2,Ａ級チャレンジ予選,base_color_6_bk,base_color_6,6,,011372,黒瀬　浩一,,,静　岡,A3,A3,追,66.66,0,0,0,0,0
r7c8N-lTlOenJOhe9NDy6GtxqfaM6xaksW1zSCBOIuq9NPwsge6WGbKblWgSB3az,20240305,松阪,4,F2,Ａ級チャレンジ予選,base_color_7_bk,base_color_7,7,,011802,岡崎　泰士,,,静　岡,A3,A3,追,65.77,0,0,1,0,0
r7c8N-lTlOenJOhe9NDy6PuWBbvgaRj9GWwuIk5FuJrfh2VSnbuMXi7Ypdi8DhW5,20240305,松阪,5,F2,Ａ級特予選,base_color_1_bk,base_color_1,1,,013899,山田　和巧,,,神奈川,S2,A2,追,90.83,0,0,3,1,0
r7c8N-lTlOenJOhe9NDy6PuWBbvgaRj9GWwuIk5FuJrfh2VSnbuMXi7Ypdi8DhW5,20240305,松阪,5,F2,Ａ級特予選,base_color_2_bk,base_color_2,2,,014813,新井僚太郎,,,山　梨,A2,A2,両,84.74,2,1,5,3,3
r7c8N-lTlOenJOhe9NDy6PuWBbvgaRj9GWwuIk5FuJrfh2VSnbuMXi7Ypdi8DhW5,20240305,松阪,5,F2,Ａ級特予選,base_color_3_bk,base_color_3,3,,014676,柳原　司,,,大　阪,A2,A2,両,83.66,0,0,3,3,0
r7c8N-lTlOenJOhe9NDy6PuWBbvgaRj9GWwuIk5FuJrfh2VSnbuMXi7Ypdi8DhW5,20240305,松阪,5,F2,Ａ級特予選,base_color_4_bk,base_color_4,4,,014094,有馬　雄二,,,奈　良,A2,A2,追,83.16,0,0,1,3,0
r7c8N-lTlOenJOhe9NDy6PuWBbvgaRj9GWwuIk5FuJrfh2VSnbuMXi7Ypdi8DhW5,20240305,松阪,5,F2,Ａ級特予選,base_color_5_bk,base_color_5,5,,013273,西　徹,,,石　川,A2,A2,追,82.92,0,0,3,0,0
r7c8N-lTlOenJOhe9NDy6PuWBbvgaRj9GWwuIk5FuJrfh2VSnbuMXi7Ypdi8DhW5,20240305,松阪,5,F2,Ａ級特予選,base_color_6_bk,base_color_6,6,,015190,大中　拓磨,,,兵　庫,A2,A2,逃,79.88,2,1,1,0,17
r7c8N-lTlOenJOhe9NDy6PuWBbvgaRj9GWwuIk5FuJrfh2VSnbuMXi7Ypdi8DhW5,20240305,松阪,5,F2,Ａ級特予選,base_color_7_bk,base_color_7,7,,014753,山田　純也,,,岐　阜,A2,A2,両,79.33,3,0,0,0,7
r7c8N-lTlOenJOhe9NDy6BkNpRPLTOXPfFiv3j-kR6QXZmVSerQ6fUEJ6OUoGtiF,20240305,松阪,6,F2,Ａ級特予選,base_color_1_bk,base_color_1,1,,012861,小坂　敏之,,,栃　木,A1,A1,追,85.50,0,0,1,3,0
r7c8N-lTlOenJOhe9NDy6BkNpRPLTOXPfFiv3j-kR6QXZmVSerQ6fUEJ6OUoGtiF,20240305,松阪,6,F2,Ａ級特予選,base_color_2_bk,base_color_2,2,,015534,牛田樹希斗,color_blue,追加,愛　知,A2,A2,逃,85.00,5,3,0,0,10
r7c8N-lTlOenJOhe9NDy6BkNpRPLTOXPfFiv3j-kR6QXZmVSerQ6fUEJ6OUoGtiF,20240305,松阪,6,F2,Ａ級特予選,base_color_3_bk,base_color_3,3,,013705,佐藤　有輝,color_blue,追加,神奈川,A2,A2,追,84.43,0,0,3,2,0
r7c8N-lTlOenJOhe9NDy6BkNpRPLTOXPfFiv3j-kR6QXZmVSerQ6fUEJ6OUoGtiF,20240305,松阪,6,F2,Ａ級特予選,base_color_4_bk,base_color_4,4,,015255,樋口　開土,,,東　京,A1,A1,逃,84.33,7,1,1,0,10
r7c8N-lTlOenJOhe9NDy6BkNpRPLTOXPfFiv3j-kR6QXZmVSerQ6fUEJ6OUoGtiF,20240305,松阪,6,F2,Ａ級特予選,base_color_5_bk,base_color_5,5,,013723,高谷進太郎,color_blue,追加,三　重,A2,A2,両,83.55,0,2,3,2,0
r7c8N-lTlOenJOhe9NDy6BkNpRPLTOXPfFiv3j-kR6QXZmVSerQ6fUEJ6OUoGtiF,20240305,松阪,6,F2,Ａ級特予選,base_color_6_bk,base_color_6,6,,014840,石貞　有基,color_blue,追加,兵　庫,A3,A1,両,80.77,0,0,1,3,0
r7c8N-lTlOenJOhe9NDy6BkNpRPLTOXPfFiv3j-kR6QXZmVSerQ6fUEJ6OUoGtiF,20240305,松阪,6,F2,Ａ級特予選,base_color_7_bk,base_color_7,7,,012530,池上　孝之,,,兵　庫,A3,A2,追,76.54,0,0,2,0,0
r7c8N-lTlOenJOhe9NDy6AQ-YeFpJd-NM81mxIpZtOmUVBG_EL6J6c-9yN1Da4LU,20240305,松阪,7,F2,Ａ級特予選,base_color_1_bk,base_color_1,1,,012283,富永　益生,,,愛　知,A1,A1,追,89.06,0,0,5,4,0
r7c8N-lTlOenJOhe9NDy6AQ-YeFpJd-NM81mxIpZtOmUVBG_EL6J6c-9yN1Da4LU,20240305,松阪,7,F2,Ａ級特予選,base_color_2_bk,base_color_2,2,,014941,江端　隆司,,,福　井,A2,A2,逃,86.58,2,2,0,0,4
r7c8N-lTlOenJOhe9NDy6AQ-YeFpJd-NM81mxIpZtOmUVBG_EL6J6c-9yN1Da4LU,20240305,松阪,7,F2,Ａ級特予選,base_color_3_bk,base_color_3,3,,014988,伊早坂駿一,,,茨　城,A1,A2,逃,84.15,3,1,2,0,5
r7c8N-lTlOenJOhe9NDy6AQ-YeFpJd-NM81mxIpZtOmUVBG_EL6J6c-9yN1Da4LU,20240305,松阪,7,F2,Ａ級特予選,base_color_4_bk,base_color_4,4,,013560,小佐野文秀,,,山　梨,A2,A1,追,84.06,0,0,0,3,1
r7c8N-lTlOenJOhe9NDy6AQ-YeFpJd-NM81mxIpZtOmUVBG_EL6J6c-9yN1Da4LU,20240305,松阪,7,F2,Ａ級特予選,base_color_5_bk,base_color_5,5,,014069,渡邊　政幸,,,埼　玉,A2,A2,追,83.50,0,0,0,2,0
r7c8N-lTlOenJOhe9NDy6AQ-YeFpJd-NM81mxIpZtOmUVBG_EL6J6c-9yN1Da4LU,20240305,松阪,7,F2,Ａ級特予選,base_color_6_bk,base_color_6,6,,011364,遠澤　健二,,,神奈川,A3,A2,追,78.75,0,0,0,0,0
r7c8N-lTlOenJOhe9NDy6AQ-YeFpJd-NM81mxIpZtOmUVBG_EL6J6c-9yN1Da4LU,20240305,松阪,7,F2,Ａ級特予選,base_color_7_bk,base_color_7,7,,012934,煤賀　隆幸,,,秋　田,A3,A2,追,76.09,0,0,2,1,0
r7c8N-lTlOenJOhe9NDy6NBuQhGruimfmVDUiM8ndqdN6d1ITE8eNzt0qdsoZ3nB,20240305,松阪,8,F2,Ａ級特予選,base_color_1_bk,base_color_1,1,,014479,金子　浩貴,,,京　都,A1,A1,追,88.84,0,0,4,4,0
r7c8N-lTlOenJOhe9NDy6NBuQhGruimfmVDUiM8ndqdN6d1ITE8eNzt0qdsoZ3nB,20240305,松阪,8,F2,Ａ級特予選,base_color_2_bk,base_color_2,2,,014314,中川　繁樹,,,京　都,A1,A1,逃,87.65,7,2,1,1,10
r7c8N-lTlOenJOhe9NDy6NBuQhGruimfmVDUiM8ndqdN6d1ITE8eNzt0qdsoZ3nB,20240305,松阪,8,F2,Ａ級特予選,base_color_3_bk,base_color_3,3,,013384,金子　兼久,color_blue,追加,宮　城,A1,A1,追,84.04,0,0,1,2,0
r7c8N-lTlOenJOhe9NDy6NBuQhGruimfmVDUiM8ndqdN6d1ITE8eNzt0qdsoZ3nB,20240305,松阪,8,F2,Ａ級特予選,base_color_4_bk,base_color_4,4,,013426,本村　隆文,,,岐　阜,A2,A1,追,83.94,0,0,4,2,0
r7c8N-lTlOenJOhe9NDy6NBuQhGruimfmVDUiM8ndqdN6d1ITE8eNzt0qdsoZ3nB,20240305,松阪,8,F2,Ａ級特予選,base_color_5_bk,base_color_5,5,,014979,黒川　渉,,,奈　良,A2,A2,逃,81.43,0,0,1,3,0
r7c8N-lTlOenJOhe9NDy6NBuQhGruimfmVDUiM8ndqdN6d1ITE8eNzt0qdsoZ3nB,20240305,松阪,8,F2,Ａ級特予選,base_color_6_bk,base_color_6,6,,015538,村瀬　大和,,,岐　阜,A3,A2,逃,80.95,7,1,0,1,10
r7c8N-lTlOenJOhe9NDy6NBuQhGruimfmVDUiM8ndqdN6d1ITE8eNzt0qdsoZ3nB,20240305,松阪,8,F2,Ａ級特予選,base_color_7_bk,base_color_7,7,,012940,小室　貴広,,,茨　城,A3,A2,追,78.66,0,0,1,1,0
r7c8N-lTlOenJOhe9NDy6Hmtzj_DG4NMgUB-4DUIFm6oEfwv6_SmT7rSuvOOl239,20240305,松阪,9,F2,Ａ級初日特選,base_color_1_bk,base_color_1,1,,015104,中川　勝貴,,,福　井,S2,A1,追,97.00,0,0,2,3,0
r7c8N-lTlOenJOhe9NDy6Hmtzj_DG4NMgUB-4DUIFm6oEfwv6_SmT7rSuvOOl239,20240305,松阪,9,F2,Ａ級初日特選,base_color_2_bk,base_color_2,2,,015174,菊池竣太朗,,,静　岡,A1,A1,両,94.16,2,2,1,1,4
r7c8N-lTlOenJOhe9NDy6Hmtzj_DG4NMgUB-4DUIFm6oEfwv6_SmT7rSuvOOl239,20240305,松阪,9,F2,Ａ級初日特選,base_color_3_bk,base_color_3,3,,013748,佐々木省司,,,青　森,S2,A1,追,92.35,0,0,5,1,0
r7c8N-lTlOenJOhe9NDy6Hmtzj_DG4NMgUB-4DUIFm6oEfwv6_SmT7rSuvOOl239,20240305,松阪,9,F2,Ａ級初日特選,base_color_4_bk,base_color_4,4,,015344,荒木　貴大,,,埼　玉,A1,A1,逃,92.27,0,7,1,1,7
r7c8N-lTlOenJOhe9NDy6Hmtzj_DG4NMgUB-4DUIFm6oEfwv6_SmT7rSuvOOl239,20240305,松阪,9,F2,Ａ級初日特選,base_color_5_bk,base_color_5,5,,012829,西浦　仙哉,,,三　重,A1,A1,両,90.50,0,2,0,0,0
r7c8N-lTlOenJOhe9NDy6Hmtzj_DG4NMgUB-4DUIFm6oEfwv6_SmT7rSuvOOl239,20240305,松阪,9,F2,Ａ級初日特選,base_color_6_bk,base_color_6,6,,013119,松尾　淳,,,岐　阜,S2,A1,追,90.42,0,0,0,1,0
r7c8N-lTlOenJOhe9NDy6Hmtzj_DG4NMgUB-4DUIFm6oEfwv6_SmT7rSuvOOl239,20240305,松阪,9,F2,Ａ級初日特選,base_color_7_bk,base_color_7,7,,014867,巴　直也,,,神奈川,A1,A1,追,90.00,0,0,3,1,0
YKTV-bUcoDkDA1ygFMkyJntF2zAIYiHBwxqeMVV-bewsMu2JES0wgb1p5lYdD_IM,20240305,福井,1,F2,Ａ級チャレンジ一般,base_color_1_bk,base_color_1,1,,015160,牧田　賢也,,,福　島,A2,A3,逃,72.72,3,2,0,0,5
YKTV-bUcoDkDA1ygFMkyJntF2zAIYiHBwxqeMVV-bewsMu2JES0wgb1p5lYdD_IM,20240305,福井,1,F2,Ａ級チャレンジ一般,base_color_2_bk,base_color_2,2,,015367,南　蓮,,,和歌山,A3,A3,逃,65.43,0,0,1,0,2
YKTV-bUcoDkDA1ygFMkyJntF2zAIYiHBwxqeMVV-bewsMu2JES0wgb1p5lYdD_IM,20240305,福井,1,F2,Ａ級チャレンジ一般,base_color_3_bk,base_color_3,3,,012650,笹川　竜治,,,新　潟,A3,A3,追,65.36,0,0,0,1,0
YKTV-bUcoDkDA1ygFMkyJntF2zAIYiHBwxqeMVV-bewsMu2JES0wgb1p5lYdD_IM,20240305,福井,1,F2,Ａ級チャレンジ一般,base_color_4_bk,base_color_4,4,,014751,川西　貴之,,,岐　阜,A3,A3,両,67.71,0,0,4,1,1
YKTV-bUcoDkDA1ygFMkyJntF2zAIYiHBwxqeMVV-bewsMu2JES0wgb1p5lYdD_IM,20240305,福井,1,F2,Ａ級チャレンジ一般,base_color_5_bk,base_color_5,5,,011766,齋藤　明,,,北海道,A3,A3,追,67.82,0,0,2,3,0
YKTV-bUcoDkDA1ygFMkyJntF2zAIYiHBwxqeMVV-bewsMu2JES0wgb1p5lYdD_IM,20240305,福井,1,F2,Ａ級チャレンジ一般,base_color_6_bk,base_color_6,6,,013032,福間　力,,,神奈川,A3,A3,追,64.55,0,0,0,0,0
YKTV-bUcoDkDA1ygFMkyJtCV4OQxOmWMRtsxuIYHaj1b7OJ32cKOAii6IIgkdDus,20240305,福井,2,F2,Ａ級チャレンジ一般,base_color_1_bk,base_color_1,1,,015368,井坂　泰誓,color_blue,追加,大　阪,A1,A3,逃,71.33,0,4,0,0,2
YKTV-bUcoDkDA1ygFMkyJtCV4OQxOmWMRtsxuIYHaj1b7OJ32cKOAii6IIgkdDus,20240305,福井,2,F2,Ａ級チャレンジ一般,base_color_2_bk,base_color_2,2,,012659,北村　匡章,,,静　岡,A3,A3,追,66.89,0,0,1,3,1
YKTV-bUcoDkDA1ygFMkyJtCV4OQxOmWMRtsxuIYHaj1b7OJ32cKOAii6IIgkdDus,20240305,福井,2,F2,Ａ級チャレンジ一般,base_color_3_bk,base_color_3,3,,014355,小酒　大司,color_blue,追加,福　島,A3,A3,両,64.33,0,0,1,1,0
YKTV-bUcoDkDA1ygFMkyJtCV4OQxOmWMRtsxuIYHaj1b7OJ32cKOAii6IIgkdDus,20240305,福井,2,F2,Ａ級チャレンジ一般,base_color_4_bk,base_color_4,4,,012976,中井　修,color_blue,追加,滋　賀,A3,A3,両,70.77,0,2,2,4,0
YKTV-bUcoDkDA1ygFMkyJtCV4OQxOmWMRtsxuIYHaj1b7OJ32cKOAii6IIgkdDus,20240305,福井,2,F2,Ａ級チャレンジ一般,base_color_5_bk,base_color_5,5,,013029,藤田　晃英,,,千　葉,A3,A3,追,66.29,0,0,0,3,0
YKTV-bUcoDkDA1ygFMkyJtCV4OQxOmWMRtsxuIYHaj1b7OJ32cKOAii6IIgkdDus,20240305,福井,2,F2,Ａ級チャレンジ一般,base_color_6_bk,base_color_6,6,,013266,伊藤　嘉浩,,,岐　阜,A3,A3,両,62.33,0,0,0,0,2
YKTV-bUcoDkDA1ygFMkyJm7lBUHKh8CRua2gFklL6untZrrDt8NUpeGpFFK6HbQe,20240305,福井,3,F2,Ａ級チャレンジ準決勝,base_color_1_bk,base_color_1,1,,013543,内海　雅夫,,,群　馬,A3,A3,追,72.52,0,0,9,0,0
YKTV-bUcoDkDA1ygFMkyJm7lBUHKh8CRua2gFklL6untZrrDt8NUpeGpFFK6HbQe,20240305,福井,3,F2,Ａ級チャレンジ準決勝,base_color_2_bk,base_color_2,2,,014124,石田　宏樹,color_blue,追加,青　森,A2,A3,両,73.27,1,1,4,0,2
YKTV-bUcoDkDA1ygFMkyJm7lBUHKh8CRua2gFklL6untZrrDt8NUpeGpFFK6HbQe,20240305,福井,3,F2,Ａ級チャレンジ準決勝,base_color_3_bk,base_color_3,3,,013259,望月　紀男,,,静　岡,A2,A3,追,78.08,0,0,9,3,0
YKTV-bUcoDkDA1ygFMkyJm7lBUHKh8CRua2gFklL6untZrrDt8NUpeGpFFK6HbQe,20240305,福井,3,F2,Ａ級チャレンジ準決勝,base_color_4_bk,base_color_4,4,,014209,加美山隆行,,,宮　城,A3,A3,両,69.84,0,0,4,0,0
YKTV-bUcoDkDA1ygFMkyJm7lBUHKh8CRua2gFklL6untZrrDt8NUpeGpFFK6HbQe,20240305,福井,3,F2,Ａ級チャレンジ準決勝,base_color_5_bk,base_color_5,5,,015706,山田　駿斗,,,千　葉,A3,A3,逃,77.95,7,8,1,1,11
YKTV-bUcoDkDA1ygFMkyJm7lBUHKh8CRua2gFklL6untZrrDt8NUpeGpFFK6HbQe,20240305,福井,3,F2,Ａ級チャレンジ準決勝,base_color_6_bk,base_color_6,6,,013104,晴山　裕之,,,東　京,A3,A3,追,66.87,0,0,0,2,0
YKTV-bUcoDkDA1ygFMkyJm7lBUHKh8CRua2gFklL6untZrrDt8NUpeGpFFK6HbQe,20240305,福井,3,F2,Ａ級チャレンジ準決勝,base_color_7_bk,base_color_7,7,,013770,宮下　潤,,,神奈川,A3,A3,追,67.72,0,1,1,0,0
YKTV-bUcoDkDA1ygFMkyJgm891CJQ-uvFaOyeDGvApLmZMjt5oTKG2ElsDhS4O6G,20240305,福井,4,F2,Ａ級チャレンジ準決勝,base_color_1_bk,base_color_1,1,,013575,渡会　啓介,,,愛　知,A2,A3,追,74.76,0,1,3,4,0
YKTV-bUcoDkDA1ygFMkyJgm891CJQ-uvFaOyeDGvApLmZMjt5oTKG2ElsDhS4O6G,20240305,福井,4,F2,Ａ級チャレンジ準決勝,base_color_2_bk,base_color_2,2,,013303,須々田大昇,,,青　森,A3,A3,追,70.90,0,0,2,1,0
YKTV-bUcoDkDA1ygFMkyJgm891CJQ-uvFaOyeDGvApLmZMjt5oTKG2ElsDhS4O6G,20240305,福井,4,F2,Ａ級チャレンジ準決勝,base_color_3_bk,base_color_3,3,,015693,松田　昂己,,,茨　城,A3,A3,逃,77.09,11,5,0,0,13
YKTV-bUcoDkDA1ygFMkyJgm891CJQ-uvFaOyeDGvApLmZMjt5oTKG2ElsDhS4O6G,20240305,福井,4,F2,Ａ級チャレンジ準決勝,base_color_4_bk,base_color_4,4,,012293,辻本　兼市,,,兵　庫,A3,A3,追,68.65,0,0,5,2,0
YKTV-bUcoDkDA1ygFMkyJgm891CJQ-uvFaOyeDGvApLmZMjt5oTKG2ElsDhS4O6G,20240305,福井,4,F2,Ａ級チャレンジ準決勝,base_color_5_bk,base_color_5,5,,013680,木村　健司,,,埼　玉,A3,A3,追,75.00,0,0,0,5,0
YKTV-bUcoDkDA1ygFMkyJgm891CJQ-uvFaOyeDGvApLmZMjt5oTKG2ElsDhS4O6G,20240305,福井,4,F2,Ａ級チャレンジ準決勝,base_color_6_bk,base_color_6,6,,012180,乙川　高徳,,,東　京,A3,A3,追,67.94,0,0,0,3,0
YKTV-bUcoDkDA1ygFMkyJgm891CJQ-uvFaOyeDGvApLmZMjt5oTKG2ElsDhS4O6G,20240305,福井,4,F2,Ａ級チャレンジ準決勝,base_color_7_bk,base_color_7,7,,015689,菊地　圭,,,宮　城,A3,A3,逃,77.00,7,1,3,0,9
YKTV-bUcoDkDA1ygFMkyJp6Ny25cxnO1g4jt0y9pbiUUsac_o2IkbsLgW3k-LGuX,20240305,福井,5,F2,Ａ級チャレンジ準決勝,base_color_1_bk,base_color_1,1,,013210,川本　恵二,,,兵　庫,A2,A3,追,76.66,0,0,6,3,0
YKTV-bUcoDkDA1ygFMkyJp6Ny25cxnO1g4jt0y9pbiUUsac_o2IkbsLgW3k-LGuX,20240305,福井,5,F2,Ａ級チャレンジ準決勝,base_color_2_bk,base_color_2,2,,013470,畠山　裕行,,,神奈川,A2,A3,追,79.04,0,0,4,3,0
YKTV-bUcoDkDA1ygFMkyJp6Ny25cxnO1g4jt0y9pbiUUsac_o2IkbsLgW3k-LGuX,20240305,福井,5,F2,Ａ級チャレンジ準決勝,base_color_3_bk,base_color_3,3,,013998,桂馬　将人,,,福　島,A3,A3,両,69.05,1,1,0,0,1
YKTV-bUcoDkDA1ygFMkyJp6Ny25cxnO1g4jt0y9pbiUUsac_o2IkbsLgW3k-LGuX,20240305,福井,5,F2,Ａ級チャレンジ準決勝,base_color_4_bk,base_color_4,4,,012905,長澤　和光,color_blue,追加,福　井,A3,A3,追,67.35,0,0,1,1,0
YKTV-bUcoDkDA1ygFMkyJp6Ny25cxnO1g4jt0y9pbiUUsac_o2IkbsLgW3k-LGuX,20240305,福井,5,F2,Ａ級チャレンジ準決勝,base_color_5_bk,base_color_5,5,,014011,細沼　健治,,,埼　玉,A3,A3,両,73.80,5,0,5,0,6
YKTV-bUcoDkDA1ygFMkyJp6Ny25cxnO1g4jt0y9pbiUUsac_o2IkbsLgW3k-LGuX,20240305,福井,5,F2,Ａ級チャレンジ準決勝,base_color_6_bk,base_color_6,6,,013380,木村　元信,,,青　森,A3,A3,追,64.59,0,0,0,1,0
YKTV-bUcoDkDA1ygFMkyJp6Ny25cxnO1g4jt0y9pbiUUsac_o2IkbsLgW3k-LGuX,20240305,福井,5,F2,Ａ級チャレンジ準決勝,base_color_7_bk,base_color_7,7,,015723,稲毛　知也,,,和歌山,A3,A3,逃,78.66,20,1,0,0,21
YKTV-bUcoDkDA1ygFMkyJn_cQyYW8BcsaitK9frzKSd5FCwK_SRHAftGLIl75ekK,20240305,福井,6,F2,Ｌ級ガールズ予選（第２走）,base_color_1_bk,base_color_1,1,,015076,元砂七夕美,color_blue,追加,奈　良,L1,L1,両,51.40,0,0,0,3,0
YKTV-bUcoDkDA1ygFMkyJn_cQyYW8BcsaitK9frzKSd5FCwK_SRHAftGLIl75ekK,20240305,福井,6,F2,Ｌ級ガールズ予選（第２走）,base_color_2_bk,base_color_2,2,,015494,近澤　諒香,color_blue,追加,三　重,L1,L1,両,48.50,0,0,1,2,0
YKTV-bUcoDkDA1ygFMkyJn_cQyYW8BcsaitK9frzKSd5FCwK_SRHAftGLIl75ekK,20240305,福井,6,F2,Ｌ級ガールズ予選（第２走）,base_color_3_bk,base_color_3,3,,014924,松尾　智佳,,,愛　媛,L1,L1,両,45.85,0,0,0,1,0
YKTV-bUcoDkDA1ygFMkyJn_cQyYW8BcsaitK9frzKSd5FCwK_SRHAftGLIl75ekK,20240305,福井,6,F2,Ｌ級ガールズ予選（第２走）,base_color_4_bk,base_color_4,4,,015312,日野　未来,,,奈　良,L1,L1,両,56.11,11,3,2,0,14
YKTV-bUcoDkDA1ygFMkyJn_cQyYW8BcsaitK9frzKSd5FCwK_SRHAftGLIl75ekK,20240305,福井,6,F2,Ｌ級ガールズ予選（第２走）,base_color_5_bk,base_color_5,5,,015314,向井　円,,,大　阪,L1,L1,両,46.16,0,0,0,0,0
YKTV-bUcoDkDA1ygFMkyJn_cQyYW8BcsaitK9frzKSd5FCwK_SRHAftGLIl75ekK,20240305,福井,6,F2,Ｌ級ガールズ予選（第２走）,base_color_6_bk,base_color_6,6,,015684,安東　莉奈,,,大　分,L1,L1,両,50.72,0,2,0,5,1
YKTV-bUcoDkDA1ygFMkyJn_cQyYW8BcsaitK9frzKSd5FCwK_SRHAftGLIl75ekK,20240305,福井,6,F2,Ｌ級ガールズ予選（第２走）,base_color_7_bk,base_color_7,7,,015224,太田　美穂,color_blue,追加,三　重,L1,L1,両,54.74,9,8,0,0,16
YKTV-bUcoDkDA1ygFMkyJgO7T8TJyv6GWsAWGEVdAmNGWd0nucn_aKrpaM_MgjFY,20240305,福井,7,F2,Ｌ級ガールズ予選（第２走）,base_color_1_bk,base_color_1,1,,015584,西脇美唯奈,,,愛　知,L1,L1,両,52.10,0,2,0,3,2
YKTV-bUcoDkDA1ygFMkyJgO7T8TJyv6GWsAWGEVdAmNGWd0nucn_aKrpaM_MgjFY,20240305,福井,7,F2,Ｌ級ガールズ予選（第２走）,base_color_2_bk,base_color_2,2,,015677,浜地　晴帆,,,三　重,L1,L1,両,45.80,1,0,0,0,2
YKTV-bUcoDkDA1ygFMkyJgO7T8TJyv6GWsAWGEVdAmNGWd0nucn_aKrpaM_MgjFY,20240305,福井,7,F2,Ｌ級ガールズ予選（第２走）,base_color_3_bk,base_color_3,3,,015492,永禮　美瑠,,,愛　知,L1,L1,両,52.00,0,5,1,1,1
YKTV-bUcoDkDA1ygFMkyJgO7T8TJyv6GWsAWGEVdAmNGWd0nucn_aKrpaM_MgjFY,20240305,福井,7,F2,Ｌ級ガールズ予選（第２走）,base_color_4_bk,base_color_4,4,,015311,柳原　真緒,,,福　井,L1,L1,両,56.76,5,9,5,0,6
YKTV-bUcoDkDA1ygFMkyJgO7T8TJyv6GWsAWGEVdAmNGWd0nucn_aKrpaM_MgjFY,20240305,福井,7,F2,Ｌ級ガールズ予選（第２走）,base_color_5_bk,base_color_5,5,,014972,猪頭香緒里,,,岡　山,L1,L1,両,47.63,0,0,0,1,0
YKTV-bUcoDkDA1ygFMkyJgO7T8TJyv6GWsAWGEVdAmNGWd0nucn_aKrpaM_MgjFY,20240305,福井,7,F2,Ｌ級ガールズ予選（第２走）,base_color_6_bk,base_color_6,6,,015676,鈴木　咲香,,,愛　知,L1,L1,両,45.73,0,0,0,0,1
YKTV-bUcoDkDA1ygFMkyJgO7T8TJyv6GWsAWGEVdAmNGWd0nucn_aKrpaM_MgjFY,20240305,福井,7,F2,Ｌ級ガールズ予選（第２走）,base_color_7_bk,base_color_7,7,,015408,高尾貴美歌,,,長　崎,L1,L1,両,53.19,0,0,4,5,0
YKTV-bUcoDkDA1ygFMkyJv4kROPkYMBt1YN_2eLB2FtzbsraHYCoN4FFg0LmtaKb,20240305,福井,8,F2,Ａ級特一般,base_color_1_bk,base_color_1,1,,013253,柴田功一郎,,,神奈川,A1,A1,追,85.52,0,0,2,1,0
YKTV-bUcoDkDA1ygFMkyJv4kROPkYMBt1YN_2eLB2FtzbsraHYCoN4FFg0LmtaKb,20240305,福井,8,F2,Ａ級特一般,base_color_2_bk,base_color_2,2,,011712,金田健一郎,,,大　阪,A1,A1,追,86.55,0,0,3,2,0
YKTV-bUcoDkDA1ygFMkyJv4kROPkYMBt1YN_2eLB2FtzbsraHYCoN4FFg0LmtaKb,20240305,福井,8,F2,Ａ級特一般,base_color_3_bk,base_color_3,3,,014581,佐山　俊樹,,,埼　玉,A2,A1,追,86.20,0,0,1,3,0
YKTV-bUcoDkDA1ygFMkyJv4kROPkYMBt1YN_2eLB2FtzbsraHYCoN4FFg0LmtaKb,20240305,福井,8,F2,Ａ級特一般,base_color_4_bk,base_color_4,4,,013521,中野　良,,,北海道,A3,A2,追,77.03,0,2,2,1,0
YKTV-bUcoDkDA1ygFMkyJv4kROPkYMBt1YN_2eLB2FtzbsraHYCoN4FFg0LmtaKb,20240305,福井,8,F2,Ａ級特一般,base_color_5_bk,base_color_5,5,,012097,斯波　雅貴,,,静　岡,A2,A2,追,80.90,0,0,3,0,0
YKTV-bUcoDkDA1ygFMkyJv4kROPkYMBt1YN_2eLB2FtzbsraHYCoN4FFg0LmtaKb,20240305,福井,8,F2,Ａ級特一般,base_color_6_bk,base_color_6,6,,014254,武田　和也,,,奈　良,A3,A2,両,74.16,0,0,0,0,5
YKTV-bUcoDkDA1ygFMkyJv4kROPkYMBt1YN_2eLB2FtzbsraHYCoN4FFg0LmtaKb,20240305,福井,8,F2,Ａ級特一般,base_color_7_bk,base_color_7,7,,015505,荻原　寿嗣,,,北海道,A1,A2,逃,80.17,4,0,0,0,14
YKTV-bUcoDkDA1ygFMkyJrXneB2azmoQnGcetLhKyusQ6ULHsKjHWl_G2bHWtHfC,20240305,福井,9,F2,Ａ級特一般,base_color_1_bk,base_color_1,1,,014432,相澤　恵一,,,宮　城,A3,A2,追,76.33,0,0,2,3,0
YKTV-bUcoDkDA1ygFMkyJrXneB2azmoQnGcetLhKyusQ6ULHsKjHWl_G2bHWtHfC,20240305,福井,9,F2,Ａ級特一般,base_color_2_bk,base_color_2,2,,014102,篠塚　光一,,,兵　庫,A2,A2,追,87.79,0,2,9,1,0
YKTV-bUcoDkDA1ygFMkyJrXneB2azmoQnGcetLhKyusQ6ULHsKjHWl_G2bHWtHfC,20240305,福井,9,F2,Ａ級特一般,base_color_3_bk,base_color_3,3,,012878,安藤　宜明,,,神奈川,A3,A2,追,83.33,0,0,2,0,0
YKTV-bUcoDkDA1ygFMkyJrXneB2azmoQnGcetLhKyusQ6ULHsKjHWl_G2bHWtHfC,20240305,福井,9,F2,Ａ級特一般,base_color_4_bk,base_color_4,4,,013047,田中　俊充,,,福　井,A1,A1,追,83.85,0,1,1,1,0
YKTV-bUcoDkDA1ygFMkyJrXneB2azmoQnGcetLhKyusQ6ULHsKjHWl_G2bHWtHfC,20240305,福井,9,F2,Ａ級特一般,base_color_5_bk,base_color_5,5,,015452,倉田　紘希,,,三　重,A1,A2,逃,77.16,0,0,0,0,2
YKTV-bUcoDkDA1ygFMkyJrXneB2azmoQnGcetLhKyusQ6ULHsKjHWl_G2bHWtHfC,20240305,福井,9,F2,Ａ級特一般,base_color_6_bk,base_color_6,6,,012498,赤石　聡,,,群　馬,A3,A2,追,74.65,1,0,0,1,2
YKTV-bUcoDkDA1ygFMkyJrXneB2azmoQnGcetLhKyusQ6ULHsKjHWl_G2bHWtHfC,20240305,福井,9,F2,Ａ級特一般,base_color_7_bk,base_color_7,7,,013916,白石　大輔,color_blue,追加,福　島,A3,A2,追,81.10,0,2,8,2,0
YKTV-bUcoDkDA1ygFMkyJoABr22g7sfN7qiVQGQBJBCMvDTrXTvJT4yk8qajFcrT,20240305,福井,10,F2,Ａ級準決勝,base_color_1_bk,base_color_1,1,,013196,竹田　和幸,,,岐　阜,S2,A1,追,94.04,0,0,10,2,0
YKTV-bUcoDkDA1ygFMkyJoABr22g7sfN7qiVQGQBJBCMvDTrXTvJT4yk8qajFcrT,20240305,福井,10,F2,Ａ級準決勝,base_color_2_bk,base_color_2,2,,014703,一ノ瀬貴将,,,大　阪,A2,A1,両,88.81,0,0,6,5,0
YKTV-bUcoDkDA1ygFMkyJoABr22g7sfN7qiVQGQBJBCMvDTrXTvJT4yk8qajFcrT,20240305,福井,10,F2,Ａ級準決勝,base_color_3_bk,base_color_3,3,,014301,齋藤　輝彦,,,神奈川,A2,A2,追,86.84,0,0,1,1,0
YKTV-bUcoDkDA1ygFMkyJoABr22g7sfN7qiVQGQBJBCMvDTrXTvJT4yk8qajFcrT,20240305,福井,10,F2,Ａ級準決勝,base_color_4_bk,base_color_4,4,,015462,溝口　葵,,,三　重,A1,A1,逃,91.50,11,1,1,0,17
YKTV-bUcoDkDA1ygFMkyJoABr22g7sfN7qiVQGQBJBCMvDTrXTvJT4yk8qajFcrT,20240305,福井,10,F2,Ａ級準決勝,base_color_5_bk,base_color_5,5,,013629,福森慎太郎,,,千　葉,A2,A2,逃,80.31,1,2,0,0,5
YKTV-bUcoDkDA1ygFMkyJoABr22g7sfN7qiVQGQBJBCMvDTrXTvJT4yk8qajFcrT,20240305,福井,10,F2,Ａ級準決勝,base_color_6_bk,base_color_6,6,,014099,坂本　佳憲,color_blue,追加,大　阪,A3,A2,追,76.60,0,0,0,1,0
YKTV-bUcoDkDA1ygFMkyJoABr22g7sfN7qiVQGQBJBCMvDTrXTvJT4yk8qajFcrT,20240305,福井,10,F2,Ａ級準決勝,base_color_7_bk,base_color_7,7,,015364,吉堂　将規,,,奈　良,A1,A1,逃,89.66,1,6,0,0,5
YKTV-bUcoDkDA1ygFMkyJuo-WMP6hE-QKkKBWBRaO3MSAckS2Ana7lw3aQLUkmOR,20240305,福井,11,F2,Ａ級準決勝,base_color_1_bk,base_color_1,1,,015240,前川　大輔,,,福　島,S2,A1,両,91.58,0,5,2,0,2
YKTV-bUcoDkDA1ygFMkyJuo-WMP6hE-QKkKBWBRaO3MSAckS2Ana7lw3aQLUkmOR,20240305,福井,11,F2,Ａ級準決勝,base_color_2_bk,base_color_2,2,,014933,奥原　亨,,,神奈川,S2,A1,両,91.08,0,0,0,5,0
YKTV-bUcoDkDA1ygFMkyJuo-WMP6hE-QKkKBWBRaO3MSAckS2Ana7lw3aQLUkmOR,20240305,福井,11,F2,Ａ級準決勝,base_color_3_bk,base_color_3,3,,013117,鳥越　靖弘,,,愛　知,A2,A1,追,88.45,0,0,7,3,0
YKTV-bUcoDkDA1ygFMkyJuo-WMP6hE-QKkKBWBRaO3MSAckS2Ana7lw3aQLUkmOR,20240305,福井,11,F2,Ａ級準決勝,base_color_4_bk,base_color_4,4,,014354,大島　将人,,,福　島,A1,A1,追,87.10,0,0,2,2,0
YKTV-bUcoDkDA1ygFMkyJuo-WMP6hE-QKkKBWBRaO3MSAckS2Ana7lw3aQLUkmOR,20240305,福井,11,F2,Ａ級準決勝,base_color_5_bk,base_color_5,5,,014305,大谷　靖茂,,,愛　知,A1,A1,逃,87.76,7,2,3,0,15
YKTV-bUcoDkDA1ygFMkyJuo-WMP6hE-QKkKBWBRaO3MSAckS2Ana7lw3aQLUkmOR,20240305,福井,11,F2,Ａ級準決勝,base_color_6_bk,base_color_6,6,,014828,川口　聖翔,,,三　重,A2,A2,追,83.16,0,0,2,5,0
YKTV-bUcoDkDA1ygFMkyJuo-WMP6hE-QKkKBWBRaO3MSAckS2Ana7lw3aQLUkmOR,20240305,福井,11,F2,Ａ級準決勝,base_color_7_bk,base_color_7,7,,015616,齋藤　雄行,,,神奈川,A2,A1,逃,94.52,10,3,0,0,15
YKTV-bUcoDkDA1ygFMkyJix9A0wxhXRo0UbXNmJ7QdxAZNzB2XfTIQsLdJ9_IWEU,20240305,福井,12,F2,Ａ級準決勝,base_color_1_bk,base_color_1,1,,013201,北川　紋部,,,福　井,A1,A2,追,87.47,0,0,3,1,0
YKTV-bUcoDkDA1ygFMkyJix9A0wxhXRo0UbXNmJ7QdxAZNzB2XfTIQsLdJ9_IWEU,20240305,福井,12,F2,Ａ級準決勝,base_color_2_bk,base_color_2,2,,014435,伊藤　勝太,,,愛　知,S2,A1,両,92.38,0,0,5,0,0
YKTV-bUcoDkDA1ygFMkyJix9A0wxhXRo0UbXNmJ7QdxAZNzB2XfTIQsLdJ9_IWEU,20240305,福井,12,F2,Ａ級準決勝,base_color_3_bk,base_color_3,3,,013172,金子周一郎,,,埼　玉,A1,A2,追,86.57,0,0,4,2,0
YKTV-bUcoDkDA1ygFMkyJix9A0wxhXRo0UbXNmJ7QdxAZNzB2XfTIQsLdJ9_IWEU,20240305,福井,12,F2,Ａ級準決勝,base_color_4_bk,base_color_4,4,,014292,丸山　直樹,,,埼　玉,A1,A1,両,90.54,0,0,8,1,0
YKTV-bUcoDkDA1ygFMkyJix9A0wxhXRo0UbXNmJ7QdxAZNzB2XfTIQsLdJ9_IWEU,20240305,福井,12,F2,Ａ級準決勝,base_color_5_bk,base_color_5,5,,015454,小松原正登,,,福　井,S2,A1,逃,94.26,1,3,1,0,7
YKTV-bUcoDkDA1ygFMkyJix9A0wxhXRo0UbXNmJ7QdxAZNzB2XfTIQsLdJ9_IWEU,20240305,福井,12,F2,Ａ級準決勝,base_color_6_bk,base_color_6,6,,014032,藤田　真,,,兵　庫,A2,A2,両,85.57,3,1,0,1,6
YKTV-bUcoDkDA1ygFMkyJix9A0wxhXRo0UbXNmJ7QdxAZNzB2XfTIQsLdJ9_IWEU,20240305,福井,12,F2,Ａ級準決勝,base_color_7_bk,base_color_7,7,,015447,小浦　凪,,,岐　阜,A2,A2,逃,87.95,1,7,4,1,10
Qa46FBqdpnJl3JcAORj6SURUK8bfJn6--LKti5k2fWR7n8yXWZgrYZ1O0Wd0FyuX,20240305,高知,1,F2,Ａ級チャレンジ一般,base_color_1_bk,base_color_1,1,,014765,樫村　伸平,,,兵　庫,A3,A3,追,68.00,0,1,0,1,0
Qa46FBqdpnJl3JcAORj6SURUK8bfJn6--LKti5k2fWR7n8yXWZgrYZ1O0Wd0FyuX,20240305,高知,1,F2,Ａ級チャレンジ一般,base_color_2_bk,base_color_2,2,,015636,合地　登汰,color_blue,補充,岡　山,A3,A3,逃,68.93,3,4,0,0,10
Qa46FBqdpnJl3JcAORj6SURUK8bfJn6--LKti5k2fWR7n8yXWZgrYZ1O0Wd0FyuX,20240305,高知,1,F2,Ａ級チャレンジ一般,base_color_3_bk,base_color_3,3,,014855,東　隆之,color_blue,追加,宮　崎,A3,A3,両,70.00,0,2,1,2,0
Qa46FBqdpnJl3JcAORj6SURUK8bfJn6--LKti5k2fWR7n8yXWZgrYZ1O0Wd0FyuX,20240305,高知,1,F2,Ａ級チャレンジ一般,base_color_4_bk,base_color_4,4,,013797,平川　公一,,,大　阪,A3,A3,両,70.36,0,0,6,0,0
Qa46FBqdpnJl3JcAORj6SURUK8bfJn6--LKti5k2fWR7n8yXWZgrYZ1O0Wd0FyuX,20240305,高知,1,F2,Ａ級チャレンジ一般,base_color_5_bk,base_color_5,5,,013347,川本　隆史,,,岡　山,A3,A3,追,67.68,0,0,3,2,1
Qa46FBqdpnJl3JcAORj6SURUK8bfJn6--LKti5k2fWR7n8yXWZgrYZ1O0Wd0FyuX,20240305,高知,1,F2,Ａ級チャレンジ一般,base_color_6_bk,base_color_6,6,,013361,岡　俊行,color_blue,追加,高　知,A3,A3,追,65.73,0,0,1,0,0
Qa46FBqdpnJl3JcAORj6SURUK8bfJn6--LKti5k2fWR7n8yXWZgrYZ1O0Wd0FyuX,20240305,高知,1,F2,Ａ級チャレンジ一般,base_color_7_bk,base_color_7,7,,012402,時松　正,,,熊　本,A3,A3,追,69.00,0,0,1,1,0
Qa46FBqdpnJl3JcAORj6SZ1390LAYeDaIU7Z3BXPVXXIeKOUHYBpRvgGL-trActm,20240305,高知,2,F2,Ａ級チャレンジ一般,base_color_1_bk,base_color_1,1,,015062,中尾　翔,,,岡　山,A2,A3,逃,72.26,2,1,2,1,8
Qa46FBqdpnJl3JcAORj6SZ1390LAYeDaIU7Z3BXPVXXIeKOUHYBpRvgGL-trActm,20240305,高知,2,F2,Ａ級チャレンジ一般,base_color_2_bk,base_color_2,2,,012542,森下　忠夫,color_blue,追加,高　知,A3,A3,追,68.93,0,0,0,3,1
Qa46FBqdpnJl3JcAORj6SZ1390LAYeDaIU7Z3BXPVXXIeKOUHYBpRvgGL-trActm,20240305,高知,2,F2,Ａ級チャレンジ一般,base_color_3_bk,base_color_3,3,,012925,河添　信也,,,熊　本,A3,A3,追,66.41,0,0,2,1,0
Qa46FBqdpnJl3JcAORj6SZ1390LAYeDaIU7Z3BXPVXXIeKOUHYBpRvgGL-trActm,20240305,高知,2,F2,Ａ級チャレンジ一般,base_color_4_bk,base_color_4,4,,013887,沖本　尚織,,,広　島,A2,A3,追,71.90,0,0,0,4,0
Qa46FBqdpnJl3JcAORj6SZ1390LAYeDaIU7Z3BXPVXXIeKOUHYBpRvgGL-trActm,20240305,高知,2,F2,Ａ級チャレンジ一般,base_color_5_bk,base_color_5,5,,012998,江口　晃正,,,長　崎,A3,A3,追,66.66,0,0,0,0,0
Qa46FBqdpnJl3JcAORj6SZ1390LAYeDaIU7Z3BXPVXXIeKOUHYBpRvgGL-trActm,20240305,高知,2,F2,Ａ級チャレンジ一般,base_color_6_bk,base_color_6,6,,012696,組橋　一高,,,香　川,A3,A3,両,65.38,0,0,0,1,0
Qa46FBqdpnJl3JcAORj6SZ1390LAYeDaIU7Z3BXPVXXIeKOUHYBpRvgGL-trActm,20240305,高知,2,F2,Ａ級チャレンジ一般,base_color_7_bk,base_color_7,7,,014652,原　清孝,,,沖　縄,A3,A3,両,68.57,0,0,1,4,3
Qa46FBqdpnJl3JcAORj6SW2D4VEAiTxKI4tyNm7pTyg7pPYShCfJkK2-mcNTV8g1,20240305,高知,3,F2,Ａ級チャレンジ準決勝,base_color_1_bk,base_color_1,1,,013358,行成　大祐,,,香　川,A3,A3,追,74.33,0,0,3,4,0
Qa46FBqdpnJl3JcAORj6SW2D4VEAiTxKI4tyNm7pTyg7pPYShCfJkK2-mcNTV8g1,20240305,高知,3,F2,Ａ級チャレンジ準決勝,base_color_2_bk,base_color_2,2,,011328,川添　輝彦,,,沖　縄,A3,A3,追,69.70,0,0,3,3,0
Qa46FBqdpnJl3JcAORj6SW2D4VEAiTxKI4tyNm7pTyg7pPYShCfJkK2-mcNTV8g1,20240305,高知,3,F2,Ａ級チャレンジ準決勝,base_color_3_bk,base_color_3,3,,014320,在本　直樹,,,岡　山,A2,A3,逃,77.94,1,2,6,1,2
Qa46FBqdpnJl3JcAORj6SW2D4VEAiTxKI4tyNm7pTyg7pPYShCfJkK2-mcNTV8g1,20240305,高知,3,F2,Ａ級チャレンジ準決勝,base_color_4_bk,base_color_4,4,,015727,中原　航大,,,岡　山,A3,A3,逃,74.53,4,2,2,0,8
Qa46FBqdpnJl3JcAORj6SW2D4VEAiTxKI4tyNm7pTyg7pPYShCfJkK2-mcNTV8g1,20240305,高知,3,F2,Ａ級チャレンジ準決勝,base_color_5_bk,base_color_5,5,,013802,大林　亮介,color_blue,追加,香　川,A3,A3,追,71.45,0,0,7,2,2
Qa46FBqdpnJl3JcAORj6SW2D4VEAiTxKI4tyNm7pTyg7pPYShCfJkK2-mcNTV8g1,20240305,高知,3,F2,Ａ級チャレンジ準決勝,base_color_6_bk,base_color_6,6,,013375,五反田豊和,,,宮　崎,A3,A3,両,68.22,2,1,1,0,3
Qa46FBqdpnJl3JcAORj6SW2D4VEAiTxKI4tyNm7pTyg7pPYShCfJkK2-mcNTV8g1,20240305,高知,3,F2,Ａ級チャレンジ準決勝,base_color_7_bk,base_color_7,7,,015467,倉松　涼,,,高　知,A2,A3,両,74.00,2,0,1,0,3
Qa46FBqdpnJl3JcAORj6SUiarpzmxh2yacrui3eo72Y_9wzqM64Of9mlWlfFZIyC,20240305,高知,4,F2,Ａ級チャレンジ準決勝,base_color_1_bk,base_color_1,1,,012847,古閑　良介,,,福　岡,A1,A3,追,73.09,0,0,0,3,0
Qa46FBqdpnJl3JcAORj6SUiarpzmxh2yacrui3eo72Y_9wzqM64Of9mlWlfFZIyC,20240305,高知,4,F2,Ａ級チャレンジ準決勝,base_color_2_bk,base_color_2,2,,012241,松木　竜也,,,愛　媛,A3,A3,追,69.95,0,0,1,1,0
Qa46FBqdpnJl3JcAORj6SUiarpzmxh2yacrui3eo72Y_9wzqM64Of9mlWlfFZIyC,20240305,高知,4,F2,Ａ級チャレンジ準決勝,base_color_3_bk,base_color_3,3,,015286,土居　佑次,color_blue,追加,高　知,A3,A3,逃,67.92,2,2,0,0,9
Qa46FBqdpnJl3JcAORj6SUiarpzmxh2yacrui3eo72Y_9wzqM64Of9mlWlfFZIyC,20240305,高知,4,F2,Ａ級チャレンジ準決勝,base_color_4_bk,base_color_4,4,,014449,片折　勇輝,,,福　岡,A1,A3,両,75.85,4,3,2,2,6
Qa46FBqdpnJl3JcAORj6SUiarpzmxh2yacrui3eo72Y_9wzqM64Of9mlWlfFZIyC,20240305,高知,4,F2,Ａ級チャレンジ準決勝,base_color_5_bk,base_color_5,5,,012986,近藤　直幹,,,徳　島,A3,A3,追,73.38,0,1,7,2,0
Qa46FBqdpnJl3JcAORj6SUiarpzmxh2yacrui3eo72Y_9wzqM64Of9mlWlfFZIyC,20240305,高知,4,F2,Ａ級チャレンジ準決勝,base_color_6_bk,base_color_6,6,,014618,兵動　秀治,,,広　島,A3,A3,追,67.14,0,0,3,2,0
Qa46FBqdpnJl3JcAORj6SUiarpzmxh2yacrui3eo72Y_9wzqM64Of9mlWlfFZIyC,20240305,高知,4,F2,Ａ級チャレンジ準決勝,base_color_7_bk,base_color_7,7,,015753,枝村　弘樹,color_blue,追加,宮　崎,A3,A3,逃,77.27,4,9,0,1,9
Qa46FBqdpnJl3JcAORj6SVIkoAfVZ4FAc3gvrtHes-X3YHbiSYPF1YgYrcLtqnpG,20240305,高知,5,F2,Ａ級チャレンジ準決勝,base_color_1_bk,base_color_1,1,,014533,加藤　正法,,,愛　知,A3,A3,追,72.58,1,1,7,1,1
Qa46FBqdpnJl3JcAORj6SVIkoAfVZ4FAc3gvrtHes-X3YHbiSYPF1YgYrcLtqnpG,20240305,高知,5,F2,Ａ級チャレンジ準決勝,base_color_2_bk,base_color_2,2,,015548,白井優太朗,,,広　島,A1,A3,逃,74.69,1,0,1,0,4
Qa46FBqdpnJl3JcAORj6SVIkoAfVZ4FAc3gvrtHes-X3YHbiSYPF1YgYrcLtqnpG,20240305,高知,5,F2,Ａ級チャレンジ準決勝,base_color_3_bk,base_color_3,3,,013061,小磯　知也,color_blue,追加,徳　島,A2,A3,追,73.26,0,0,1,5,0
Qa46FBqdpnJl3JcAORj6SVIkoAfVZ4FAc3gvrtHes-X3YHbiSYPF1YgYrcLtqnpG,20240305,高知,5,F2,Ａ級チャレンジ準決勝,base_color_4_bk,base_color_4,4,,013651,井山　和裕,,,山　口,A2,A3,追,73.88,0,0,2,3,0
Qa46FBqdpnJl3JcAORj6SVIkoAfVZ4FAc3gvrtHes-X3YHbiSYPF1YgYrcLtqnpG,20240305,高知,5,F2,Ａ級チャレンジ準決勝,base_color_5_bk,base_color_5,5,,015721,内山　慧大,color_blue,追加,福　井,A3,A3,逃,78.56,6,5,0,0,8
Qa46FBqdpnJl3JcAORj6SVIkoAfVZ4FAc3gvrtHes-X3YHbiSYPF1YgYrcLtqnpG,20240305,高知,5,F2,Ａ級チャレンジ準決勝,base_color_6_bk,base_color_6,6,,013062,藤原　義浩,,,徳　島,A3,A3,追,68.00,0,0,1,1,0
Qa46FBqdpnJl3JcAORj6SVIkoAfVZ4FAc3gvrtHes-X3YHbiSYPF1YgYrcLtqnpG,20240305,高知,5,F2,Ａ級チャレンジ準決勝,base_color_7_bk,base_color_7,7,,015283,安本　昇平,,,山　口,A2,A3,逃,77.66,1,3,2,1,1
Qa46FBqdpnJl3JcAORj6SUdvDjj74q1OK-9hRgB6c2OLtQw5GZY2RAALyAH2HKVs,20240305,高知,6,F2,Ｌ級ガールズ予選（第２走）,base_color_1_bk,base_color_1,1,,015777,谷元　音羽,,,鹿児島,L1,L1,両,48.38,0,0,1,1,0
Qa46FBqdpnJl3JcAORj6SUdvDjj74q1OK-9hRgB6c2OLtQw5GZY2RAALyAH2HKVs,20240305,高知,6,F2,Ｌ級ガールズ予選（第２走）,base_color_2_bk,base_color_2,2,,015406,吉岡　詩織,,,広　島,L1,L1,両,53.53,1,5,0,0,7
Qa46FBqdpnJl3JcAORj6SUdvDjj74q1OK-9hRgB6c2OLtQw5GZY2RAALyAH2HKVs,20240305,高知,6,F2,Ｌ級ガールズ予選（第２走）,base_color_3_bk,base_color_3,3,,015593,中村　鈴花,,,熊　本,L1,L1,両,48.05,0,0,1,2,0
Qa46FBqdpnJl3JcAORj6SUdvDjj74q1OK-9hRgB6c2OLtQw5GZY2RAALyAH2HKVs,20240305,高知,6,F2,Ｌ級ガールズ予選（第２走）,base_color_4_bk,base_color_4,4,,014961,梶田　舞,,,埼　玉,L1,L1,両,51.08,1,0,0,3,1
Qa46FBqdpnJl3JcAORj6SUdvDjj74q1OK-9hRgB6c2OLtQw5GZY2RAALyAH2HKVs,20240305,高知,6,F2,Ｌ級ガールズ予選（第２走）,base_color_5_bk,base_color_5,5,,015671,小泉　夢菜,,,埼　玉,L1,L1,両,51.83,1,0,0,3,1
Qa46FBqdpnJl3JcAORj6SUdvDjj74q1OK-9hRgB6c2OLtQw5GZY2RAALyAH2HKVs,20240305,高知,6,F2,Ｌ級ガールズ予選（第２走）,base_color_6_bk,base_color_6,6,,015317,佐伯　智恵,color_blue,補充,愛　媛,L1,L1,両,49.33,0,0,1,3,2
Qa46FBqdpnJl3JcAORj6SUdvDjj74q1OK-9hRgB6c2OLtQw5GZY2RAALyAH2HKVs,20240305,高知,6,F2,Ｌ級ガールズ予選（第２走）,base_color_7_bk,base_color_7,7,,015140,鈴木　彩夏,,,東　京,L1,L1,両,45.44,0,0,0,2,0
Qa46FBqdpnJl3JcAORj6SbhZkv_0S9vY1dL3e9DS8BjuSi8jj2zUoGhfrNnrWmx1,20240305,高知,7,F2,Ｌ級ガールズ予選（第２走）,base_color_1_bk,base_color_1,1,,015755,神戸暖稀羽,,,北海道,L1,L1,両,47.80,0,1,0,1,2
Qa46FBqdpnJl3JcAORj6SbhZkv_0S9vY1dL3e9DS8BjuSi8jj2zUoGhfrNnrWmx1,20240305,高知,7,F2,Ｌ級ガールズ予選（第２走）,base_color_2_bk,base_color_2,2,,015504,西島　叶子,color_blue,追加,熊　本,L1,L1,両,50.36,1,0,1,1,4
Qa46FBqdpnJl3JcAORj6SbhZkv_0S9vY1dL3e9DS8BjuSi8jj2zUoGhfrNnrWmx1,20240305,高知,7,F2,Ｌ級ガールズ予選（第２走）,base_color_3_bk,base_color_3,3,,015772,横山　愛海,,,高　知,L1,L1,両,44.11,0,0,0,0,0
Qa46FBqdpnJl3JcAORj6SbhZkv_0S9vY1dL3e9DS8BjuSi8jj2zUoGhfrNnrWmx1,20240305,高知,7,F2,Ｌ級ガールズ予選（第２走）,base_color_4_bk,base_color_4,4,,015400,久米　詩,,,静　岡,L1,L1,両,56.50,8,4,1,0,10
Qa46FBqdpnJl3JcAORj6SbhZkv_0S9vY1dL3e9DS8BjuSi8jj2zUoGhfrNnrWmx1,20240305,高知,7,F2,Ｌ級ガールズ予選（第２走）,base_color_5_bk,base_color_5,5,,015773,枝光　美奈,,,福　岡,L1,L1,両,49.05,0,1,1,0,1
Qa46FBqdpnJl3JcAORj6SbhZkv_0S9vY1dL3e9DS8BjuSi8jj2zUoGhfrNnrWmx1,20240305,高知,7,F2,Ｌ級ガールズ予選（第２走）,base_color_6_bk,base_color_6,6,,015079,日野　友葵,,,愛　媛,L1,L1,両,45.20,0,0,0,0,0
Qa46FBqdpnJl3JcAORj6SbhZkv_0S9vY1dL3e9DS8BjuSi8jj2zUoGhfrNnrWmx1,20240305,高知,7,F2,Ｌ級ガールズ予選（第２走）,base_color_7_bk,base_color_7,7,,015392,加藤　舞,,,沖　縄,L1,L1,両,49.29,1,1,1,2,4
Qa46FBqdpnJl3JcAORj6SWVIqr42uLPJle7zmKl63FIPg9ntpfMOjlBd5H6Stv0K,20240305,高知,8,F2,Ａ級特一般,base_color_1_bk,base_color_1,1,,014787,瀬口　匠,,,宮　崎,A3,A2,両,77.22,2,5,1,0,6
Qa46FBqdpnJl3JcAORj6SWVIqr42uLPJle7zmKl63FIPg9ntpfMOjlBd5H6Stv0K,20240305,高知,8,F2,Ａ級特一般,base_color_2_bk,base_color_2,2,,013345,中村美千隆,,,兵　庫,A2,A2,両,79.00,0,1,2,1,6
Qa46FBqdpnJl3JcAORj6SWVIqr42uLPJle7zmKl63FIPg9ntpfMOjlBd5H6Stv0K,20240305,高知,8,F2,Ａ級特一般,base_color_3_bk,base_color_3,3,,015126,高山　雄丞,,,愛　媛,A2,A2,逃,84.26,1,3,2,0,1
Qa46FBqdpnJl3JcAORj6SWVIqr42uLPJle7zmKl63FIPg9ntpfMOjlBd5H6Stv0K,20240305,高知,8,F2,Ａ級特一般,base_color_4_bk,base_color_4,4,,014344,園田　鉄兵,color_blue,追加,熊　本,A2,A2,両,83.62,0,0,5,4,0
Qa46FBqdpnJl3JcAORj6SWVIqr42uLPJle7zmKl63FIPg9ntpfMOjlBd5H6Stv0K,20240305,高知,8,F2,Ａ級特一般,base_color_5_bk,base_color_5,5,,012507,爲田　学,,,沖　縄,A2,A2,追,80.88,0,0,3,1,0
Qa46FBqdpnJl3JcAORj6SWVIqr42uLPJle7zmKl63FIPg9ntpfMOjlBd5H6Stv0K,20240305,高知,8,F2,Ａ級特一般,base_color_6_bk,base_color_6,6,,014324,内村　竜也,,,山　口,A3,A2,両,76.61,0,0,2,5,1
Qa46FBqdpnJl3JcAORj6SWVIqr42uLPJle7zmKl63FIPg9ntpfMOjlBd5H6Stv0K,20240305,高知,8,F2,Ａ級特一般,base_color_7_bk,base_color_7,7,,014042,徳吉　正治,color_blue,追加,福　岡,A3,A2,両,78.16,1,1,2,4,2
Qa46FBqdpnJl3JcAORj6ScHWgKawX4dyj9alb2fuAbvTZukF7c7ongzjeoTmyjAn,20240305,高知,9,F2,Ａ級特一般,base_color_1_bk,base_color_1,1,,013799,真田　晃,,,兵　庫,A1,A1,追,88.17,0,0,1,3,0
Qa46FBqdpnJl3JcAORj6ScHWgKawX4dyj9alb2fuAbvTZukF7c7ongzjeoTmyjAn,20240305,高知,9,F2,Ａ級特一般,base_color_2_bk,base_color_2,2,,012992,吉良　勝信,,,福　岡,A2,A2,追,82.83,0,0,2,1,0
Qa46FBqdpnJl3JcAORj6ScHWgKawX4dyj9alb2fuAbvTZukF7c7ongzjeoTmyjAn,20240305,高知,9,F2,Ａ級特一般,base_color_3_bk,base_color_3,3,,012550,荒木　真慈,,,熊　本,A2,A2,追,80.91,0,0,3,1,0
Qa46FBqdpnJl3JcAORj6ScHWgKawX4dyj9alb2fuAbvTZukF7c7ongzjeoTmyjAn,20240305,高知,9,F2,Ａ級特一般,base_color_4_bk,base_color_4,4,,014315,西谷　岳文,,,京　都,A1,A1,両,85.85,0,3,6,0,0
Qa46FBqdpnJl3JcAORj6ScHWgKawX4dyj9alb2fuAbvTZukF7c7ongzjeoTmyjAn,20240305,高知,9,F2,Ａ級特一般,base_color_5_bk,base_color_5,5,,015472,吉田　勇気,,,福　岡,A3,A2,両,77.03,2,2,1,3,7
Qa46FBqdpnJl3JcAORj6ScHWgKawX4dyj9alb2fuAbvTZukF7c7ongzjeoTmyjAn,20240305,高知,9,F2,Ａ級特一般,base_color_6_bk,base_color_6,6,,011733,中村　秀幸,color_blue,補充,高　知,A3,A2,追,72.31,0,0,0,0,2
Qa46FBqdpnJl3JcAORj6ScHWgKawX4dyj9alb2fuAbvTZukF7c7ongzjeoTmyjAn,20240305,高知,9,F2,Ａ級特一般,base_color_7_bk,base_color_7,7,,014639,屋宜　浩二,,,沖　縄,A2,A2,追,78.16,0,0,0,0,0
Qa46FBqdpnJl3JcAORj6SWCF0VAkZckkVEh4ovzzapespu-ipJS0F1xqyfn0mDgU,20240305,高知,10,F2,Ａ級準決勝,base_color_1_bk,base_color_1,1,,015640,矢部　駿人,,,岡　山,A2,A2,逃,87.57,8,0,0,1,18
Qa46FBqdpnJl3JcAORj6SWCF0VAkZckkVEh4ovzzapespu-ipJS0F1xqyfn0mDgU,20240305,高知,10,F2,Ａ級準決勝,base_color_2_bk,base_color_2,2,,015562,山本　浩成,,,福　岡,A1,A1,逃,94.87,1,9,5,0,5
Qa46FBqdpnJl3JcAORj6SWCF0VAkZckkVEh4ovzzapespu-ipJS0F1xqyfn0mDgU,20240305,高知,10,F2,Ａ級準決勝,base_color_3_bk,base_color_3,3,,014329,阿部　功,,,高　知,A2,A2,追,80.73,0,1,0,0,0
Qa46FBqdpnJl3JcAORj6SWCF0VAkZckkVEh4ovzzapespu-ipJS0F1xqyfn0mDgU,20240305,高知,10,F2,Ａ級準決勝,base_color_4_bk,base_color_4,4,,014342,南部　亮太,,,長　崎,A2,A2,両,82.33,0,0,0,1,0
Qa46FBqdpnJl3JcAORj6SWCF0VAkZckkVEh4ovzzapespu-ipJS0F1xqyfn0mDgU,20240305,高知,10,F2,Ａ級準決勝,base_color_5_bk,base_color_5,5,,015193,今岡　徹二,,,広　島,A1,A1,両,91.25,1,0,9,4,1
Qa46FBqdpnJl3JcAORj6SWCF0VAkZckkVEh4ovzzapespu-ipJS0F1xqyfn0mDgU,20240305,高知,10,F2,Ａ級準決勝,base_color_6_bk,base_color_6,6,,012618,武智　尚之,,,愛　媛,A2,A2,追,78.11,0,0,0,0,0
Qa46FBqdpnJl3JcAORj6SWCF0VAkZckkVEh4ovzzapespu-ipJS0F1xqyfn0mDgU,20240305,高知,10,F2,Ａ級準決勝,base_color_7_bk,base_color_7,7,,013971,内山　拓,,,福　岡,A1,A1,両,90.16,0,0,0,9,0
Qa46FBqdpnJl3JcAORj6SWaeV4rGY711pgLxlOcFGDzmnPXt1jysf4m4ycSylT1e,20240305,高知,11,F2,Ａ級準決勝,base_color_1_bk,base_color_1,1,,015198,今村麟太郎,,,高　知,A1,A1,逃,91.55,4,5,1,0,9
Qa46FBqdpnJl3JcAORj6SWaeV4rGY711pgLxlOcFGDzmnPXt1jysf4m4ycSylT1e,20240305,高知,11,F2,Ａ級準決勝,base_color_2_bk,base_color_2,2,,014255,西本　直大,,,大　阪,A1,A1,両,88.38,2,6,3,0,9
Qa46FBqdpnJl3JcAORj6SWaeV4rGY711pgLxlOcFGDzmnPXt1jysf4m4ycSylT1e,20240305,高知,11,F2,Ａ級準決勝,base_color_3_bk,base_color_3,3,,014788,上吹越俊一,,,鹿児島,A1,A1,両,90.26,0,9,2,4,2
Qa46FBqdpnJl3JcAORj6SWaeV4rGY711pgLxlOcFGDzmnPXt1jysf4m4ycSylT1e,20240305,高知,11,F2,Ａ級準決勝,base_color_4_bk,base_color_4,4,,013058,富　弥昭,,,山　口,A1,A1,追,91.88,0,0,6,2,0
Qa46FBqdpnJl3JcAORj6SWaeV4rGY711pgLxlOcFGDzmnPXt1jysf4m4ycSylT1e,20240305,高知,11,F2,Ａ級準決勝,base_color_5_bk,base_color_5,5,,012742,山田　雅之,,,岐　阜,A1,A1,追,86.20,0,0,6,1,0
Qa46FBqdpnJl3JcAORj6SWaeV4rGY711pgLxlOcFGDzmnPXt1jysf4m4ycSylT1e,20240305,高知,11,F2,Ａ級準決勝,base_color_6_bk,base_color_6,6,,013652,隅　直幸,,,山　口,A2,A2,追,82.96,0,0,3,1,0
Qa46FBqdpnJl3JcAORj6SWaeV4rGY711pgLxlOcFGDzmnPXt1jysf4m4ycSylT1e,20240305,高知,11,F2,Ａ級準決勝,base_color_7_bk,base_color_7,7,,014265,松永　真太,,,福　岡,A2,A2,追,83.84,0,0,2,2,0
Qa46FBqdpnJl3JcAORj6Sc8JEReDhDxIVVwGGG6s5VNJXOui5u6kvuT0NrXXyu1S,20240305,高知,12,F2,Ａ級準決勝,base_color_1_bk,base_color_1,1,,014779,名川　豊,,,福　岡,S2,A1,追,92.45,0,1,1,6,1
Qa46FBqdpnJl3JcAORj6Sc8JEReDhDxIVVwGGG6s5VNJXOui5u6kvuT0NrXXyu1S,20240305,高知,12,F2,Ａ級準決勝,base_color_2_bk,base_color_2,2,,015201,門田　凌,,,愛　媛,S1,A1,両,92.38,3,1,3,2,3
Qa46FBqdpnJl3JcAORj6Sc8JEReDhDxIVVwGGG6s5VNJXOui5u6kvuT0NrXXyu1S,20240305,高知,12,F2,Ａ級準決勝,base_color_3_bk,base_color_3,3,,014671,山田　裕哉,,,岐　阜,S2,A1,両,92.71,0,0,2,2,0
Qa46FBqdpnJl3JcAORj6Sc8JEReDhDxIVVwGGG6s5VNJXOui5u6kvuT0NrXXyu1S,20240305,高知,12,F2,Ａ級準決勝,base_color_4_bk,base_color_4,4,,013968,越智　展孝,,,愛　媛,A1,A1,追,86.66,0,2,4,1,1
Qa46FBqdpnJl3JcAORj6Sc8JEReDhDxIVVwGGG6s5VNJXOui5u6kvuT0NrXXyu1S,20240305,高知,12,F2,Ａ級準決勝,base_color_5_bk,base_color_5,5,,015738,梶原　海斗,color_blue,追加,福　岡,A3,A2,逃,81.36,11,9,0,0,15
Qa46FBqdpnJl3JcAORj6Sc8JEReDhDxIVVwGGG6s5VNJXOui5u6kvuT0NrXXyu1S,20240305,高知,12,F2,Ａ級準決勝,base_color_6_bk,base_color_6,6,,015214,境　啓亨,,,熊　本,A2,A1,逃,81.16,0,3,0,0,2
Qa46FBqdpnJl3JcAORj6Sc8JEReDhDxIVVwGGG6s5VNJXOui5u6kvuT0NrXXyu1S,20240305,高知,12,F2,Ａ級準決勝,base_color_7_bk,base_color_7,7,,014030,藤木　裕,,,京　都,S2,A1,両,91.16,0,0,0,0,1
40e_64vLzizZus8EyHmUfNoO_LzZbQgS4nUMzkveigM9ac_0HM0Pj6uvblMdnGIr,20240306,京王閣,1,F1,Ａ級一般,base_color_1_bk,base_color_1,1,,014223,瀧野　勝太,,,群　馬,A2,A2,追,82.42,0,0,2,1,1
40e_64vLzizZus8EyHmUfNoO_LzZbQgS4nUMzkveigM9ac_0HM0Pj6uvblMdnGIr,20240306,京王閣,1,F1,Ａ級一般,base_color_2_bk,base_color_2,2,,015659,池田伍功羽,,,熊　本,A3,A2,逃,80.54,4,3,1,0,11
40e_64vLzizZus8EyHmUfNoO_LzZbQgS4nUMzkveigM9ac_0HM0Pj6uvblMdnGIr,20240306,京王閣,1,F1,Ａ級一般,base_color_3_bk,base_color_3,3,,014373,鈴木雄一朗,,,東　京,A1,A2,両,82.53,1,1,2,1,3
40e_64vLzizZus8EyHmUfNoO_LzZbQgS4nUMzkveigM9ac_0HM0Pj6uvblMdnGIr,20240306,京王閣,1,F1,Ａ級一般,base_color_4_bk,base_color_4,4,,015506,佐藤　啓斗,,,青　森,A2,A2,逃,80.11,3,0,0,0,9
40e_64vLzizZus8EyHmUfNoO_LzZbQgS4nUMzkveigM9ac_0HM0Pj6uvblMdnGIr,20240306,京王閣,1,F1,Ａ級一般,base_color_5_bk,base_color_5,5,,013885,柳谷　崇,,,岡　山,A1,A1,追,88.23,0,0,2,2,0
40e_64vLzizZus8EyHmUfNoO_LzZbQgS4nUMzkveigM9ac_0HM0Pj6uvblMdnGIr,20240306,京王閣,1,F1,Ａ級一般,base_color_6_bk,base_color_6,6,,012132,甲斐下　智,,,広　島,A3,A2,追,76.07,0,0,2,1,0
40e_64vLzizZus8EyHmUfKdks5GVENgWhzRmi9fSsLkJ1l4qkSDkdugWCofcEDHJ,20240306,京王閣,2,F1,Ａ級一般,base_color_1_bk,base_color_1,1,,013895,松尾　大樹,,,長　崎,A3,A2,追,79.00,0,0,1,0,0
40e_64vLzizZus8EyHmUfKdks5GVENgWhzRmi9fSsLkJ1l4qkSDkdugWCofcEDHJ,20240306,京王閣,2,F1,Ａ級一般,base_color_2_bk,base_color_2,2,,015083,中村弘之輔,,,北海道,A2,A1,両,88.81,5,7,1,2,7
40e_64vLzizZus8EyHmUfKdks5GVENgWhzRmi9fSsLkJ1l4qkSDkdugWCofcEDHJ,20240306,京王閣,2,F1,Ａ級一般,base_color_3_bk,base_color_3,3,,014058,佐藤　謙,color_blue,補充,栃　木,A3,A2,追,79.68,0,0,6,2,0
40e_64vLzizZus8EyHmUfKdks5GVENgWhzRmi9fSsLkJ1l4qkSDkdugWCofcEDHJ,20240306,京王閣,2,F1,Ａ級一般,base_color_4_bk,base_color_4,4,,014385,山本　淳,,,神奈川,A2,A2,両,80.33,0,1,0,2,0
40e_64vLzizZus8EyHmUfKdks5GVENgWhzRmi9fSsLkJ1l4qkSDkdugWCofcEDHJ,20240306,京王閣,2,F1,Ａ級一般,base_color_5_bk,base_color_5,5,,014630,利根　正明,,,大　分,A1,A1,両,88.33,6,3,1,0,11
40e_64vLzizZus8EyHmUfKdks5GVENgWhzRmi9fSsLkJ1l4qkSDkdugWCofcEDHJ,20240306,京王閣,2,F1,Ａ級一般,base_color_6_bk,base_color_6,6,,012814,林　邦彦,,,千　葉,A3,A2,追,71.85,0,0,0,1,0
40e_64vLzizZus8EyHmUfKdks5GVENgWhzRmi9fSsLkJ1l4qkSDkdugWCofcEDHJ,20240306,京王閣,2,F1,Ａ級一般,base_color_7_bk,base_color_7,7,,014270,小原　将通,,,大　分,A1,A1,追,85.11,0,0,3,3,0
40e_64vLzizZus8EyHmUfGLq7xrWHgKfaUlAJlVt4D_kqH9IjxzhcmAzsXp42qYl,20240306,京王閣,3,F1,Ａ級特選,base_color_1_bk,base_color_1,1,,012844,米澤　大輔,,,徳　島,A3,A2,追,81.16,0,0,3,1,0
40e_64vLzizZus8EyHmUfGLq7xrWHgKfaUlAJlVt4D_kqH9IjxzhcmAzsXp42qYl,20240306,京王閣,3,F1,Ａ級特選,base_color_2_bk,base_color_2,2,,014155,佐藤　政利,,,新　潟,A2,A1,追,84.81,0,0,3,3,0
40e_64vLzizZus8EyHmUfGLq7xrWHgKfaUlAJlVt4D_kqH9IjxzhcmAzsXp42qYl,20240306,京王閣,3,F1,Ａ級特選,base_color_3_bk,base_color_3,3,,014747,猪俣　康一,,,神奈川,S2,A1,両,90.14,0,1,1,2,6
40e_64vLzizZus8EyHmUfGLq7xrWHgKfaUlAJlVt4D_kqH9IjxzhcmAzsXp42qYl,20240306,京王閣,3,F1,Ａ級特選,base_color_4_bk,base_color_4,4,,014872,玉村　元気,,,香　川,A2,A2,両,81.17,1,4,0,0,7
40e_64vLzizZus8EyHmUfGLq7xrWHgKfaUlAJlVt4D_kqH9IjxzhcmAzsXp42qYl,20240306,京王閣,3,F1,Ａ級特選,base_color_5_bk,base_color_5,5,,014240,須藤　誠,,,千　葉,A2,A1,追,88.86,0,0,8,3,0
40e_64vLzizZus8EyHmUfGLq7xrWHgKfaUlAJlVt4D_kqH9IjxzhcmAzsXp42qYl,20240306,京王閣,3,F1,Ａ級特選,base_color_6_bk,base_color_6,6,,014070,秋葉　大輔,,,東　京,A3,A2,追,80.66,0,1,0,0,0
40e_64vLzizZus8EyHmUfGLq7xrWHgKfaUlAJlVt4D_kqH9IjxzhcmAzsXp42qYl,20240306,京王閣,3,F1,Ａ級特選,base_color_7_bk,base_color_7,7,,014351,田口　守,,,山　口,A2,A2,両,81.75,0,0,1,2,0
40e_64vLzizZus8EyHmUfBgvYGah0f3e-1VWfd0EbATLaYc3VDyfI_8XeOtIRSnk,20240306,京王閣,4,F1,Ａ級特選,base_color_1_bk,base_color_1,1,,014439,山崎　司,,,福　島,A1,A1,追,88.14,0,0,10,1,0
40e_64vLzizZus8EyHmUfBgvYGah0f3e-1VWfd0EbATLaYc3VDyfI_8XeOtIRSnk,20240306,京王閣,4,F1,Ａ級特選,base_color_2_bk,base_color_2,2,,015468,和泉　尚吾,,,愛　媛,A1,A1,逃,89.14,7,3,1,0,10
40e_64vLzizZus8EyHmUfBgvYGah0f3e-1VWfd0EbATLaYc3VDyfI_8XeOtIRSnk,20240306,京王閣,4,F1,Ａ級特選,base_color_3_bk,base_color_3,3,,014623,飯田　裕次,,,福　岡,A1,A1,追,87.42,0,1,5,1,1
40e_64vLzizZus8EyHmUfBgvYGah0f3e-1VWfd0EbATLaYc3VDyfI_8XeOtIRSnk,20240306,京王閣,4,F1,Ａ級特選,base_color_4_bk,base_color_4,4,,013925,黒田　篤,color_blue,追加,栃　木,A2,A2,追,80.34,0,1,1,1,0
40e_64vLzizZus8EyHmUfBgvYGah0f3e-1VWfd0EbATLaYc3VDyfI_8XeOtIRSnk,20240306,京王閣,4,F1,Ａ級特選,base_color_5_bk,base_color_5,5,,011454,杉浦　康一,,,北海道,A2,A2,追,81.54,0,0,2,0,0
40e_64vLzizZus8EyHmUfBgvYGah0f3e-1VWfd0EbATLaYc3VDyfI_8XeOtIRSnk,20240306,京王閣,4,F1,Ａ級特選,base_color_6_bk,base_color_6,6,,013147,米嶋　賢二,,,長　崎,A2,A2,追,80.20,0,0,2,1,0
40e_64vLzizZus8EyHmUfBgvYGah0f3e-1VWfd0EbATLaYc3VDyfI_8XeOtIRSnk,20240306,京王閣,4,F1,Ａ級特選,base_color_7_bk,base_color_7,7,,014487,才迫　勇馬,,,広　島,A2,A2,逃,87.50,5,0,5,1,9
40e_64vLzizZus8EyHmUfC8jo16DtY6g6ltcoTIrc13QMPMYYw-EUMrR81Bp5YW3,20240306,京王閣,5,F1,Ｓ級一般,base_color_1_bk,base_color_1,1,,014633,田中　陽平,,,熊　本,S2,S2,追,98.81,0,0,2,1,0
40e_64vLzizZus8EyHmUfC8jo16DtY6g6ltcoTIrc13QMPMYYw-EUMrR81Bp5YW3,20240306,京王閣,5,F1,Ｓ級一般,base_color_2_bk,base_color_2,2,,015510,田口　勇介,,,秋　田,S2,S2,逃,96.93,5,0,0,0,8
40e_64vLzizZus8EyHmUfC8jo16DtY6g6ltcoTIrc13QMPMYYw-EUMrR81Bp5YW3,20240306,京王閣,5,F1,Ｓ級一般,base_color_3_bk,base_color_3,3,,014664,志村　龍己,,,山　梨,S2,S2,追,99.90,0,0,3,1,0
40e_64vLzizZus8EyHmUfC8jo16DtY6g6ltcoTIrc13QMPMYYw-EUMrR81Bp5YW3,20240306,京王閣,5,F1,Ｓ級一般,base_color_4_bk,base_color_4,4,,014337,佐々木翔一,,,佐　賀,A1,S2,両,94.04,0,1,1,2,0
40e_64vLzizZus8EyHmUfC8jo16DtY6g6ltcoTIrc13QMPMYYw-EUMrR81Bp5YW3,20240306,京王閣,5,F1,Ｓ級一般,base_color_5_bk,base_color_5,5,,013829,青森　伸也,,,福　島,S2,S2,追,100.95,0,0,1,2,0
40e_64vLzizZus8EyHmUfC8jo16DtY6g6ltcoTIrc13QMPMYYw-EUMrR81Bp5YW3,20240306,京王閣,5,F1,Ｓ級一般,base_color_6_bk,base_color_6,6,,015088,神山　尚,,,栃　木,A1,S2,追,89.50,0,0,0,0,0
40e_64vLzizZus8EyHmUfC8jo16DtY6g6ltcoTIrc13QMPMYYw-EUMrR81Bp5YW3,20240306,京王閣,5,F1,Ｓ級一般,base_color_7_bk,base_color_7,7,,014631,佐方　良行,,,熊　本,S2,S2,追,102.45,0,4,3,0,0
40e_64vLzizZus8EyHmUfFry-ds5AdRlXXSyDH21flp_dBfmQj4uddfzZPE0kDLN,20240306,京王閣,6,F1,Ｓ級一般,base_color_1_bk,base_color_1,1,,013693,藤原　憲征,color_blue,追加,新　潟,S2,S2,追,96.00,0,0,3,2,0
40e_64vLzizZus8EyHmUfFry-ds5AdRlXXSyDH21flp_dBfmQj4uddfzZPE0kDLN,20240306,京王閣,6,F1,Ｓ級一般,base_color_2_bk,base_color_2,2,,014822,関根健太郎,,,神奈川,A1,S2,両,92.07,1,0,0,0,3
40e_64vLzizZus8EyHmUfFry-ds5AdRlXXSyDH21flp_dBfmQj4uddfzZPE0kDLN,20240306,京王閣,6,F1,Ｓ級一般,base_color_3_bk,base_color_3,3,,014134,小野　大介,,,福　島,S2,S2,追,98.57,0,0,1,1,0
40e_64vLzizZus8EyHmUfFry-ds5AdRlXXSyDH21flp_dBfmQj4uddfzZPE0kDLN,20240306,京王閣,6,F1,Ｓ級一般,base_color_4_bk,base_color_4,4,,013669,荒澤　貴史,,,北海道,A1,S2,追,96.28,0,0,4,2,0
40e_64vLzizZus8EyHmUfFry-ds5AdRlXXSyDH21flp_dBfmQj4uddfzZPE0kDLN,20240306,京王閣,6,F1,Ｓ級一般,base_color_5_bk,base_color_5,5,,014005,山本　健也,,,千　葉,S2,S2,追,98.63,0,0,4,1,0
40e_64vLzizZus8EyHmUfFry-ds5AdRlXXSyDH21flp_dBfmQj4uddfzZPE0kDLN,20240306,京王閣,6,F1,Ｓ級一般,base_color_6_bk,base_color_6,6,,015423,上川　直紀,,,栃　木,A1,S2,逃,90.60,2,1,1,0,6
40e_64vLzizZus8EyHmUfFry-ds5AdRlXXSyDH21flp_dBfmQj4uddfzZPE0kDLN,20240306,京王閣,6,F1,Ｓ級一般,base_color_7_bk,base_color_7,7,,014232,柴田　洋輔,,,東　京,S1,S2,追,100.15,0,0,1,4,0
40e_64vLzizZus8EyHmUfGGjtifFWJk0U-AY-ycPQLniy3GrsIZBfE5OS9OsG8XC,20240306,京王閣,7,F1,Ｓ級一般,base_color_1_bk,base_color_1,1,,014326,福島　栄一,,,香　川,A1,S2,追,97.60,0,1,3,2,1
40e_64vLzizZus8EyHmUfGGjtifFWJk0U-AY-ycPQLniy3GrsIZBfE5OS9OsG8XC,20240306,京王閣,7,F1,Ｓ級一般,base_color_2_bk,base_color_2,2,,014863,一戸　康宏,,,埼　玉,S2,S1,逃,102.70,3,2,1,2,5
40e_64vLzizZus8EyHmUfGGjtifFWJk0U-AY-ycPQLniy3GrsIZBfE5OS9OsG8XC,20240306,京王閣,7,F1,Ｓ級一般,base_color_3_bk,base_color_3,3,,013471,松坂　英司,,,神奈川,A1,S2,追,96.83,0,0,1,1,0
40e_64vLzizZus8EyHmUfGGjtifFWJk0U-AY-ycPQLniy3GrsIZBfE5OS9OsG8XC,20240306,京王閣,7,F1,Ｓ級一般,base_color_4_bk,base_color_4,4,,014104,池田　憲昭,color_blue,追加,香　川,S1,S2,追,94.33,0,0,0,0,0
40e_64vLzizZus8EyHmUfGGjtifFWJk0U-AY-ycPQLniy3GrsIZBfE5OS9OsG8XC,20240306,京王閣,7,F1,Ｓ級一般,base_color_5_bk,base_color_5,5,,014504,杉本　正隆,,,茨　城,S1,S2,追,103.73,0,0,7,2,0
40e_64vLzizZus8EyHmUfGGjtifFWJk0U-AY-ycPQLniy3GrsIZBfE5OS9OsG8XC,20240306,京王閣,7,F1,Ｓ級一般,base_color_6_bk,base_color_6,6,,012500,稲村　成浩,,,群　馬,A1,S2,追,92.85,0,0,0,1,0
40e_64vLzizZus8EyHmUfGGjtifFWJk0U-AY-ycPQLniy3GrsIZBfE5OS9OsG8XC,20240306,京王閣,7,F1,Ｓ級一般,base_color_7_bk,base_color_7,7,,014592,小島　歩,,,神奈川,S2,S2,追,98.56,0,0,6,2,0
40e_64vLzizZus8EyHmUfApYrxvnO1LYKKoPwdrT0Gafjz5yUtCt6guhWY0l45xS,20240306,京王閣,8,F1,Ｓ級特選,base_color_1_bk,base_color_1,1,,013443,大坪　功一,,,福　岡,S1,S2,追,103.21,0,0,2,4,0
40e_64vLzizZus8EyHmUfApYrxvnO1LYKKoPwdrT0Gafjz5yUtCt6guhWY0l45xS,20240306,京王閣,8,F1,Ｓ級特選,base_color_2_bk,base_color_2,2,,015337,佐藤　礼文,,,茨　城,S2,S1,追,106.92,0,0,11,4,0
40e_64vLzizZus8EyHmUfApYrxvnO1LYKKoPwdrT0Gafjz5yUtCt6guhWY0l45xS,20240306,京王閣,8,F1,Ｓ級特選,base_color_3_bk,base_color_3,3,,015328,星野　洋輝,,,福　島,S2,S2,両,102.00,2,4,0,0,2
40e_64vLzizZus8EyHmUfApYrxvnO1LYKKoPwdrT0Gafjz5yUtCt6guhWY0l45xS,20240306,京王閣,8,F1,Ｓ級特選,base_color_4_bk,base_color_4,4,,014148,岸澤　賢太,,,埼　玉,S2,S2,両,101.28,0,0,6,2,1
40e_64vLzizZus8EyHmUfApYrxvnO1LYKKoPwdrT0Gafjz5yUtCt6guhWY0l45xS,20240306,京王閣,8,F1,Ｓ級特選,base_color_5_bk,base_color_5,5,,014882,山本　直,,,岡　山,S2,S2,逃,99.38,0,5,2,0,3
40e_64vLzizZus8EyHmUfApYrxvnO1LYKKoPwdrT0Gafjz5yUtCt6guhWY0l45xS,20240306,京王閣,8,F1,Ｓ級特選,base_color_6_bk,base_color_6,6,,013993,佐藤　朋也,,,秋　田,S2,S2,両,97.05,0,0,2,0,0
40e_64vLzizZus8EyHmUfApYrxvnO1LYKKoPwdrT0Gafjz5yUtCt6guhWY0l45xS,20240306,京王閣,8,F1,Ｓ級特選,base_color_7_bk,base_color_7,7,,015323,小原丈一郎,color_blue,追加,青　森,S2,S2,逃,100.73,2,2,1,0,6
40e_64vLzizZus8EyHmUfP1ab4U8uyO-6hNvy7XYa4MXThYSgtwPt8XXni9RRDma,20240306,京王閣,9,F1,Ｓ級特選,base_color_1_bk,base_color_1,1,,015050,堀内　俊介,,,神奈川,S2,S1,逃,103.47,0,2,2,0,4
40e_64vLzizZus8EyHmUfP1ab4U8uyO-6hNvy7XYa4MXThYSgtwPt8XXni9RRDma,20240306,京王閣,9,F1,Ｓ級特選,base_color_2_bk,base_color_2,2,,013240,小林　大介,,,群　馬,S2,S1,追,98.40,0,0,3,1,0
40e_64vLzizZus8EyHmUfP1ab4U8uyO-6hNvy7XYa4MXThYSgtwPt8XXni9RRDma,20240306,京王閣,9,F1,Ｓ級特選,base_color_3_bk,base_color_3,3,,015415,坂本　紘規,,,青　森,S2,S2,逃,100.86,7,1,0,0,14
40e_64vLzizZus8EyHmUfP1ab4U8uyO-6hNvy7XYa4MXThYSgtwPt8XXni9RRDma,20240306,京王閣,9,F1,Ｓ級特選,base_color_4_bk,base_color_4,4,,015443,道場　晃規,color_blue,追加,静　岡,S2,S1,逃,106.76,4,5,1,0,8
40e_64vLzizZus8EyHmUfP1ab4U8uyO-6hNvy7XYa4MXThYSgtwPt8XXni9RRDma,20240306,京王閣,9,F1,Ｓ級特選,base_color_5_bk,base_color_5,5,,013532,佐々木雄一,,,福　島,S1,S1,追,106.52,0,0,6,3,0
40e_64vLzizZus8EyHmUfP1ab4U8uyO-6hNvy7XYa4MXThYSgtwPt8XXni9RRDma,20240306,京王閣,9,F1,Ｓ級特選,base_color_6_bk,base_color_6,6,,015161,吉田　昌司,,,茨　城,A1,S2,逃,97.86,8,1,1,0,12
40e_64vLzizZus8EyHmUfP1ab4U8uyO-6hNvy7XYa4MXThYSgtwPt8XXni9RRDma,20240306,京王閣,9,F1,Ｓ級特選,base_color_7_bk,base_color_7,7,,012881,白戸淳太郎,,,神奈川,S1,S2,追,99.89,0,0,4,1,0
40e_64vLzizZus8EyHmUfK02U6S6YG0vVIhv-O-kxPOfLdQ-sXfO0y9uO4qRP8x9,20240306,京王閣,10,F1,Ｓ級特選,base_color_1_bk,base_color_1,1,,013967,岡本　大嗣,color_blue,追加,東　京,S2,S2,追,103.88,0,0,5,2,0
40e_64vLzizZus8EyHmUfK02U6S6YG0vVIhv-O-kxPOfLdQ-sXfO0y9uO4qRP8x9,20240306,京王閣,10,F1,Ｓ級特選,base_color_2_bk,base_color_2,2,,014322,片岡　迪之,,,岡　山,S1,S1,逃,101.90,5,3,1,0,11
40e_64vLzizZus8EyHmUfK02U6S6YG0vVIhv-O-kxPOfLdQ-sXfO0y9uO4qRP8x9,20240306,京王閣,10,F1,Ｓ級特選,base_color_3_bk,base_color_3,3,,015354,齋木　翔多,,,静　岡,S2,S2,逃,97.86,4,2,0,0,17
40e_64vLzizZus8EyHmUfK02U6S6YG0vVIhv-O-kxPOfLdQ-sXfO0y9uO4qRP8x9,20240306,京王閣,10,F1,Ｓ級特選,base_color_4_bk,base_color_4,4,,014130,竹山　陵太,color_blue,追加,宮　城,S2,S2,追,101.96,0,0,4,1,0
40e_64vLzizZus8EyHmUfK02U6S6YG0vVIhv-O-kxPOfLdQ-sXfO0y9uO4qRP8x9,20240306,京王閣,10,F1,Ｓ級特選,base_color_5_bk,base_color_5,5,,013744,菅原　晃,,,大　分,S2,S2,追,99.86,0,1,3,4,0
40e_64vLzizZus8EyHmUfK02U6S6YG0vVIhv-O-kxPOfLdQ-sXfO0y9uO4qRP8x9,20240306,京王閣,10,F1,Ｓ級特選,base_color_6_bk,base_color_6,6,,013473,大塚　英伸,,,静　岡,S2,S2,追,96.90,0,0,3,0,0
40e_64vLzizZus8EyHmUfK02U6S6YG0vVIhv-O-kxPOfLdQ-sXfO0y9uO4qRP8x9,20240306,京王閣,10,F1,Ｓ級特選,base_color_7_bk,base_color_7,7,,015521,中島　詩音,,,山　梨,S2,S2,逃,104.54,5,2,1,0,13
40e_64vLzizZus8EyHmUfLszdg46SoCBoZSp7KlsTcQwIY57TT3MXqbE_bv5uTff,20240306,京王閣,11,F1,Ａ級決勝,base_color_1_bk,base_color_1,1,,015249,磯川　勝裕,,,東　京,S2,A1,逃,93.75,2,2,0,0,8
40e_64vLzizZus8EyHmUfLszdg46SoCBoZSp7KlsTcQwIY57TT3MXqbE_bv5uTff,20240306,京王閣,11,F1,Ａ級決勝,base_color_2_bk,base_color_2,2,,015282,宮本　隼輔,,,山　口,S1,A1,両,92.00,0,2,1,0,1
40e_64vLzizZus8EyHmUfLszdg46SoCBoZSp7KlsTcQwIY57TT3MXqbE_bv5uTff,20240306,京王閣,11,F1,Ａ級決勝,base_color_3_bk,base_color_3,3,,014341,松尾　玄太,,,佐　賀,A2,A2,追,86.00,0,0,6,3,0
40e_64vLzizZus8EyHmUfLszdg46SoCBoZSp7KlsTcQwIY57TT3MXqbE_bv5uTff,20240306,京王閣,11,F1,Ａ級決勝,base_color_4_bk,base_color_4,4,,014565,中村　健志,,,熊　本,A1,A1,追,90.69,0,0,5,0,0
40e_64vLzizZus8EyHmUfLszdg46SoCBoZSp7KlsTcQwIY57TT3MXqbE_bv5uTff,20240306,京王閣,11,F1,Ａ級決勝,base_color_5_bk,base_color_5,5,,014147,柿沼　信也,,,埼　玉,S2,A1,追,93.60,0,1,5,4,1
40e_64vLzizZus8EyHmUfLszdg46SoCBoZSp7KlsTcQwIY57TT3MXqbE_bv5uTff,20240306,京王閣,11,F1,Ａ級決勝,base_color_6_bk,base_color_6,6,,014851,横内　裕人,,,愛　媛,A1,A1,両,85.46,1,0,3,0,4
40e_64vLzizZus8EyHmUfLszdg46SoCBoZSp7KlsTcQwIY57TT3MXqbE_bv5uTff,20240306,京王閣,11,F1,Ａ級決勝,base_color_7_bk,base_color_7,7,,014139,小田倉勇二,,,埼　玉,A1,A1,両,87.83,4,1,1,1,6
40e_64vLzizZus8EyHmUfOPOzFT-3AhnVFHm5HF98-9JSnYuupqeRIPdgW7LrKgb,20240306,京王閣,12,F1,Ｓ級決勝,base_color_1_bk,base_color_1,1,,015090,高橋　築,,,東　京,S1,S1,両,106.43,0,3,4,1,3
40e_64vLzizZus8EyHmUfOPOzFT-3AhnVFHm5HF98-9JSnYuupqeRIPdgW7LrKgb,20240306,京王閣,12,F1,Ｓ級決勝,base_color_2_bk,base_color_2,2,,015094,佐々木　龍,,,神奈川,S2,S1,追,108.78,0,1,7,6,0
40e_64vLzizZus8EyHmUfOPOzFT-3AhnVFHm5HF98-9JSnYuupqeRIPdgW7LrKgb,20240306,京王閣,12,F1,Ｓ級決勝,base_color_3_bk,base_color_3,3,,014105,阿竹　智史,,,徳　島,S1,S1,両,108.94,0,1,3,2,0
40e_64vLzizZus8EyHmUfOPOzFT-3AhnVFHm5HF98-9JSnYuupqeRIPdgW7LrKgb,20240306,京王閣,12,F1,Ｓ級決勝,base_color_4_bk,base_color_4,4,,014377,岩本　俊介,,,千　葉,S1,S1,逃,110.31,1,7,2,0,6
40e_64vLzizZus8EyHmUfOPOzFT-3AhnVFHm5HF98-9JSnYuupqeRIPdgW7LrKgb,20240306,京王閣,12,F1,Ｓ級決勝,base_color_5_bk,base_color_5,5,,014935,嶋津　拓弥,,,神奈川,S1,S1,両,107.71,0,0,2,0,0
40e_64vLzizZus8EyHmUfOPOzFT-3AhnVFHm5HF98-9JSnYuupqeRIPdgW7LrKgb,20240306,京王閣,12,F1,Ｓ級決勝,base_color_6_bk,base_color_6,6,,012987,堤　洋,,,徳　島,S1,S2,追,103.60,0,0,4,0,0
40e_64vLzizZus8EyHmUfOPOzFT-3AhnVFHm5HF98-9JSnYuupqeRIPdgW7LrKgb,20240306,京王閣,12,F1,Ｓ級決勝,base_color_7_bk,base_color_7,7,,015480,松本秀之介,,,熊　本,S1,S1,逃,106.75,3,5,3,1,4
rBl6u-PQCfnEApS7lfmOvwt8Dk20NE3BsRnLCRdq81CI-U6wXAUq-xsGaTrD5Uzl,20240306,向日町,1,F1,Ａ級一般,base_color_1_bk,base_color_1,1,,015644,中野光太郎,,,徳　島,A2,A2,逃,88.05,5,6,0,1,8
rBl6u-PQCfnEApS7lfmOvwt8Dk20NE3BsRnLCRdq81CI-U6wXAUq-xsGaTrD5Uzl,20240306,向日町,1,F1,Ａ級一般,base_color_2_bk,base_color_2,2,,014678,樋口有樹郎,color_blue,補充,兵　庫,A3,A2,両,77.04,1,1,4,2,2
rBl6u-PQCfnEApS7lfmOvwt8Dk20NE3BsRnLCRdq81CI-U6wXAUq-xsGaTrD5Uzl,20240306,向日町,1,F1,Ａ級一般,base_color_3_bk,base_color_3,3,,014686,秋永　昂人,,,福　岡,A3,A2,両,77.56,0,1,4,1,2
rBl6u-PQCfnEApS7lfmOvwt8Dk20NE3BsRnLCRdq81CI-U6wXAUq-xsGaTrD5Uzl,20240306,向日町,1,F1,Ａ級一般,base_color_4_bk,base_color_4,4,,013888,細川　貴史,,,広　島,A2,A2,追,78.61,0,0,0,0,0
rBl6u-PQCfnEApS7lfmOvwt8Dk20NE3BsRnLCRdq81CI-U6wXAUq-xsGaTrD5Uzl,20240306,向日町,1,F1,Ａ級一般,base_color_5_bk,base_color_5,5,,014637,吉成　貴博,color_blue,追加,熊　本,A2,A2,追,84.41,0,0,4,2,0
rBl6u-PQCfnEApS7lfmOvwt8Dk20NE3BsRnLCRdq81CI-U6wXAUq-xsGaTrD5Uzl,20240306,向日町,1,F1,Ａ級一般,base_color_6_bk,base_color_6,6,,013207,葉狩　伸泰,,,大　阪,A3,A2,両,77.00,1,3,1,0,2
rBl6u-PQCfnEApS7lfmOvwt8Dk20NE3BsRnLCRdq81CI-U6wXAUq-xsGaTrD5Uzl,20240306,向日町,1,F1,Ａ級一般,base_color_7_bk,base_color_7,7,,013506,田村　浩章,,,徳　島,A2,A1,追,82.56,0,0,1,1,0
rBl6u-PQCfnEApS7lfmOv01rryzPiFqBTutr6YRkrQhxo_HfLaxcesl2U1NOXsAE,20240306,向日町,2,F1,Ａ級一般,base_color_1_bk,base_color_1,1,,014316,山崎　光展,color_blue,補充,京　都,A1,A1,両,84.65,0,5,0,2,3
rBl6u-PQCfnEApS7lfmOv01rryzPiFqBTutr6YRkrQhxo_HfLaxcesl2U1NOXsAE,20240306,向日町,2,F1,Ａ級一般,base_color_2_bk,base_color_2,2,,013591,山本　宏明,color_blue,追加,徳　島,A2,A2,追,78.55,0,0,1,1,0
rBl6u-PQCfnEApS7lfmOv01rryzPiFqBTutr6YRkrQhxo_HfLaxcesl2U1NOXsAE,20240306,向日町,2,F1,Ａ級一般,base_color_3_bk,base_color_3,3,,013468,勝俣　亮,color_blue,追加,神奈川,A2,A2,両,82.03,6,1,1,0,15
rBl6u-PQCfnEApS7lfmOv01rryzPiFqBTutr6YRkrQhxo_HfLaxcesl2U1NOXsAE,20240306,向日町,2,F1,Ａ級一般,base_color_4_bk,base_color_4,4,,014402,泉谷　直哉,color_blue,補充,兵　庫,A3,A1,追,83.21,0,1,15,1,0
rBl6u-PQCfnEApS7lfmOv01rryzPiFqBTutr6YRkrQhxo_HfLaxcesl2U1NOXsAE,20240306,向日町,2,F1,Ａ級一般,base_color_5_bk,base_color_5,5,,013371,足達　重満,,,長　崎,A2,A2,追,81.58,0,2,2,0,0
rBl6u-PQCfnEApS7lfmOv01rryzPiFqBTutr6YRkrQhxo_HfLaxcesl2U1NOXsAE,20240306,向日町,2,F1,Ａ級一般,base_color_6_bk,base_color_6,6,,013784,太田　雅之,,,三　重,A2,A2,追,78.00,0,0,0,0,0
rBl6u-PQCfnEApS7lfmOv01rryzPiFqBTutr6YRkrQhxo_HfLaxcesl2U1NOXsAE,20240306,向日町,2,F1,Ａ級一般,base_color_7_bk,base_color_7,7,,012946,亀井　雅斗,,,群　馬,A3,A2,追,79.91,0,2,2,4,1
rBl6u-PQCfnEApS7lfmOv7XFib9rcBpvq2fAs8u32d7mOde7sbG8WFL3Muj3rTbq,20240306,向日町,3,F1,Ａ級特選,base_color_1_bk,base_color_1,1,,013049,南　大輔,,,京　都,A1,A2,追,84.79,0,0,2,1,0
rBl6u-PQCfnEApS7lfmOv7XFib9rcBpvq2fAs8u32d7mOde7sbG8WFL3Muj3rTbq,20240306,向日町,3,F1,Ａ級特選,base_color_2_bk,base_color_2,2,,015602,比佐　宝太,,,福　島,A2,A2,逃,86.75,3,3,0,1,8
rBl6u-PQCfnEApS7lfmOv7XFib9rcBpvq2fAs8u32d7mOde7sbG8WFL3Muj3rTbq,20240306,向日町,3,F1,Ａ級特選,base_color_3_bk,base_color_3,3,,012130,石田　洋秀,,,広　島,A2,A2,追,83.33,0,0,5,3,0
rBl6u-PQCfnEApS7lfmOv7XFib9rcBpvq2fAs8u32d7mOde7sbG8WFL3Muj3rTbq,20240306,向日町,3,F1,Ａ級特選,base_color_4_bk,base_color_4,4,,015012,勝部　貴博,,,福　岡,A1,A1,逃,88.95,6,1,0,0,10
rBl6u-PQCfnEApS7lfmOv7XFib9rcBpvq2fAs8u32d7mOde7sbG8WFL3Muj3rTbq,20240306,向日町,3,F1,Ａ級特選,base_color_5_bk,base_color_5,5,,014603,佐野　洋継,color_blue,追加,京　都,A2,A2,両,82.92,0,1,2,4,0
rBl6u-PQCfnEApS7lfmOv7XFib9rcBpvq2fAs8u32d7mOde7sbG8WFL3Muj3rTbq,20240306,向日町,3,F1,Ａ級特選,base_color_6_bk,base_color_6,6,,014570,松澤　敬輔,,,北海道,A1,A2,両,82.50,0,0,0,0,0
rBl6u-PQCfnEApS7lfmOv7XFib9rcBpvq2fAs8u32d7mOde7sbG8WFL3Muj3rTbq,20240306,向日町,3,F1,Ａ級特選,base_color_7_bk,base_color_7,7,,014321,石坂　永伍,,,岡　山,A1,A1,両,84.60,0,3,5,0,0
rBl6u-PQCfnEApS7lfmOv6te_R8QKC48V-dtN4WDD3tgzs6lC1y2Y4RPZhqvid4X,20240306,向日町,4,F1,Ａ級特選,base_color_1_bk,base_color_1,1,,014938,夏目　新吾,,,静　岡,A2,A2,逃,83.77,5,0,0,0,11
rBl6u-PQCfnEApS7lfmOv6te_R8QKC48V-dtN4WDD3tgzs6lC1y2Y4RPZhqvid4X,20240306,向日町,4,F1,Ａ級特選,base_color_2_bk,base_color_2,2,,014110,廣川　泰昭,,,愛　媛,S2,A1,追,90.96,0,0,0,2,0
rBl6u-PQCfnEApS7lfmOv6te_R8QKC48V-dtN4WDD3tgzs6lC1y2Y4RPZhqvid4X,20240306,向日町,4,F1,Ａ級特選,base_color_3_bk,base_color_3,3,,013477,宮司　周郎,,,愛　知,A1,A1,追,86.93,0,0,6,2,0
rBl6u-PQCfnEApS7lfmOv6te_R8QKC48V-dtN4WDD3tgzs6lC1y2Y4RPZhqvid4X,20240306,向日町,4,F1,Ａ級特選,base_color_4_bk,base_color_4,4,,011800,三住　博昭,color_blue,追加,神奈川,A1,A1,追,89.21,0,1,9,1,0
rBl6u-PQCfnEApS7lfmOv6te_R8QKC48V-dtN4WDD3tgzs6lC1y2Y4RPZhqvid4X,20240306,向日町,4,F1,Ａ級特選,base_color_5_bk,base_color_5,5,,015233,渋谷　海,,,香　川,A1,A1,逃,85.35,0,3,0,0,4
rBl6u-PQCfnEApS7lfmOv6te_R8QKC48V-dtN4WDD3tgzs6lC1y2Y4RPZhqvid4X,20240306,向日町,4,F1,Ａ級特選,base_color_6_bk,base_color_6,6,,014563,興呂木雄治,,,熊　本,A3,A2,両,79.58,0,1,4,1,1
rBl6u-PQCfnEApS7lfmOv6te_R8QKC48V-dtN4WDD3tgzs6lC1y2Y4RPZhqvid4X,20240306,向日町,4,F1,Ａ級特選,base_color_7_bk,base_color_7,7,,013271,鮒田　博文,,,三　重,A2,A2,追,81.70,0,0,1,0,0
rBl6u-PQCfnEApS7lfmOvwklxId0yxPpFwssldYpJKN3NH5AU2TIhYuqL2CMnPbH,20240306,向日町,5,F1,Ｓ級一般,base_color_1_bk,base_color_1,1,,014143,天田　裕輝,,,群　馬,S2,S1,両,95.00,0,0,0,0,0
rBl6u-PQCfnEApS7lfmOvwklxId0yxPpFwssldYpJKN3NH5AU2TIhYuqL2CMnPbH,20240306,向日町,5,F1,Ｓ級一般,base_color_2_bk,base_color_2,2,,013054,石丸　寛之,,,岡　山,S2,S2,追,97.82,0,1,3,3,0
rBl6u-PQCfnEApS7lfmOvwklxId0yxPpFwssldYpJKN3NH5AU2TIhYuqL2CMnPbH,20240306,向日町,5,F1,Ｓ級一般,base_color_3_bk,base_color_3,3,,013996,丸山　貴秀,,,秋　田,S2,S2,追,97.06,0,0,1,1,0
rBl6u-PQCfnEApS7lfmOvwklxId0yxPpFwssldYpJKN3NH5AU2TIhYuqL2CMnPbH,20240306,向日町,5,F1,Ｓ級一般,base_color_4_bk,base_color_4,4,,013242,尾崎　剛,,,埼　玉,A1,S2,追,93.80,0,0,3,1,0
rBl6u-PQCfnEApS7lfmOvwklxId0yxPpFwssldYpJKN3NH5AU2TIhYuqL2CMnPbH,20240306,向日町,5,F1,Ｓ級一般,base_color_5_bk,base_color_5,5,,013805,溪　飛雄馬,,,愛　媛,A1,S2,追,95.86,0,0,3,2,0
rBl6u-PQCfnEApS7lfmOvwklxId0yxPpFwssldYpJKN3NH5AU2TIhYuqL2CMnPbH,20240306,向日町,5,F1,Ｓ級一般,base_color_6_bk,base_color_6,6,,015509,木村　佑来,,,宮　城,A1,S2,逃,93.77,3,1,0,0,10
rBl6u-PQCfnEApS7lfmOvwklxId0yxPpFwssldYpJKN3NH5AU2TIhYuqL2CMnPbH,20240306,向日町,5,F1,Ｓ級一般,base_color_7_bk,base_color_7,7,,013632,川口　直人,,,神奈川,S2,S2,追,100.76,0,0,4,3,0
rBl6u-PQCfnEApS7lfmOv2N8W4tdeu022tyY_qgKI2_5TzzIk4_OUbNIIxC2Rre1,20240306,向日町,6,F1,Ｓ級一般,base_color_1_bk,base_color_1,1,,013514,山口　貴嗣,color_blue,追加,福　岡,S2,S2,追,98.28,0,0,2,0,0
rBl6u-PQCfnEApS7lfmOv2N8W4tdeu022tyY_qgKI2_5TzzIk4_OUbNIIxC2Rre1,20240306,向日町,6,F1,Ｓ級一般,base_color_2_bk,base_color_2,2,,014454,上原　龍,,,長　野,S2,S2,両,95.88,0,0,3,0,0
rBl6u-PQCfnEApS7lfmOv2N8W4tdeu022tyY_qgKI2_5TzzIk4_OUbNIIxC2Rre1,20240306,向日町,6,F1,Ｓ級一般,base_color_3_bk,base_color_3,3,,014978,谷口　明正,,,三　重,S2,S2,両,97.00,0,3,1,0,2
rBl6u-PQCfnEApS7lfmOv2N8W4tdeu022tyY_qgKI2_5TzzIk4_OUbNIIxC2Rre1,20240306,向日町,6,F1,Ｓ級一般,base_color_4_bk,base_color_4,4,,012785,小橋　明紀,color_blue,追加,青　森,A1,S2,追,92.03,0,0,3,2,0
rBl6u-PQCfnEApS7lfmOv2N8W4tdeu022tyY_qgKI2_5TzzIk4_OUbNIIxC2Rre1,20240306,向日町,6,F1,Ｓ級一般,base_color_5_bk,base_color_5,5,,014692,森山　智徳,,,熊　本,S2,S2,両,98.62,0,3,1,0,6
rBl6u-PQCfnEApS7lfmOv2N8W4tdeu022tyY_qgKI2_5TzzIk4_OUbNIIxC2Rre1,20240306,向日町,6,F1,Ｓ級一般,base_color_6_bk,base_color_6,6,,012971,小川　将人,,,愛　知,A1,S2,追,90.23,0,0,0,1,0
rBl6u-PQCfnEApS7lfmOv2N8W4tdeu022tyY_qgKI2_5TzzIk4_OUbNIIxC2Rre1,20240306,向日町,6,F1,Ｓ級一般,base_color_7_bk,base_color_7,7,,015424,中村　隆生,,,栃　木,A1,S2,逃,92.56,1,2,1,0,5
rBl6u-PQCfnEApS7lfmOv-KFz8wqG-XNdH8RwcBu6iVGibwxrseyFkA5VFHqnrwD,20240306,向日町,7,F1,Ｓ級一般,base_color_1_bk,base_color_1,1,,013497,藤田　昌宏,,,岡　山,S2,S2,追,96.38,1,1,2,4,5
rBl6u-PQCfnEApS7lfmOv-KFz8wqG-XNdH8RwcBu6iVGibwxrseyFkA5VFHqnrwD,20240306,向日町,7,F1,Ｓ級一般,base_color_2_bk,base_color_2,2,,012519,藤原　誠,,,岐　阜,S2,S2,追,94.60,0,0,1,0,0
rBl6u-PQCfnEApS7lfmOv-KFz8wqG-XNdH8RwcBu6iVGibwxrseyFkA5VFHqnrwD,20240306,向日町,7,F1,Ｓ級一般,base_color_3_bk,base_color_3,3,,014862,坂本将太郎,,,栃　木,S2,S2,追,93.47,0,0,0,1,0
rBl6u-PQCfnEApS7lfmOv-KFz8wqG-XNdH8RwcBu6iVGibwxrseyFkA5VFHqnrwD,20240306,向日町,7,F1,Ｓ級一般,base_color_4_bk,base_color_4,4,,012541,室井　健一,color_blue,追加,徳　島,S1,S1,追,101.11,0,0,2,2,0
rBl6u-PQCfnEApS7lfmOv-KFz8wqG-XNdH8RwcBu6iVGibwxrseyFkA5VFHqnrwD,20240306,向日町,7,F1,Ｓ級一般,base_color_5_bk,base_color_5,5,,013798,木村　直隆,,,兵　庫,A1,S2,追,98.04,0,0,3,2,0
rBl6u-PQCfnEApS7lfmOv-KFz8wqG-XNdH8RwcBu6iVGibwxrseyFkA5VFHqnrwD,20240306,向日町,7,F1,Ｓ級一般,base_color_6_bk,base_color_6,6,,013005,小笠原昭太,,,青　森,A1,S2,追,91.87,0,0,0,1,0
rBl6u-PQCfnEApS7lfmOv-KFz8wqG-XNdH8RwcBu6iVGibwxrseyFkA5VFHqnrwD,20240306,向日町,7,F1,Ｓ級一般,base_color_7_bk,base_color_7,7,,015366,張野　幸聖,,,和歌山,S2,S2,逃,97.05,2,3,1,0,6
rBl6u-PQCfnEApS7lfmOv950mbfJ9vRZRpv4mQkwsD9YIYXWDFIzeuwoixPHEnKk,20240306,向日町,8,F1,Ｓ級特選,base_color_1_bk,base_color_1,1,,014624,柳詰　正宏,,,福　岡,S1,S1,追,104.00,0,0,2,1,0
rBl6u-PQCfnEApS7lfmOv950mbfJ9vRZRpv4mQkwsD9YIYXWDFIzeuwoixPHEnKk,20240306,向日町,8,F1,Ｓ級特選,base_color_2_bk,base_color_2,2,,015096,大石　剣士,,,静　岡,S1,S1,逃,107.16,7,2,1,0,15
rBl6u-PQCfnEApS7lfmOv950mbfJ9vRZRpv4mQkwsD9YIYXWDFIzeuwoixPHEnKk,20240306,向日町,8,F1,Ｓ級特選,base_color_3_bk,base_color_3,3,,015365,古賀　勝大,,,和歌山,S2,S2,逃,104.22,1,1,3,6,1
rBl6u-PQCfnEApS7lfmOv950mbfJ9vRZRpv4mQkwsD9YIYXWDFIzeuwoixPHEnKk,20240306,向日町,8,F1,Ｓ級特選,base_color_4_bk,base_color_4,4,,015196,小川　丈太,,,徳　島,S2,S2,逃,102.47,0,8,1,0,2
rBl6u-PQCfnEApS7lfmOv950mbfJ9vRZRpv4mQkwsD9YIYXWDFIzeuwoixPHEnKk,20240306,向日町,8,F1,Ｓ級特選,base_color_5_bk,base_color_5,5,,013944,桐山敬太郎,,,神奈川,S1,S2,両,100.16,0,1,2,2,0
rBl6u-PQCfnEApS7lfmOv950mbfJ9vRZRpv4mQkwsD9YIYXWDFIzeuwoixPHEnKk,20240306,向日町,8,F1,Ｓ級特選,base_color_6_bk,base_color_6,6,,014831,伊藤　裕貴,,,三　重,S2,S2,両,99.61,2,1,4,1,5
rBl6u-PQCfnEApS7lfmOv950mbfJ9vRZRpv4mQkwsD9YIYXWDFIzeuwoixPHEnKk,20240306,向日町,8,F1,Ｓ級特選,base_color_7_bk,base_color_7,7,,013850,山賀　雅仁,,,千　葉,S2,S1,両,104.53,0,2,4,0,1
rBl6u-PQCfnEApS7lfmOv7rkhF-HzwPVk6rv9EffzjqrJp8Jvsks8mqfAtv-E2CJ,20240306,向日町,9,F1,Ｓ級特選,base_color_1_bk,base_color_1,1,,014318,椎木尾拓哉,,,和歌山,S1,S1,追,107.33,0,1,7,2,0
rBl6u-PQCfnEApS7lfmOv7rkhF-HzwPVk6rv9EffzjqrJp8Jvsks8mqfAtv-E2CJ,20240306,向日町,9,F1,Ｓ級特選,base_color_2_bk,base_color_2,2,,014235,鈴木　庸之,,,新　潟,S1,S2,両,104.29,0,1,3,2,0
rBl6u-PQCfnEApS7lfmOv7rkhF-HzwPVk6rv9EffzjqrJp8Jvsks8mqfAtv-E2CJ,20240306,向日町,9,F1,Ｓ級特選,base_color_3_bk,base_color_3,3,,013074,島田　竜二,,,熊　本,S2,S1,追,103.53,0,1,9,1,1
rBl6u-PQCfnEApS7lfmOv7rkhF-HzwPVk6rv9EffzjqrJp8Jvsks8mqfAtv-E2CJ,20240306,向日町,9,F1,Ｓ級特選,base_color_4_bk,base_color_4,4,,014478,内山　貴裕,,,京　都,S2,S2,追,98.71,0,0,1,1,0
rBl6u-PQCfnEApS7lfmOv7rkhF-HzwPVk6rv9EffzjqrJp8Jvsks8mqfAtv-E2CJ,20240306,向日町,9,F1,Ｓ級特選,base_color_5_bk,base_color_5,5,,015066,原口　昌平,,,福　岡,S2,S2,逃,100.55,3,4,1,0,4
rBl6u-PQCfnEApS7lfmOv7rkhF-HzwPVk6rv9EffzjqrJp8Jvsks8mqfAtv-E2CJ,20240306,向日町,9,F1,Ｓ級特選,base_color_6_bk,base_color_6,6,,014655,山口　翼,,,茨　城,S2,S2,逃,98.45,1,3,2,1,4
rBl6u-PQCfnEApS7lfmOv7rkhF-HzwPVk6rv9EffzjqrJp8Jvsks8mqfAtv-E2CJ,20240306,向日町,9,F1,Ｓ級特選,base_color_7_bk,base_color_7,7,,015186,南　潤,,,和歌山,S2,S1,逃,101.28,7,1,1,0,10
rBl6u-PQCfnEApS7lfmOv3Z-Yllky--gADOCoaaJcMnchIHhYNZJ1HTxKClsdLVO,20240306,向日町,10,F1,Ｓ級特選,base_color_1_bk,base_color_1,1,,013118,山内　卓也,,,愛　知,S2,S2,追,101.28,0,0,4,2,0
rBl6u-PQCfnEApS7lfmOv3Z-Yllky--gADOCoaaJcMnchIHhYNZJ1HTxKClsdLVO,20240306,向日町,10,F1,Ｓ級特選,base_color_2_bk,base_color_2,2,,013978,菊地　圭尚,,,北海道,S1,S1,両,103.15,0,0,3,2,0
rBl6u-PQCfnEApS7lfmOv3Z-Yllky--gADOCoaaJcMnchIHhYNZJ1HTxKClsdLVO,20240306,向日町,10,F1,Ｓ級特選,base_color_3_bk,base_color_3,3,,015122,島川　将貴,,,徳　島,S1,S1,逃,111.12,3,10,3,2,8
rBl6u-PQCfnEApS7lfmOv3Z-Yllky--gADOCoaaJcMnchIHhYNZJ1HTxKClsdLVO,20240306,向日町,10,F1,Ｓ級特選,base_color_4_bk,base_color_4,4,,014817,佐藤　壮,,,千　葉,S2,S2,追,104.76,0,0,3,3,0
rBl6u-PQCfnEApS7lfmOv3Z-Yllky--gADOCoaaJcMnchIHhYNZJ1HTxKClsdLVO,20240306,向日町,10,F1,Ｓ級特選,base_color_5_bk,base_color_5,5,,014190,木村　隆弘,,,徳　島,S1,S2,追,105.32,0,0,7,2,0
rBl6u-PQCfnEApS7lfmOv3Z-Yllky--gADOCoaaJcMnchIHhYNZJ1HTxKClsdLVO,20240306,向日町,10,F1,Ｓ級特選,base_color_6_bk,base_color_6,6,,014309,水谷　好宏,,,大　阪,S2,S2,両,98.62,0,3,7,0,3
rBl6u-PQCfnEApS7lfmOv3Z-Yllky--gADOCoaaJcMnchIHhYNZJ1HTxKClsdLVO,20240306,向日町,10,F1,Ｓ級特選,base_color_7_bk,base_color_7,7,,014800,伊東　翔貴,,,福　島,S2,S2,逃,100.11,1,3,2,0,5
rBl6u-PQCfnEApS7lfmOv54DXora1xU5heLsvY74JtcJTsBTrPrLavSjQnngN6Dp,20240306,向日町,11,F1,Ａ級決勝,base_color_1_bk,base_color_1,1,,013800,中村　一将,,,兵　庫,S2,A1,両,94.76,5,8,0,1,11
rBl6u-PQCfnEApS7lfmOv54DXora1xU5heLsvY74JtcJTsBTrPrLavSjQnngN6Dp,20240306,向日町,11,F1,Ａ級決勝,base_color_2_bk,base_color_2,2,,013576,土岐　幹多,,,岐　阜,S2,A1,追,91.04,0,0,3,1,0
rBl6u-PQCfnEApS7lfmOv54DXora1xU5heLsvY74JtcJTsBTrPrLavSjQnngN6Dp,20240306,向日町,11,F1,Ａ級決勝,base_color_3_bk,base_color_3,3,,015601,五十嵐　綾,,,福　島,A2,A1,逃,93.68,2,8,1,1,3
rBl6u-PQCfnEApS7lfmOv54DXora1xU5heLsvY74JtcJTsBTrPrLavSjQnngN6Dp,20240306,向日町,11,F1,Ａ級決勝,base_color_4_bk,base_color_4,4,,014024,櫻井　丈,,,静　岡,A1,A1,追,88.20,0,0,3,2,0
rBl6u-PQCfnEApS7lfmOv54DXora1xU5heLsvY74JtcJTsBTrPrLavSjQnngN6Dp,20240306,向日町,11,F1,Ａ級決勝,base_color_5_bk,base_color_5,5,,015541,石塚慶一郎,,,和歌山,A1,A1,逃,89.26,2,5,0,0,3
rBl6u-PQCfnEApS7lfmOv54DXora1xU5heLsvY74JtcJTsBTrPrLavSjQnngN6Dp,20240306,向日町,11,F1,Ａ級決勝,base_color_6_bk,base_color_6,6,,013580,河村　章憲,,,京　都,A1,A1,追,86.57,0,0,7,5,0
rBl6u-PQCfnEApS7lfmOv54DXora1xU5heLsvY74JtcJTsBTrPrLavSjQnngN6Dp,20240306,向日町,11,F1,Ａ級決勝,base_color_7_bk,base_color_7,7,,014646,三浦　雄大,,,宮　城,S2,A1,追,92.84,0,0,0,2,0
rBl6u-PQCfnEApS7lfmOv1yqA0pySZZR5sKwT6yHVjxdxsCO7Fa3JWP3rLoZj1zt,20240306,向日町,12,F1,Ｓ級決勝,base_color_1_bk,base_color_1,1,,013790,稲垣　裕之,,,京　都,S1,S1,両,106.15,0,0,6,4,0
rBl6u-PQCfnEApS7lfmOv1yqA0pySZZR5sKwT6yHVjxdxsCO7Fa3JWP3rLoZj1zt,20240306,向日町,12,F1,Ｓ級決勝,base_color_2_bk,base_color_2,2,,014002,渡部　幸訓,,,福　島,S1,S1,追,110.82,0,0,4,3,0
rBl6u-PQCfnEApS7lfmOv1yqA0pySZZR5sKwT6yHVjxdxsCO7Fa3JWP3rLoZj1zt,20240306,向日町,12,F1,Ｓ級決勝,base_color_3_bk,base_color_3,3,,014804,横山　尚則,,,茨　城,S1,S1,追,107.95,0,0,7,3,0
rBl6u-PQCfnEApS7lfmOv1yqA0pySZZR5sKwT6yHVjxdxsCO7Fa3JWP3rLoZj1zt,20240306,向日町,12,F1,Ｓ級決勝,base_color_4_bk,base_color_4,4,,014995,渡邉　雄太,,,静　岡,S1,S1,逃,107.06,0,3,0,0,1
rBl6u-PQCfnEApS7lfmOv1yqA0pySZZR5sKwT6yHVjxdxsCO7Fa3JWP3rLoZj1zt,20240306,向日町,12,F1,Ｓ級決勝,base_color_5_bk,base_color_5,5,,014348,坂本　貴史,color_blue,追加,青　森,S1,S1,両,105.73,3,7,1,1,5
rBl6u-PQCfnEApS7lfmOv1yqA0pySZZR5sKwT6yHVjxdxsCO7Fa3JWP3rLoZj1zt,20240306,向日町,12,F1,Ｓ級決勝,base_color_6_bk,base_color_6,6,,015458,貴志　修己,color_blue,追加,和歌山,S2,S2,逃,102.05,2,2,0,0,13
rBl6u-PQCfnEApS7lfmOv1yqA0pySZZR5sKwT6yHVjxdxsCO7Fa3JWP3rLoZj1zt,20240306,向日町,12,F1,Ｓ級決勝,base_color_7_bk,base_color_7,7,,014231,河村　雅章,,,東　京,S1,S2,両,103.33,0,4,2,0,0
TzXNr1IyQYXd8vmMpJjd_7Pmf2_8Zol9Lh3GjXueQSPI0UixsXC1_ajaD8ht8Oci,20240306,小倉,1,F1,Ａ級予選,base_color_1_bk,base_color_1,1,,012981,片山　弘城,,,大　阪,A2,A2,追,81.86,0,0,1,0,0
TzXNr1IyQYXd8vmMpJjd_7Pmf2_8Zol9Lh3GjXueQSPI0UixsXC1_ajaD8ht8Oci,20240306,小倉,1,F1,Ａ級予選,base_color_2_bk,base_color_2,2,,015567,北川　大成,,,熊　本,A2,A2,逃,82.64,2,1,0,0,3
TzXNr1IyQYXd8vmMpJjd_7Pmf2_8Zol9Lh3GjXueQSPI0UixsXC1_ajaD8ht8Oci,20240306,小倉,1,F1,Ａ級予選,base_color_3_bk,base_color_3,3,,015550,山崎　航,,,山　口,A2,A2,逃,86.79,4,3,0,1,12
TzXNr1IyQYXd8vmMpJjd_7Pmf2_8Zol9Lh3GjXueQSPI0UixsXC1_ajaD8ht8Oci,20240306,小倉,1,F1,Ａ級予選,base_color_4_bk,base_color_4,4,,013822,米原　大輔,,,沖　縄,A1,A1,追,81.84,0,0,1,0,0
TzXNr1IyQYXd8vmMpJjd_7Pmf2_8Zol9Lh3GjXueQSPI0UixsXC1_ajaD8ht8Oci,20240306,小倉,1,F1,Ａ級予選,base_color_5_bk,base_color_5,5,,015275,伊藤　歩登,,,兵　庫,A1,A1,逃,85.66,4,0,0,0,6
TzXNr1IyQYXd8vmMpJjd_7Pmf2_8Zol9Lh3GjXueQSPI0UixsXC1_ajaD8ht8Oci,20240306,小倉,1,F1,Ａ級予選,base_color_6_bk,base_color_6,6,,012348,飯田　威文,,,埼　玉,A2,A1,追,79.50,0,0,0,1,0
TzXNr1IyQYXd8vmMpJjd_7Pmf2_8Zol9Lh3GjXueQSPI0UixsXC1_ajaD8ht8Oci,20240306,小倉,1,F1,Ａ級予選,base_color_7_bk,base_color_7,7,,012760,櫻井　宏智,color_blue,追加,広　島,A2,A2,追,83.38,0,0,2,2,0
TzXNr1IyQYXd8vmMpJjd_8h8NL7knIwbEpuNrgWEov-xLEchJL4F1Tkz7owhtCZq,20240306,小倉,2,F1,Ａ級予選,base_color_1_bk,base_color_1,1,,014261,作田　悦章,color_blue,追加,徳　島,A2,A1,両,83.76,0,0,3,3,0
TzXNr1IyQYXd8vmMpJjd_8h8NL7knIwbEpuNrgWEov-xLEchJL4F1Tkz7owhtCZq,20240306,小倉,2,F1,Ａ級予選,base_color_2_bk,base_color_2,2,,014062,齋藤　昌弘,,,群　馬,A2,A2,追,81.15,0,0,1,1,1
TzXNr1IyQYXd8vmMpJjd_8h8NL7knIwbEpuNrgWEov-xLEchJL4F1Tkz7owhtCZq,20240306,小倉,2,F1,Ａ級予選,base_color_3_bk,base_color_3,3,,012891,朝日　勇,,,愛　知,A1,A1,追,87.11,0,0,5,4,0
TzXNr1IyQYXd8vmMpJjd_8h8NL7knIwbEpuNrgWEov-xLEchJL4F1Tkz7owhtCZq,20240306,小倉,2,F1,Ａ級予選,base_color_4_bk,base_color_4,4,,015277,高井　流星,,,岡　山,A1,A1,逃,86.60,2,5,0,0,11
TzXNr1IyQYXd8vmMpJjd_8h8NL7knIwbEpuNrgWEov-xLEchJL4F1Tkz7owhtCZq,20240306,小倉,2,F1,Ａ級予選,base_color_5_bk,base_color_5,5,,014776,川上　修平,,,高　知,A2,A2,追,80.83,0,0,1,1,0
TzXNr1IyQYXd8vmMpJjd_8h8NL7knIwbEpuNrgWEov-xLEchJL4F1Tkz7owhtCZq,20240306,小倉,2,F1,Ａ級予選,base_color_6_bk,base_color_6,6,,014430,橋本　祐司,,,青　森,A2,A2,追,76.22,0,0,0,0,0
TzXNr1IyQYXd8vmMpJjd_8h8NL7knIwbEpuNrgWEov-xLEchJL4F1Tkz7owhtCZq,20240306,小倉,2,F1,Ａ級予選,base_color_7_bk,base_color_7,7,,015627,南儀　拓海,,,富　山,A2,A2,逃,85.33,9,2,0,0,18
TzXNr1IyQYXd8vmMpJjd_-cZpRvw8AWbEekHm1E-Lulc0bOzGJF-bXZ_A-7EECZd,20240306,小倉,3,F1,Ａ級予選,base_color_1_bk,base_color_1,1,,012850,渡邉　満,,,福　岡,A2,A2,追,80.75,0,0,0,0,0
TzXNr1IyQYXd8vmMpJjd_-cZpRvw8AWbEekHm1E-Lulc0bOzGJF-bXZ_A-7EECZd,20240306,小倉,3,F1,Ａ級予選,base_color_2_bk,base_color_2,2,,014413,松本　充生,,,愛　媛,A2,A2,両,80.83,0,1,1,0,0
TzXNr1IyQYXd8vmMpJjd_-cZpRvw8AWbEekHm1E-Lulc0bOzGJF-bXZ_A-7EECZd,20240306,小倉,3,F1,Ａ級予選,base_color_3_bk,base_color_3,3,,015044,平川　雅晃,,,長　野,A2,A2,逃,81.11,5,0,0,0,10
TzXNr1IyQYXd8vmMpJjd_-cZpRvw8AWbEekHm1E-Lulc0bOzGJF-bXZ_A-7EECZd,20240306,小倉,3,F1,Ａ級予選,base_color_4_bk,base_color_4,4,,014823,渡辺　聖,,,神奈川,A2,A2,追,84.66,0,0,1,2,0
TzXNr1IyQYXd8vmMpJjd_-cZpRvw8AWbEekHm1E-Lulc0bOzGJF-bXZ_A-7EECZd,20240306,小倉,3,F1,Ａ級予選,base_color_5_bk,base_color_5,5,,012997,後田　康成,,,長　崎,A3,A2,追,75.08,0,0,0,2,0
TzXNr1IyQYXd8vmMpJjd_-cZpRvw8AWbEekHm1E-Lulc0bOzGJF-bXZ_A-7EECZd,20240306,小倉,3,F1,Ａ級予選,base_color_6_bk,base_color_6,6,,015345,浅見　隼,,,福　岡,S2,A1,逃,0.00,0,0,0,0,0
TzXNr1IyQYXd8vmMpJjd_-cZpRvw8AWbEekHm1E-Lulc0bOzGJF-bXZ_A-7EECZd,20240306,小倉,3,F1,Ａ級予選,base_color_7_bk,base_color_7,7,,015379,下野　義城,,,愛　媛,A1,A1,逃,83.07,2,3,0,1,10
TzXNr1IyQYXd8vmMpJjd_58uElfZ30-LAgnDLo7Bz3Xe75IwLiEaUbWgmW06vIgx,20240306,小倉,4,F1,Ａ級予選,base_color_1_bk,base_color_1,1,,012202,望月裕一郎,,,静　岡,A1,A2,追,83.18,0,0,1,2,0
TzXNr1IyQYXd8vmMpJjd_58uElfZ30-LAgnDLo7Bz3Xe75IwLiEaUbWgmW06vIgx,20240306,小倉,4,F1,Ａ級予選,base_color_2_bk,base_color_2,2,,014778,宮崎　一彰,,,高　知,A1,A1,両,87.30,0,4,1,0,2
TzXNr1IyQYXd8vmMpJjd_58uElfZ30-LAgnDLo7Bz3Xe75IwLiEaUbWgmW06vIgx,20240306,小倉,4,F1,Ａ級予選,base_color_3_bk,base_color_3,3,,011817,有賀　高士,,,石　川,A3,A1,追,82.40,0,0,3,5,0
TzXNr1IyQYXd8vmMpJjd_58uElfZ30-LAgnDLo7Bz3Xe75IwLiEaUbWgmW06vIgx,20240306,小倉,4,F1,Ａ級予選,base_color_4_bk,base_color_4,4,,015273,中武三四郎,color_blue,追加,大　阪,A1,A2,逃,85.08,7,2,0,0,15
TzXNr1IyQYXd8vmMpJjd_58uElfZ30-LAgnDLo7Bz3Xe75IwLiEaUbWgmW06vIgx,20240306,小倉,4,F1,Ａ級予選,base_color_5_bk,base_color_5,5,,015544,大槇　大介,,,岡　山,A3,A2,逃,87.83,1,2,2,0,3
TzXNr1IyQYXd8vmMpJjd_58uElfZ30-LAgnDLo7Bz3Xe75IwLiEaUbWgmW06vIgx,20240306,小倉,4,F1,Ａ級予選,base_color_6_bk,base_color_6,6,,012593,山田　圭二,,,愛　知,A3,A2,追,75.50,0,0,2,0,0
TzXNr1IyQYXd8vmMpJjd_58uElfZ30-LAgnDLo7Bz3Xe75IwLiEaUbWgmW06vIgx,20240306,小倉,4,F1,Ａ級予選,base_color_7_bk,base_color_7,7,,014989,鈴木　豪,,,福　島,A2,A2,逃,81.90,0,0,0,1,4
TzXNr1IyQYXd8vmMpJjd_7DNrPOTXR3dts-5ZMA_wikgr9cvaRmpxCTTkxSXVJxw,20240306,小倉,5,F1,Ａ級初日特選,base_color_1_bk,base_color_1,1,,013827,佐藤　雅彦,,,宮　城,S2,A1,追,95.04,0,0,2,3,1
TzXNr1IyQYXd8vmMpJjd_7DNrPOTXR3dts-5ZMA_wikgr9cvaRmpxCTTkxSXVJxw,20240306,小倉,5,F1,Ａ級初日特選,base_color_2_bk,base_color_2,2,,015052,渡邉　豪大,,,福　岡,S2,A1,両,97.40,0,5,10,3,1
TzXNr1IyQYXd8vmMpJjd_7DNrPOTXR3dts-5ZMA_wikgr9cvaRmpxCTTkxSXVJxw,20240306,小倉,5,F1,Ａ級初日特選,base_color_3_bk,base_color_3,3,,014510,菅谷　隆司,,,東　京,A1,A1,両,91.50,2,5,2,2,9
TzXNr1IyQYXd8vmMpJjd_7DNrPOTXR3dts-5ZMA_wikgr9cvaRmpxCTTkxSXVJxw,20240306,小倉,5,F1,Ａ級初日特選,base_color_4_bk,base_color_4,4,,014883,才迫　開,,,広　島,S1,A1,両,92.40,0,5,1,0,2
TzXNr1IyQYXd8vmMpJjd_7DNrPOTXR3dts-5ZMA_wikgr9cvaRmpxCTTkxSXVJxw,20240306,小倉,5,F1,Ａ級初日特選,base_color_5_bk,base_color_5,5,,014715,高橋　幸司,,,山　形,A1,A1,逃,92.37,3,2,0,0,4
TzXNr1IyQYXd8vmMpJjd_7DNrPOTXR3dts-5ZMA_wikgr9cvaRmpxCTTkxSXVJxw,20240306,小倉,5,F1,Ａ級初日特選,base_color_6_bk,base_color_6,6,,013947,石橋慎太郎,,,静　岡,A1,A1,追,89.50,0,1,4,1,0
TzXNr1IyQYXd8vmMpJjd_7DNrPOTXR3dts-5ZMA_wikgr9cvaRmpxCTTkxSXVJxw,20240306,小倉,5,F1,Ａ級初日特選,base_color_7_bk,base_color_7,7,,012628,阪本　正和,color_blue,追加,長　崎,S2,A1,追,91.66,0,0,3,0,0
TzXNr1IyQYXd8vmMpJjd_3YdtNQZIf6WAKbb1TUxFg27gLhinEa_YbP7YgKSlNfI,20240306,小倉,6,F1,Ｓ級予選,base_color_1_bk,base_color_1,1,,014955,市橋司優人,,,福　岡,S2,S2,両,96.58,0,0,0,0,2
TzXNr1IyQYXd8vmMpJjd_3YdtNQZIf6WAKbb1TUxFg27gLhinEa_YbP7YgKSlNfI,20240306,小倉,6,F1,Ｓ級予選,base_color_2_bk,base_color_2,2,,015349,寺沼　拓摩,,,東　京,S2,S2,逃,105.35,2,3,0,0,3
TzXNr1IyQYXd8vmMpJjd_3YdtNQZIf6WAKbb1TUxFg27gLhinEa_YbP7YgKSlNfI,20240306,小倉,6,F1,Ｓ級予選,base_color_3_bk,base_color_3,3,,013129,原田　隆,,,大　阪,S2,S2,追,92.92,0,0,0,1,0
TzXNr1IyQYXd8vmMpJjd_3YdtNQZIf6WAKbb1TUxFg27gLhinEa_YbP7YgKSlNfI,20240306,小倉,6,F1,Ｓ級予選,base_color_4_bk,base_color_4,4,,014196,小林　弘和,,,佐　賀,S2,S2,追,96.28,0,0,0,0,0
TzXNr1IyQYXd8vmMpJjd_3YdtNQZIf6WAKbb1TUxFg27gLhinEa_YbP7YgKSlNfI,20240306,小倉,6,F1,Ｓ級予選,base_color_5_bk,base_color_5,5,,012972,金子　貴志,,,愛　知,S2,S2,追,92.17,0,0,0,0,0
TzXNr1IyQYXd8vmMpJjd_3YdtNQZIf6WAKbb1TUxFg27gLhinEa_YbP7YgKSlNfI,20240306,小倉,6,F1,Ｓ級予選,base_color_6_bk,base_color_6,6,,015058,中西　大,,,和歌山,S1,S1,逃,0.00,0,0,0,0,0
TzXNr1IyQYXd8vmMpJjd_3YdtNQZIf6WAKbb1TUxFg27gLhinEa_YbP7YgKSlNfI,20240306,小倉,6,F1,Ｓ級予選,base_color_7_bk,base_color_7,7,,014076,志村　太賀,,,山　梨,S2,S2,追,101.85,0,0,4,1,0
TzXNr1IyQYXd8vmMpJjd_8FN9tMFg3afBXRGIydJ_UdI-yawDGAiv0kfk9DLiby0,20240306,小倉,7,F1,Ｓ級予選,base_color_1_bk,base_color_1,1,,014103,村田　雅一,,,兵　庫,S2,S1,追,104.53,0,0,7,4,0
TzXNr1IyQYXd8vmMpJjd_8FN9tMFg3afBXRGIydJ_UdI-yawDGAiv0kfk9DLiby0,20240306,小倉,7,F1,Ｓ級予選,base_color_2_bk,base_color_2,2,,013445,中村　良二,color_blue,追加,福　岡,S2,S2,追,100.09,0,0,1,1,0
TzXNr1IyQYXd8vmMpJjd_8FN9tMFg3afBXRGIydJ_UdI-yawDGAiv0kfk9DLiby0,20240306,小倉,7,F1,Ｓ級予選,base_color_3_bk,base_color_3,3,,014298,蒔田　英彦,,,千　葉,S2,S2,逃,100.25,4,2,1,1,8
TzXNr1IyQYXd8vmMpJjd_8FN9tMFg3afBXRGIydJ_UdI-yawDGAiv0kfk9DLiby0,20240306,小倉,7,F1,Ｓ級予選,base_color_4_bk,base_color_4,4,,014582,平原　啓多,,,埼　玉,S2,S2,追,99.18,1,1,5,0,2
TzXNr1IyQYXd8vmMpJjd_8FN9tMFg3afBXRGIydJ_UdI-yawDGAiv0kfk9DLiby0,20240306,小倉,7,F1,Ｓ級予選,base_color_5_bk,base_color_5,5,,015211,平尾　一晃,,,長　崎,S2,S2,逃,95.77,3,3,0,0,8
TzXNr1IyQYXd8vmMpJjd_8FN9tMFg3afBXRGIydJ_UdI-yawDGAiv0kfk9DLiby0,20240306,小倉,7,F1,Ｓ級予選,base_color_6_bk,base_color_6,6,,014709,松岡　孝高,,,熊　本,A1,S2,両,94.20,0,2,2,1,1
TzXNr1IyQYXd8vmMpJjd_8FN9tMFg3afBXRGIydJ_UdI-yawDGAiv0kfk9DLiby0,20240306,小倉,7,F1,Ｓ級予選,base_color_7_bk,base_color_7,7,,015116,池野　健太,,,兵　庫,S2,S2,逃,104.19,3,3,1,0,6
TzXNr1IyQYXd8vmMpJjd_6sIcqVt7oYhRMBapjyrdO9B4-xi4d8Np6ez3ZEpV6Q-,20240306,小倉,8,F1,Ｓ級予選,base_color_1_bk,base_color_1,1,,015123,清水　一幸,,,徳　島,S2,S2,追,104.04,0,1,4,2,0
TzXNr1IyQYXd8vmMpJjd_6sIcqVt7oYhRMBapjyrdO9B4-xi4d8Np6ez3ZEpV6Q-,20240306,小倉,8,F1,Ｓ級予選,base_color_2_bk,base_color_2,2,,014945,中井　俊亮,,,奈　良,S2,S1,逃,102.61,0,2,1,2,3
TzXNr1IyQYXd8vmMpJjd_6sIcqVt7oYhRMBapjyrdO9B4-xi4d8Np6ez3ZEpV6Q-,20240306,小倉,8,F1,Ｓ級予選,base_color_3_bk,base_color_3,3,,015441,鈴木　陸来,,,静　岡,S2,S2,逃,99.00,0,3,2,1,6
TzXNr1IyQYXd8vmMpJjd_6sIcqVt7oYhRMBapjyrdO9B4-xi4d8Np6ez3ZEpV6Q-,20240306,小倉,8,F1,Ｓ級予選,base_color_4_bk,base_color_4,4,,014944,栗山　俊介,,,奈　良,A1,S2,両,95.44,1,4,4,0,1
TzXNr1IyQYXd8vmMpJjd_6sIcqVt7oYhRMBapjyrdO9B4-xi4d8Np6ez3ZEpV6Q-,20240306,小倉,8,F1,Ｓ級予選,base_color_5_bk,base_color_5,5,,015197,川口　雄太,,,徳　島,S2,S2,逃,99.73,1,5,1,0,2
TzXNr1IyQYXd8vmMpJjd_6sIcqVt7oYhRMBapjyrdO9B4-xi4d8Np6ez3ZEpV6Q-,20240306,小倉,8,F1,Ｓ級予選,base_color_6_bk,base_color_6,6,,014302,武田　憲祐,,,神奈川,S2,S2,追,92.94,0,0,0,0,0
TzXNr1IyQYXd8vmMpJjd_6sIcqVt7oYhRMBapjyrdO9B4-xi4d8Np6ez3ZEpV6Q-,20240306,小倉,8,F1,Ｓ級予選,base_color_7_bk,base_color_7,7,,012826,渡邉　晴智,,,静　岡,A1,S2,追,96.14,0,0,2,2,0
TzXNr1IyQYXd8vmMpJjd_w7Ki9smHj7_4RBGDFvhX5koUH-g1qPOohVQ72OIrfB4,20240306,小倉,9,F1,Ｓ級予選,base_color_1_bk,base_color_1,1,,013533,佐藤愼太郎,,,福　島,S1,S2,追,102.34,0,0,1,2,0
TzXNr1IyQYXd8vmMpJjd_w7Ki9smHj7_4RBGDFvhX5koUH-g1qPOohVQ72OIrfB4,20240306,小倉,9,F1,Ｓ級予選,base_color_2_bk,base_color_2,2,,013498,西田　雅志,,,広　島,S2,S1,追,99.25,0,0,3,0,0
TzXNr1IyQYXd8vmMpJjd_w7Ki9smHj7_4RBGDFvhX5koUH-g1qPOohVQ72OIrfB4,20240306,小倉,9,F1,Ｓ級予選,base_color_3_bk,base_color_3,3,,015628,村田　祐樹,,,富　山,A1,S2,逃,100.21,11,2,0,0,13
TzXNr1IyQYXd8vmMpJjd_w7Ki9smHj7_4RBGDFvhX5koUH-g1qPOohVQ72OIrfB4,20240306,小倉,9,F1,Ｓ級予選,base_color_4_bk,base_color_4,4,,015049,菅原　大也,,,神奈川,S2,S2,逃,102.15,4,2,2,0,8
TzXNr1IyQYXd8vmMpJjd_w7Ki9smHj7_4RBGDFvhX5koUH-g1qPOohVQ72OIrfB4,20240306,小倉,9,F1,Ｓ級予選,base_color_5_bk,base_color_5,5,,014750,今藤　康裕,,,岐　阜,A1,S2,追,98.20,0,0,3,3,0
TzXNr1IyQYXd8vmMpJjd_w7Ki9smHj7_4RBGDFvhX5koUH-g1qPOohVQ72OIrfB4,20240306,小倉,9,F1,Ｓ級予選,base_color_6_bk,base_color_6,6,,014587,鈴木　謙二,,,東　京,S2,S2,追,95.44,0,0,1,0,1
TzXNr1IyQYXd8vmMpJjd_w7Ki9smHj7_4RBGDFvhX5koUH-g1qPOohVQ72OIrfB4,20240306,小倉,9,F1,Ｓ級予選,base_color_7_bk,base_color_7,7,,014182,大川　龍二,,,広　島,S1,S1,両,103.86,0,1,6,1,0
TzXNr1IyQYXd8vmMpJjd_x57By0nQkO5ZS4kuhrD9qTtm-8BURcJ-mSDHYhhG1ix,20240306,小倉,10,F1,Ｓ級予選,base_color_1_bk,base_color_1,1,,014819,太刀川一成,,,千　葉,S2,S2,追,97.96,0,2,2,0,0
TzXNr1IyQYXd8vmMpJjd_x57By0nQkO5ZS4kuhrD9qTtm-8BURcJ-mSDHYhhG1ix,20240306,小倉,10,F1,Ｓ級予選,base_color_2_bk,base_color_2,2,,013821,中村　圭志,,,熊　本,S1,S1,追,104.22,0,0,5,3,0
TzXNr1IyQYXd8vmMpJjd_x57By0nQkO5ZS4kuhrD9qTtm-8BURcJ-mSDHYhhG1ix,20240306,小倉,10,F1,Ｓ級予選,base_color_3_bk,base_color_3,3,,014613,黒田　淳,,,岡　山,S2,S2,追,101.44,0,1,2,1,0
TzXNr1IyQYXd8vmMpJjd_x57By0nQkO5ZS4kuhrD9qTtm-8BURcJ-mSDHYhhG1ix,20240306,小倉,10,F1,Ｓ級予選,base_color_4_bk,base_color_4,4,,015476,緒方　将樹,color_blue,追加,熊　本,A1,S2,逃,98.26,5,12,1,0,18
TzXNr1IyQYXd8vmMpJjd_x57By0nQkO5ZS4kuhrD9qTtm-8BURcJ-mSDHYhhG1ix,20240306,小倉,10,F1,Ｓ級予選,base_color_5_bk,base_color_5,5,,015059,畝木　努,,,岡　山,S2,S2,逃,100.88,1,1,1,0,3
TzXNr1IyQYXd8vmMpJjd_x57By0nQkO5ZS4kuhrD9qTtm-8BURcJ-mSDHYhhG1ix,20240306,小倉,10,F1,Ｓ級予選,base_color_6_bk,base_color_6,6,,014044,八尋　英輔,color_blue,追加,福　岡,A1,S2,追,93.06,0,0,3,0,0
TzXNr1IyQYXd8vmMpJjd_x57By0nQkO5ZS4kuhrD9qTtm-8BURcJ-mSDHYhhG1ix,20240306,小倉,10,F1,Ｓ級予選,base_color_7_bk,base_color_7,7,,014136,金澤　竜二,,,福　島,S2,S2,逃,93.51,1,3,0,0,8
TzXNr1IyQYXd8vmMpJjd_4lF8uYIK-qRxHoYALk0_VVBSM6fdJ07gaLPztmXIGGt,20240306,小倉,11,F1,Ｓ級予選,base_color_1_bk,base_color_1,1,,015386,阪本　和也,,,長　崎,S2,S2,追,105.47,0,0,6,4,0
TzXNr1IyQYXd8vmMpJjd_4lF8uYIK-qRxHoYALk0_VVBSM6fdJ07gaLPztmXIGGt,20240306,小倉,11,F1,Ｓ級予選,base_color_2_bk,base_color_2,2,,014327,北村　信明,,,徳　島,S1,S2,追,102.35,0,0,4,0,0
TzXNr1IyQYXd8vmMpJjd_4lF8uYIK-qRxHoYALk0_VVBSM6fdJ07gaLPztmXIGGt,20240306,小倉,11,F1,Ｓ級予選,base_color_3_bk,base_color_3,3,,014499,佐藤　博紀,,,岩　手,S2,S2,両,101.37,0,3,3,0,4
TzXNr1IyQYXd8vmMpJjd_4lF8uYIK-qRxHoYALk0_VVBSM6fdJ07gaLPztmXIGGt,20240306,小倉,11,F1,Ｓ級予選,base_color_4_bk,base_color_4,4,,015479,松岡　辰泰,,,熊　本,S1,S1,逃,102.52,1,2,1,1,3
TzXNr1IyQYXd8vmMpJjd_4lF8uYIK-qRxHoYALk0_VVBSM6fdJ07gaLPztmXIGGt,20240306,小倉,11,F1,Ｓ級予選,base_color_5_bk,base_color_5,5,,013994,杉山　悠也,,,秋　田,S2,S2,追,94.92,0,0,0,0,0
TzXNr1IyQYXd8vmMpJjd_4lF8uYIK-qRxHoYALk0_VVBSM6fdJ07gaLPztmXIGGt,20240306,小倉,11,F1,Ｓ級予選,base_color_6_bk,base_color_6,6,,013811,池田　浩士,,,佐　賀,A1,S2,追,90.35,0,0,2,2,0
TzXNr1IyQYXd8vmMpJjd_4lF8uYIK-qRxHoYALk0_VVBSM6fdJ07gaLPztmXIGGt,20240306,小倉,11,F1,Ｓ級予選,base_color_7_bk,base_color_7,7,,015483,谷元　奎心,,,山　口,A1,S2,逃,92.84,1,3,1,0,2
TzXNr1IyQYXd8vmMpJjd_2pnMkuHAVQzFrugVHTNvF13xDGeR8mVd5IOzuXXKYU_,20240306,小倉,12,F1,Ｓ級初日特選,base_color_1_bk,base_color_1,1,,014112,小川　勇介,,,福　岡,S1,S1,追,108.11,0,0,3,0,0
TzXNr1IyQYXd8vmMpJjd_2pnMkuHAVQzFrugVHTNvF13xDGeR8mVd5IOzuXXKYU_,20240306,小倉,12,F1,Ｓ級初日特選,base_color_2_bk,base_color_2,2,,015343,佐々木悠葵,,,群　馬,S1,S1,両,111.04,3,6,3,0,8
TzXNr1IyQYXd8vmMpJjd_2pnMkuHAVQzFrugVHTNvF13xDGeR8mVd5IOzuXXKYU_,20240306,小倉,12,F1,Ｓ級初日特選,base_color_3_bk,base_color_3,3,,012596,志智　俊夫,,,岐　阜,S1,S1,追,108.09,0,0,7,2,0
TzXNr1IyQYXd8vmMpJjd_2pnMkuHAVQzFrugVHTNvF13xDGeR8mVd5IOzuXXKYU_,20240306,小倉,12,F1,Ｓ級初日特選,base_color_4_bk,base_color_4,4,,014524,松谷　秀幸,,,神奈川,S1,S1,追,113.09,0,1,9,2,0
TzXNr1IyQYXd8vmMpJjd_2pnMkuHAVQzFrugVHTNvF13xDGeR8mVd5IOzuXXKYU_,20240306,小倉,12,F1,Ｓ級初日特選,base_color_5_bk,base_color_5,5,,013619,竹内　智彦,,,宮　城,S1,S1,追,106.41,0,0,5,0,0
TzXNr1IyQYXd8vmMpJjd_2pnMkuHAVQzFrugVHTNvF13xDGeR8mVd5IOzuXXKYU_,20240306,小倉,12,F1,Ｓ級初日特選,base_color_6_bk,base_color_6,6,,014682,原田研太朗,color_blue,追加,徳　島,S1,S1,逃,104.59,2,10,0,0,3
TzXNr1IyQYXd8vmMpJjd_2pnMkuHAVQzFrugVHTNvF13xDGeR8mVd5IOzuXXKYU_,20240306,小倉,12,F1,Ｓ級初日特選,base_color_7_bk,base_color_7,7,,013922,河野　通孝,,,茨　城,S2,S1,追,107.26,0,0,9,2,0
ZHNqMDrv_PhK_RMqwDdB9moZdmFqrC564tdcdG9VzJgiWVHaZGPm6PUbQwe2p3Yy,20240306,取手,1,F2,Ａ級予選,base_color_1_bk,base_color_1,1,,013461,市川　健太,color_blue,追加,東　京,A2,A2,両,81.70,2,3,0,0,7
ZHNqMDrv_PhK_RMqwDdB9moZdmFqrC564tdcdG9VzJgiWVHaZGPm6PUbQwe2p3Yy,20240306,取手,1,F2,Ａ級予選,base_color_2_bk,base_color_2,2,,013327,高橋　健太,,,静　岡,A2,A2,追,82.87,0,0,4,1,0
ZHNqMDrv_PhK_RMqwDdB9moZdmFqrC564tdcdG9VzJgiWVHaZGPm6PUbQwe2p3Yy,20240306,取手,1,F2,Ａ級予選,base_color_3_bk,base_color_3,3,,012336,高谷　雅彦,,,青　森,S2,A1,両,83.53,0,2,0,1,0
ZHNqMDrv_PhK_RMqwDdB9moZdmFqrC564tdcdG9VzJgiWVHaZGPm6PUbQwe2p3Yy,20240306,取手,1,F2,Ａ級予選,base_color_4_bk,base_color_4,4,,012719,篠崎　高志,,,栃　木,A2,A2,追,83.31,0,0,2,3,0
ZHNqMDrv_PhK_RMqwDdB9moZdmFqrC564tdcdG9VzJgiWVHaZGPm6PUbQwe2p3Yy,20240306,取手,1,F2,Ａ級予選,base_color_5_bk,base_color_5,5,,014280,井上　公利,,,宮　城,A1,A2,逃,85.18,6,6,3,0,7
ZHNqMDrv_PhK_RMqwDdB9moZdmFqrC564tdcdG9VzJgiWVHaZGPm6PUbQwe2p3Yy,20240306,取手,1,F2,Ａ級予選,base_color_6_bk,base_color_6,6,,014242,亀谷　隆一,,,神奈川,A1,A1,追,79.41,0,0,0,2,0
ZHNqMDrv_PhK_RMqwDdB9moZdmFqrC564tdcdG9VzJgiWVHaZGPm6PUbQwe2p3Yy,20240306,取手,1,F2,Ａ級予選,base_color_7_bk,base_color_7,7,,014075,松根　真,,,東　京,A1,A1,追,86.21,0,0,4,4,0
ZHNqMDrv_PhK_RMqwDdB9lRhfdjyRDxiEsWOQvfRZ9hleGsKPpZNIeWbrKTERIWA,20240306,取手,2,F2,Ａ級予選,base_color_1_bk,base_color_1,1,,015241,山田　祐太,,,福　島,A2,A2,逃,83.44,5,4,0,0,12
ZHNqMDrv_PhK_RMqwDdB9lRhfdjyRDxiEsWOQvfRZ9hleGsKPpZNIeWbrKTERIWA,20240306,取手,2,F2,Ａ級予選,base_color_2_bk,base_color_2,2,,012875,中曽　直彦,,,千　葉,A1,A2,追,87.07,0,1,9,1,1
ZHNqMDrv_PhK_RMqwDdB9lRhfdjyRDxiEsWOQvfRZ9hleGsKPpZNIeWbrKTERIWA,20240306,取手,2,F2,Ａ級予選,base_color_3_bk,base_color_3,3,,013175,峠　祐介,,,埼　玉,A1,A2,追,84.60,0,0,2,3,0
ZHNqMDrv_PhK_RMqwDdB9lRhfdjyRDxiEsWOQvfRZ9hleGsKPpZNIeWbrKTERIWA,20240306,取手,2,F2,Ａ級予選,base_color_4_bk,base_color_4,4,,012930,浦崎　貴史,,,北海道,A2,A2,追,81.42,0,0,2,0,0
ZHNqMDrv_PhK_RMqwDdB9lRhfdjyRDxiEsWOQvfRZ9hleGsKPpZNIeWbrKTERIWA,20240306,取手,2,F2,Ａ級予選,base_color_5_bk,base_color_5,5,,013413,鶴岡　與之,color_blue,追加,千　葉,A2,A1,追,81.00,0,0,1,4,0
ZHNqMDrv_PhK_RMqwDdB9lRhfdjyRDxiEsWOQvfRZ9hleGsKPpZNIeWbrKTERIWA,20240306,取手,2,F2,Ａ級予選,base_color_6_bk,base_color_6,6,,013105,松本　一成,,,新　潟,A2,A2,逃,78.95,0,1,0,1,3
ZHNqMDrv_PhK_RMqwDdB9lRhfdjyRDxiEsWOQvfRZ9hleGsKPpZNIeWbrKTERIWA,20240306,取手,2,F2,Ａ級予選,base_color_7_bk,base_color_7,7,,013423,増田　利明,,,静　岡,A2,A1,両,85.00,2,2,2,1,5
ZHNqMDrv_PhK_RMqwDdB9pcAsutiKWqyCcH45Sy-LmGmq8jN6bXODPGgDPCH-rCB,20240306,取手,3,F2,Ａ級予選,base_color_1_bk,base_color_1,1,,014742,河野　淳吾,,,神奈川,A2,A2,追,81.77,0,0,1,1,1
ZHNqMDrv_PhK_RMqwDdB9pcAsutiKWqyCcH45Sy-LmGmq8jN6bXODPGgDPCH-rCB,20240306,取手,3,F2,Ａ級予選,base_color_2_bk,base_color_2,2,,014991,中島　将尊,,,群　馬,A1,A2,両,83.86,1,0,3,0,2
ZHNqMDrv_PhK_RMqwDdB9pcAsutiKWqyCcH45Sy-LmGmq8jN6bXODPGgDPCH-rCB,20240306,取手,3,F2,Ａ級予選,base_color_3_bk,base_color_3,3,,014281,寺林　正秋,,,宮　城,A1,A2,追,87.55,0,0,3,6,0
ZHNqMDrv_PhK_RMqwDdB9pcAsutiKWqyCcH45Sy-LmGmq8jN6bXODPGgDPCH-rCB,20240306,取手,3,F2,Ａ級予選,base_color_4_bk,base_color_4,4,,012721,梅山　英樹,,,群　馬,A1,A1,追,86.85,0,0,4,1,0
ZHNqMDrv_PhK_RMqwDdB9pcAsutiKWqyCcH45Sy-LmGmq8jN6bXODPGgDPCH-rCB,20240306,取手,3,F2,Ａ級予選,base_color_5_bk,base_color_5,5,,013184,相樂　修,,,千　葉,A2,A2,両,80.80,0,0,4,1,0
ZHNqMDrv_PhK_RMqwDdB9pcAsutiKWqyCcH45Sy-LmGmq8jN6bXODPGgDPCH-rCB,20240306,取手,3,F2,Ａ級予選,base_color_6_bk,base_color_6,6,,014362,岩崎　大和,,,茨　城,A2,A2,追,78.91,0,0,1,1,0
ZHNqMDrv_PhK_RMqwDdB9pcAsutiKWqyCcH45Sy-LmGmq8jN6bXODPGgDPCH-rCB,20240306,取手,3,F2,Ａ級予選,base_color_7_bk,base_color_7,7,,015512,大高　彰馬,,,福　島,A1,A1,逃,85.71,7,2,1,0,12
ZHNqMDrv_PhK_RMqwDdB9iV-mbzG5_qDh-cO2m9zyefRu0sbUuUdMXGBSlGwYPEe,20240306,取手,4,F2,Ａ級予選,base_color_1_bk,base_color_1,1,,014859,小林　申太,,,茨　城,A2,A1,両,88.62,4,2,1,1,5
ZHNqMDrv_PhK_RMqwDdB9iV-mbzG5_qDh-cO2m9zyefRu0sbUuUdMXGBSlGwYPEe,20240306,取手,4,F2,Ａ級予選,base_color_2_bk,base_color_2,2,,014386,伊藤　拓人,color_blue,追加,静　岡,A2,A2,追,80.57,0,0,2,1,0
ZHNqMDrv_PhK_RMqwDdB9iV-mbzG5_qDh-cO2m9zyefRu0sbUuUdMXGBSlGwYPEe,20240306,取手,4,F2,Ａ級予選,base_color_3_bk,base_color_3,3,,012649,山本恵太郎,,,東　京,A2,A2,追,83.89,0,0,5,2,0
ZHNqMDrv_PhK_RMqwDdB9iV-mbzG5_qDh-cO2m9zyefRu0sbUuUdMXGBSlGwYPEe,20240306,取手,4,F2,Ａ級予選,base_color_4_bk,base_color_4,4,,014003,須賀　和彦,,,茨　城,A1,A1,追,86.77,0,0,4,1,0
ZHNqMDrv_PhK_RMqwDdB9iV-mbzG5_qDh-cO2m9zyefRu0sbUuUdMXGBSlGwYPEe,20240306,取手,4,F2,Ａ級予選,base_color_5_bk,base_color_5,5,,014304,大竹　哲也,color_blue,追加,静　岡,A1,A1,追,84.07,0,0,4,1,0
ZHNqMDrv_PhK_RMqwDdB9iV-mbzG5_qDh-cO2m9zyefRu0sbUuUdMXGBSlGwYPEe,20240306,取手,4,F2,Ａ級予選,base_color_6_bk,base_color_6,6,,014992,楠野　史尭,,,埼　玉,A2,A2,逃,76.66,0,0,0,1,1
ZHNqMDrv_PhK_RMqwDdB9iV-mbzG5_qDh-cO2m9zyefRu0sbUuUdMXGBSlGwYPEe,20240306,取手,4,F2,Ａ級予選,base_color_7_bk,base_color_7,7,,014519,湯浅　大輔,color_blue,追加,千　葉,A2,A2,逃,79.20,0,1,2,0,8
ZHNqMDrv_PhK_RMqwDdB9pc3Mdlh-60moJmh_2RMvUC98m-k5OK9R6qZr1BPawL8,20240306,取手,5,F2,Ａ級予選,base_color_1_bk,base_color_1,1,,015264,渡邉　直弥,,,静　岡,A3,A2,両,80.74,1,6,3,1,7
ZHNqMDrv_PhK_RMqwDdB9pc3Mdlh-60moJmh_2RMvUC98m-k5OK9R6qZr1BPawL8,20240306,取手,5,F2,Ａ級予選,base_color_2_bk,base_color_2,2,,013910,高橋　秀吉,color_blue,追加,秋　田,A1,A1,追,86.83,2,0,8,1,2
ZHNqMDrv_PhK_RMqwDdB9pc3Mdlh-60moJmh_2RMvUC98m-k5OK9R6qZr1BPawL8,20240306,取手,5,F2,Ａ級予選,base_color_3_bk,base_color_3,3,,014365,薮田　貴幸,color_blue,追加,茨　城,A2,A2,追,80.88,0,0,4,0,0
ZHNqMDrv_PhK_RMqwDdB9pc3Mdlh-60moJmh_2RMvUC98m-k5OK9R6qZr1BPawL8,20240306,取手,5,F2,Ａ級予選,base_color_4_bk,base_color_4,4,,014014,須藤　雄太,,,千　葉,A2,A2,追,79.43,0,0,0,0,0
ZHNqMDrv_PhK_RMqwDdB9pc3Mdlh-60moJmh_2RMvUC98m-k5OK9R6qZr1BPawL8,20240306,取手,5,F2,Ａ級予選,base_color_5_bk,base_color_5,5,,014985,竹山　慶太,,,宮　城,A2,A1,逃,88.38,4,6,1,0,8
ZHNqMDrv_PhK_RMqwDdB9pc3Mdlh-60moJmh_2RMvUC98m-k5OK9R6qZr1BPawL8,20240306,取手,5,F2,Ａ級予選,base_color_6_bk,base_color_6,6,,012586,佐藤　和典,color_blue,追加,神奈川,A2,A2,追,77.41,0,0,0,0,0
ZHNqMDrv_PhK_RMqwDdB9pc3Mdlh-60moJmh_2RMvUC98m-k5OK9R6qZr1BPawL8,20240306,取手,5,F2,Ａ級予選,base_color_7_bk,base_color_7,7,,013416,飯尾　主税,,,静　岡,A1,A1,追,85.73,0,0,8,4,0
ZHNqMDrv_PhK_RMqwDdB9j-4OR2BrLlFPwdPXvOoZaDxAJ_pXln6UDatWbQtjsIi,20240306,取手,6,F2,Ａ級予選,base_color_1_bk,base_color_1,1,,015245,尾崎　悠生,,,埼　玉,A1,A1,逃,87.72,8,2,3,0,13
ZHNqMDrv_PhK_RMqwDdB9j-4OR2BrLlFPwdPXvOoZaDxAJ_pXln6UDatWbQtjsIi,20240306,取手,6,F2,Ａ級予選,base_color_2_bk,base_color_2,2,,014388,水野　悟志,,,静　岡,A2,A2,追,82.90,0,0,3,2,0
ZHNqMDrv_PhK_RMqwDdB9j-4OR2BrLlFPwdPXvOoZaDxAJ_pXln6UDatWbQtjsIi,20240306,取手,6,F2,Ａ級予選,base_color_3_bk,base_color_3,3,,013979,竹内　優也,,,北海道,A2,A2,両,80.40,3,0,1,1,4
ZHNqMDrv_PhK_RMqwDdB9j-4OR2BrLlFPwdPXvOoZaDxAJ_pXln6UDatWbQtjsIi,20240306,取手,6,F2,Ａ級予選,base_color_4_bk,base_color_4,4,,013615,山口　貴弘,,,栃　木,A1,A1,追,84.52,0,0,7,0,0
ZHNqMDrv_PhK_RMqwDdB9j-4OR2BrLlFPwdPXvOoZaDxAJ_pXln6UDatWbQtjsIi,20240306,取手,6,F2,Ａ級予選,base_color_5_bk,base_color_5,5,,014364,野間　司,,,茨　城,A1,A1,追,89.34,0,1,4,5,0
ZHNqMDrv_PhK_RMqwDdB9j-4OR2BrLlFPwdPXvOoZaDxAJ_pXln6UDatWbQtjsIi,20240306,取手,6,F2,Ａ級予選,base_color_6_bk,base_color_6,6,,013988,阿部　英光,,,宮　城,A2,A2,追,80.29,0,0,1,1,0
ZHNqMDrv_PhK_RMqwDdB9j-4OR2BrLlFPwdPXvOoZaDxAJ_pXln6UDatWbQtjsIi,20240306,取手,6,F2,Ａ級予選,base_color_7_bk,base_color_7,7,,014459,根藤　浩二,,,千　葉,A2,A2,両,83.70,1,3,5,2,3
ZHNqMDrv_PhK_RMqwDdB9mEF1yJoeqx1GeBac92gaiSsH6aSlwdk0d1opdAT5nzX,20240306,取手,7,F2,Ａ級初日特選,base_color_1_bk,base_color_1,1,,014716,猪狩　祐樹,,,福　島,A1,A1,逃,93.40,3,9,2,0,4
ZHNqMDrv_PhK_RMqwDdB9mEF1yJoeqx1GeBac92gaiSsH6aSlwdk0d1opdAT5nzX,20240306,取手,7,F2,Ａ級初日特選,base_color_2_bk,base_color_2,2,,015433,山本　勝利,,,東　京,S2,A1,逃,94.33,4,1,1,0,7
ZHNqMDrv_PhK_RMqwDdB9mEF1yJoeqx1GeBac92gaiSsH6aSlwdk0d1opdAT5nzX,20240306,取手,7,F2,Ａ級初日特選,base_color_3_bk,base_color_3,3,,014084,小菅　誠,,,神奈川,A1,A1,追,91.16,0,0,0,1,0
ZHNqMDrv_PhK_RMqwDdB9mEF1yJoeqx1GeBac92gaiSsH6aSlwdk0d1opdAT5nzX,20240306,取手,7,F2,Ａ級初日特選,base_color_4_bk,base_color_4,4,,012886,中井　達郎,,,静　岡,S2,A1,追,95.50,0,0,5,2,0
ZHNqMDrv_PhK_RMqwDdB9mEF1yJoeqx1GeBac92gaiSsH6aSlwdk0d1opdAT5nzX,20240306,取手,7,F2,Ａ級初日特選,base_color_5_bk,base_color_5,5,,013555,台　和紀,,,埼　玉,S2,A1,追,91.65,0,0,3,0,0
ZHNqMDrv_PhK_RMqwDdB9mEF1yJoeqx1GeBac92gaiSsH6aSlwdk0d1opdAT5nzX,20240306,取手,7,F2,Ａ級初日特選,base_color_6_bk,base_color_6,6,,015351,宮下　一歩,,,長　野,A1,A1,逃,90.04,11,1,0,0,21
ZHNqMDrv_PhK_RMqwDdB9mEF1yJoeqx1GeBac92gaiSsH6aSlwdk0d1opdAT5nzX,20240306,取手,7,F2,Ａ級初日特選,base_color_7_bk,base_color_7,7,,014009,大澤　雄大,,,埼　玉,S2,A1,追,95.72,0,0,1,5,0
qB0b7MkHtkbTo5CbxWit42x3Xp8DrQk9AU1Mkl4qDSqHqREU_MgTQMVDAhqqqUYU,20240306,川崎,1,F2,Ａ級チャレンジ一般,base_color_1_bk,base_color_1,1,,014407,森　佑樹,,,岡　山,A3,A3,逃,73.66,5,7,2,1,7
qB0b7MkHtkbTo5CbxWit42x3Xp8DrQk9AU1Mkl4qDSqHqREU_MgTQMVDAhqqqUYU,20240306,川崎,1,F2,Ａ級チャレンジ一般,base_color_2_bk,base_color_2,2,,013456,小林　和彦,,,群　馬,A3,A3,両,70.61,0,1,3,0,1
qB0b7MkHtkbTo5CbxWit42x3Xp8DrQk9AU1Mkl4qDSqHqREU_MgTQMVDAhqqqUYU,20240306,川崎,1,F2,Ａ級チャレンジ一般,base_color_3_bk,base_color_3,3,,012754,小野　祐作,,,岡　山,A3,A3,追,69.17,0,0,0,3,0
qB0b7MkHtkbTo5CbxWit42x3Xp8DrQk9AU1Mkl4qDSqHqREU_MgTQMVDAhqqqUYU,20240306,川崎,1,F2,Ａ級チャレンジ一般,base_color_4_bk,base_color_4,4,,013378,小田桐義継,,,北海道,A3,A3,追,68.43,0,0,4,1,0
qB0b7MkHtkbTo5CbxWit42x3Xp8DrQk9AU1Mkl4qDSqHqREU_MgTQMVDAhqqqUYU,20240306,川崎,1,F2,Ａ級チャレンジ一般,base_color_5_bk,base_color_5,5,,013531,伊藤　司,,,福　島,A3,A3,逃,68.28,1,2,0,1,2
qB0b7MkHtkbTo5CbxWit42x3Xp8DrQk9AU1Mkl4qDSqHqREU_MgTQMVDAhqqqUYU,20240306,川崎,1,F2,Ａ級チャレンジ一般,base_color_6_bk,base_color_6,6,,011990,茂木　和臣,,,埼　玉,A3,A3,追,68.27,0,0,1,2,0
qB0b7MkHtkbTo5CbxWit45lT8bBfuNwQNONVVMh7yixNA9U0Dw9KklK-TbcUa-cj,20240306,川崎,2,F2,Ａ級チャレンジ一般,base_color_1_bk,base_color_1,1,,014739,里見　恒平,color_blue,補充,千　葉,A2,A3,逃,74.08,0,4,2,5,0
qB0b7MkHtkbTo5CbxWit45lT8bBfuNwQNONVVMh7yixNA9U0Dw9KklK-TbcUa-cj,20240306,川崎,2,F2,Ａ級チャレンジ一般,base_color_2_bk,base_color_2,2,,012638,栗原　稔貴,,,栃　木,A3,A3,追,71.00,0,0,0,0,0
qB0b7MkHtkbTo5CbxWit45lT8bBfuNwQNONVVMh7yixNA9U0Dw9KklK-TbcUa-cj,20240306,川崎,2,F2,Ａ級チャレンジ一般,base_color_3_bk,base_color_3,3,,014376,保科　圭太,,,新　潟,A3,A3,追,69.23,0,1,1,0,1
qB0b7MkHtkbTo5CbxWit45lT8bBfuNwQNONVVMh7yixNA9U0Dw9KklK-TbcUa-cj,20240306,川崎,2,F2,Ａ級チャレンジ一般,base_color_4_bk,base_color_4,4,,014215,木田　有隆,,,福　島,A2,A3,追,69.00,0,0,0,0,0
qB0b7MkHtkbTo5CbxWit45lT8bBfuNwQNONVVMh7yixNA9U0Dw9KklK-TbcUa-cj,20240306,川崎,2,F2,Ａ級チャレンジ一般,base_color_5_bk,base_color_5,5,,013937,高田　隼人,,,千　葉,A3,A3,両,66.92,4,1,2,0,8
qB0b7MkHtkbTo5CbxWit45lT8bBfuNwQNONVVMh7yixNA9U0Dw9KklK-TbcUa-cj,20240306,川崎,2,F2,Ａ級チャレンジ一般,base_color_6_bk,base_color_6,6,,012783,平澤　秀信,,,北海道,A3,A3,追,65.93,0,0,0,0,0
qB0b7MkHtkbTo5CbxWit45lT8bBfuNwQNONVVMh7yixNA9U0Dw9KklK-TbcUa-cj,20240306,川崎,2,F2,Ａ級チャレンジ一般,base_color_7_bk,base_color_7,7,,015686,高橋　海月,,,青　森,A3,A3,逃,64.22,1,0,1,0,6
qB0b7MkHtkbTo5CbxWit4xmNzM2cSQt9relZhCsdadLVF6Uz9pur9-RlxwsiOZvg,20240306,川崎,3,F2,Ａ級チャレンジ準決勝,base_color_1_bk,base_color_1,1,,015701,石田　典大,,,東　京,A3,A3,逃,78.10,11,2,0,0,14
qB0b7MkHtkbTo5CbxWit4xmNzM2cSQt9relZhCsdadLVF6Uz9pur9-RlxwsiOZvg,20240306,川崎,3,F2,Ａ級チャレンジ準決勝,base_color_2_bk,base_color_2,2,,014120,永田　修一,,,熊　本,A2,A3,追,75.83,0,0,1,5,0
qB0b7MkHtkbTo5CbxWit4xmNzM2cSQt9relZhCsdadLVF6Uz9pur9-RlxwsiOZvg,20240306,川崎,3,F2,Ａ級チャレンジ準決勝,base_color_3_bk,base_color_3,3,,013176,早川　成矢,,,埼　玉,A2,A3,両,75.57,0,2,2,1,0
qB0b7MkHtkbTo5CbxWit4xmNzM2cSQt9relZhCsdadLVF6Uz9pur9-RlxwsiOZvg,20240306,川崎,3,F2,Ａ級チャレンジ準決勝,base_color_4_bk,base_color_4,4,,015750,徳永　泰粋,,,熊　本,A3,A3,逃,74.61,4,5,3,0,6
qB0b7MkHtkbTo5CbxWit4xmNzM2cSQt9relZhCsdadLVF6Uz9pur9-RlxwsiOZvg,20240306,川崎,3,F2,Ａ級チャレンジ準決勝,base_color_5_bk,base_color_5,5,,013030,梶山　大輔,,,神奈川,A3,A3,追,69.46,0,0,1,1,0
qB0b7MkHtkbTo5CbxWit4xmNzM2cSQt9relZhCsdadLVF6Uz9pur9-RlxwsiOZvg,20240306,川崎,3,F2,Ａ級チャレンジ準決勝,base_color_6_bk,base_color_6,6,,012393,森山　昌昭,,,福　岡,A3,A3,追,68.10,0,0,2,0,0
qB0b7MkHtkbTo5CbxWit4xmNzM2cSQt9relZhCsdadLVF6Uz9pur9-RlxwsiOZvg,20240306,川崎,3,F2,Ａ級チャレンジ準決勝,base_color_7_bk,base_color_7,7,,014015,米倉　剛志,,,千　葉,A3,A3,逃,64.95,1,2,1,0,7
qB0b7MkHtkbTo5CbxWit47L-g0nx3MBUaIN_Cx_6uFfxUNWHGvdLm1OQ0ujkF1aO,20240306,川崎,4,F2,Ａ級チャレンジ準決勝,base_color_1_bk,base_color_1,1,,015712,松本　京太,,,静　岡,A3,A3,逃,78.44,7,6,0,0,12
qB0b7MkHtkbTo5CbxWit47L-g0nx3MBUaIN_Cx_6uFfxUNWHGvdLm1OQ0ujkF1aO,20240306,川崎,4,F2,Ａ級チャレンジ準決勝,base_color_2_bk,base_color_2,2,,013359,吉田　彰久,,,香　川,A2,A3,追,77.78,0,0,2,6,0
qB0b7MkHtkbTo5CbxWit47L-g0nx3MBUaIN_Cx_6uFfxUNWHGvdLm1OQ0ujkF1aO,20240306,川崎,4,F2,Ａ級チャレンジ準決勝,base_color_3_bk,base_color_3,3,,013421,富澤　洋祐,,,静　岡,A2,A3,追,75.18,0,0,0,2,0
qB0b7MkHtkbTo5CbxWit47L-g0nx3MBUaIN_Cx_6uFfxUNWHGvdLm1OQ0ujkF1aO,20240306,川崎,4,F2,Ａ級チャレンジ準決勝,base_color_4_bk,base_color_4,4,,014526,渡辺　馨,,,神奈川,A3,A3,両,71.17,0,1,2,2,1
qB0b7MkHtkbTo5CbxWit47L-g0nx3MBUaIN_Cx_6uFfxUNWHGvdLm1OQ0ujkF1aO,20240306,川崎,4,F2,Ａ級チャレンジ準決勝,base_color_5_bk,base_color_5,5,,014650,佐藤　裕輝,,,福　島,A3,A3,逃,70.94,0,4,3,0,2
qB0b7MkHtkbTo5CbxWit47L-g0nx3MBUaIN_Cx_6uFfxUNWHGvdLm1OQ0ujkF1aO,20240306,川崎,4,F2,Ａ級チャレンジ準決勝,base_color_6_bk,base_color_6,6,,012982,上原　直樹,,,岡　山,A3,A3,追,67.27,0,0,3,0,1
qB0b7MkHtkbTo5CbxWit47L-g0nx3MBUaIN_Cx_6uFfxUNWHGvdLm1OQ0ujkF1aO,20240306,川崎,4,F2,Ａ級チャレンジ準決勝,base_color_7_bk,base_color_7,7,,014777,竹村　達也,,,高　知,A3,A3,両,66.05,0,0,0,2,2
qB0b7MkHtkbTo5CbxWit4xoRaOIU5d1BY2VILfYs-uB96rArUB2ZnqP1rkW_eQ_U,20240306,川崎,5,F2,Ａ級特一般,base_color_1_bk,base_color_1,1,,013520,高木　竜司,,,熊　本,A1,A1,追,86.66,0,0,5,1,0
qB0b7MkHtkbTo5CbxWit4xoRaOIU5d1BY2VILfYs-uB96rArUB2ZnqP1rkW_eQ_U,20240306,川崎,5,F2,Ａ級特一般,base_color_2_bk,base_color_2,2,,014008,甲斐　康昭,,,群　馬,A1,A1,追,86.44,0,0,3,3,0
qB0b7MkHtkbTo5CbxWit4xoRaOIU5d1BY2VILfYs-uB96rArUB2ZnqP1rkW_eQ_U,20240306,川崎,5,F2,Ａ級特一般,base_color_3_bk,base_color_3,3,,013352,吉永　和生,,,広　島,A1,A2,追,86.27,0,1,4,1,0
qB0b7MkHtkbTo5CbxWit4xoRaOIU5d1BY2VILfYs-uB96rArUB2ZnqP1rkW_eQ_U,20240306,川崎,5,F2,Ａ級特一般,base_color_4_bk,base_color_4,4,,014412,宮崎　康司,,,香　川,A1,A1,両,84.69,4,0,5,1,4
qB0b7MkHtkbTo5CbxWit4xoRaOIU5d1BY2VILfYs-uB96rArUB2ZnqP1rkW_eQ_U,20240306,川崎,5,F2,Ａ級特一般,base_color_5_bk,base_color_5,5,,015481,山川　奨太,,,熊　本,A2,A2,逃,83.37,2,2,3,0,2
qB0b7MkHtkbTo5CbxWit4xoRaOIU5d1BY2VILfYs-uB96rArUB2ZnqP1rkW_eQ_U,20240306,川崎,5,F2,Ａ級特一般,base_color_6_bk,base_color_6,6,,012345,幸田　光博,,,栃　木,A2,A2,追,81.44,0,0,1,0,0
qB0b7MkHtkbTo5CbxWit4xoRaOIU5d1BY2VILfYs-uB96rArUB2ZnqP1rkW_eQ_U,20240306,川崎,5,F2,Ａ級特一般,base_color_7_bk,base_color_7,7,,014366,阿久津浩之,,,東　京,A3,A2,逃,80.77,7,0,2,1,12
qB0b7MkHtkbTo5CbxWit432mdh3Z17KcGOI95WD7GeFLOGNJLuHmjs0OYXLWSbkQ,20240306,川崎,6,F2,Ａ級特一般,base_color_1_bk,base_color_1,1,,015280,藤井　將,,,広　島,A2,A1,両,86.88,0,5,3,1,3
qB0b7MkHtkbTo5CbxWit432mdh3Z17KcGOI95WD7GeFLOGNJLuHmjs0OYXLWSbkQ,20240306,川崎,6,F2,Ａ級特一般,base_color_2_bk,base_color_2,2,,013219,宮本　佳樹,color_blue,追加,香　川,A1,A1,追,86.80,0,1,5,3,0
qB0b7MkHtkbTo5CbxWit432mdh3Z17KcGOI95WD7GeFLOGNJLuHmjs0OYXLWSbkQ,20240306,川崎,6,F2,Ａ級特一般,base_color_3_bk,base_color_3,3,,013512,長野　和弘,,,福　岡,A2,A2,追,85.47,0,0,4,2,0
qB0b7MkHtkbTo5CbxWit432mdh3Z17KcGOI95WD7GeFLOGNJLuHmjs0OYXLWSbkQ,20240306,川崎,6,F2,Ａ級特一般,base_color_4_bk,base_color_4,4,,013710,榎本　光男,,,静　岡,A2,A2,両,82.10,1,3,1,1,5
qB0b7MkHtkbTo5CbxWit432mdh3Z17KcGOI95WD7GeFLOGNJLuHmjs0OYXLWSbkQ,20240306,川崎,6,F2,Ａ級特一般,base_color_5_bk,base_color_5,5,,015557,梶原　大地,,,福　岡,A2,A1,逃,82.00,2,4,0,1,16
qB0b7MkHtkbTo5CbxWit432mdh3Z17KcGOI95WD7GeFLOGNJLuHmjs0OYXLWSbkQ,20240306,川崎,6,F2,Ａ級特一般,base_color_6_bk,base_color_6,6,,011734,濱口　健二,,,高　知,A2,A2,追,81.64,0,0,4,0,0
qB0b7MkHtkbTo5CbxWit432mdh3Z17KcGOI95WD7GeFLOGNJLuHmjs0OYXLWSbkQ,20240306,川崎,6,F2,Ａ級特一般,base_color_7_bk,base_color_7,7,,013713,丸山　勝也,,,静　岡,A3,A2,追,75.14,0,0,1,2,0
qB0b7MkHtkbTo5CbxWit4w66K2Wk6YfpQoZIs1o42IIZOzjVTNzhRkq5MEfWfXvf,20240306,川崎,7,F2,Ａ級準決勝,base_color_1_bk,base_color_1,1,,014528,落合　達彦,,,静　岡,S2,A1,追,94.68,0,0,6,2,0
qB0b7MkHtkbTo5CbxWit4w66K2Wk6YfpQoZIs1o42IIZOzjVTNzhRkq5MEfWfXvf,20240306,川崎,7,F2,Ａ級準決勝,base_color_2_bk,base_color_2,2,,015047,加藤　健一,,,神奈川,A1,A1,逃,89.00,10,2,1,1,12
qB0b7MkHtkbTo5CbxWit4w66K2Wk6YfpQoZIs1o42IIZOzjVTNzhRkq5MEfWfXvf,20240306,川崎,7,F2,Ａ級準決勝,base_color_3_bk,base_color_3,3,,011417,小川　巧,color_blue,追加,岡　山,A1,A2,追,87.33,0,0,4,1,0
qB0b7MkHtkbTo5CbxWit4w66K2Wk6YfpQoZIs1o42IIZOzjVTNzhRkq5MEfWfXvf,20240306,川崎,7,F2,Ａ級準決勝,base_color_4_bk,base_color_4,4,,014205,日当　泰之,,,青　森,A1,A1,両,87.14,3,4,1,1,12
qB0b7MkHtkbTo5CbxWit4w66K2Wk6YfpQoZIs1o42IIZOzjVTNzhRkq5MEfWfXvf,20240306,川崎,7,F2,Ａ級準決勝,base_color_5_bk,base_color_5,5,,015117,野崎　将史,,,岡　山,A2,A1,両,86.66,0,1,6,0,0
qB0b7MkHtkbTo5CbxWit4w66K2Wk6YfpQoZIs1o42IIZOzjVTNzhRkq5MEfWfXvf,20240306,川崎,7,F2,Ａ級準決勝,base_color_6_bk,base_color_6,6,,015091,樋口　瑛土,,,東　京,A1,A2,追,84.42,0,0,3,2,0
qB0b7MkHtkbTo5CbxWit4w66K2Wk6YfpQoZIs1o42IIZOzjVTNzhRkq5MEfWfXvf,20240306,川崎,7,F2,Ａ級準決勝,base_color_7_bk,base_color_7,7,,014125,坂本　昌宏,,,青　森,A2,A2,追,82.83,0,0,2,3,0
qB0b7MkHtkbTo5CbxWit48roAlnvUEBp2npMKvnKeZnV3DXO4Vc8_b1lSoLJaY1S,20240306,川崎,8,F2,Ａ級準決勝,base_color_1_bk,base_color_1,1,,013803,三ツ石康洋,,,徳　島,S2,A1,両,96.63,2,2,5,3,2
qB0b7MkHtkbTo5CbxWit48roAlnvUEBp2npMKvnKeZnV3DXO4Vc8_b1lSoLJaY1S,20240306,川崎,8,F2,Ａ級準決勝,base_color_2_bk,base_color_2,2,,014077,古屋　琢晶,,,山　梨,S2,A1,両,96.50,1,5,4,0,8
qB0b7MkHtkbTo5CbxWit48roAlnvUEBp2npMKvnKeZnV3DXO4Vc8_b1lSoLJaY1S,20240306,川崎,8,F2,Ａ級準決勝,base_color_3_bk,base_color_3,3,,013556,山信田　学,color_blue,追加,埼　玉,A1,A1,追,89.77,0,0,8,1,0
qB0b7MkHtkbTo5CbxWit48roAlnvUEBp2npMKvnKeZnV3DXO4Vc8_b1lSoLJaY1S,20240306,川崎,8,F2,Ａ級準決勝,base_color_4_bk,base_color_4,4,,015010,吉川　嘉斗,,,徳　島,A1,A2,追,88.00,0,0,4,2,0
qB0b7MkHtkbTo5CbxWit48roAlnvUEBp2npMKvnKeZnV3DXO4Vc8_b1lSoLJaY1S,20240306,川崎,8,F2,Ａ級準決勝,base_color_5_bk,base_color_5,5,,013659,高比良　豪,color_blue,追加,福　岡,A1,A1,両,85.66,0,2,6,1,0
qB0b7MkHtkbTo5CbxWit48roAlnvUEBp2npMKvnKeZnV3DXO4Vc8_b1lSoLJaY1S,20240306,川崎,8,F2,Ａ級準決勝,base_color_6_bk,base_color_6,6,,014669,植木　和広,,,神奈川,A1,A2,追,82.09,0,0,4,1,0
qB0b7MkHtkbTo5CbxWit48roAlnvUEBp2npMKvnKeZnV3DXO4Vc8_b1lSoLJaY1S,20240306,川崎,8,F2,Ａ級準決勝,base_color_7_bk,base_color_7,7,,013828,引地　正人,,,秋　田,A1,A1,逃,79.85,3,1,0,0,9
qB0b7MkHtkbTo5CbxWit4wUrHJDnE-1KLneJ6vLLKnI0OFNz13m6DCGR8toIPSsQ,20240306,川崎,9,F2,Ａ級準決勝,base_color_1_bk,base_color_1,1,,015353,松坂　侑亮,,,神奈川,S2,A1,逃,96.08,10,2,0,0,15
qB0b7MkHtkbTo5CbxWit4wUrHJDnE-1KLneJ6vLLKnI0OFNz13m6DCGR8toIPSsQ,20240306,川崎,9,F2,Ａ級準決勝,base_color_2_bk,base_color_2,2,,015015,野口　大誠,,,熊　本,A1,A1,両,90.35,0,1,1,2,0
qB0b7MkHtkbTo5CbxWit4wUrHJDnE-1KLneJ6vLLKnI0OFNz13m6DCGR8toIPSsQ,20240306,川崎,9,F2,Ａ級準決勝,base_color_3_bk,base_color_3,3,,012823,遠藤　勝行,,,静　岡,A2,A2,追,86.77,0,0,4,5,0
qB0b7MkHtkbTo5CbxWit4wUrHJDnE-1KLneJ6vLLKnI0OFNz13m6DCGR8toIPSsQ,20240306,川崎,9,F2,Ａ級準決勝,base_color_4_bk,base_color_4,4,,014336,八尋　翔平,,,福　岡,A1,A2,追,86.50,0,0,1,0,0
qB0b7MkHtkbTo5CbxWit4wUrHJDnE-1KLneJ6vLLKnI0OFNz13m6DCGR8toIPSsQ,20240306,川崎,9,F2,Ａ級準決勝,base_color_5_bk,base_color_5,5,,015599,堀　航輝,,,青　森,A2,A2,逃,86.38,4,3,0,0,11
qB0b7MkHtkbTo5CbxWit4wUrHJDnE-1KLneJ6vLLKnI0OFNz13m6DCGR8toIPSsQ,20240306,川崎,9,F2,Ａ級準決勝,base_color_6_bk,base_color_6,6,,012800,豊田　一馬,,,群　馬,A2,A2,追,84.61,0,0,1,2,0
qB0b7MkHtkbTo5CbxWit4wUrHJDnE-1KLneJ6vLLKnI0OFNz13m6DCGR8toIPSsQ,20240306,川崎,9,F2,Ａ級準決勝,base_color_7_bk,base_color_7,7,,013919,森田　達也,,,福　島,A2,A2,両,81.33,0,0,0,3,0
pjpbN8xQZYQT1-bYupLW552oABBTbfBr_-yCsDx7jJPCqSyWfgTqZbDpaqOAEAGH,20240306,小田原,1,F2,Ａ級一般,base_color_1_bk,base_color_1,1,,012883,大沼　孝行,color_blue,追加,静　岡,A2,A2,逃,80.34,3,1,1,0,5
pjpbN8xQZYQT1-bYupLW552oABBTbfBr_-yCsDx7jJPCqSyWfgTqZbDpaqOAEAGH,20240306,小田原,1,F2,Ａ級一般,base_color_2_bk,base_color_2,2,,014841,井上　将志,,,兵　庫,A1,A2,両,83.10,1,2,2,1,5
pjpbN8xQZYQT1-bYupLW552oABBTbfBr_-yCsDx7jJPCqSyWfgTqZbDpaqOAEAGH,20240306,小田原,1,F2,Ａ級一般,base_color_3_bk,base_color_3,3,,014575,鈴木　達也,,,福　島,A2,A2,追,82.83,0,1,2,0,1
pjpbN8xQZYQT1-bYupLW552oABBTbfBr_-yCsDx7jJPCqSyWfgTqZbDpaqOAEAGH,20240306,小田原,1,F2,Ａ級一般,base_color_4_bk,base_color_4,4,,012532,西郷　剛,,,兵　庫,A2,A2,追,79.37,0,0,0,0,0
pjpbN8xQZYQT1-bYupLW552oABBTbfBr_-yCsDx7jJPCqSyWfgTqZbDpaqOAEAGH,20240306,小田原,1,F2,Ａ級一般,base_color_5_bk,base_color_5,5,,012879,石井　毅,color_blue,追加,神奈川,A2,A2,追,83.62,0,0,1,3,0
pjpbN8xQZYQT1-bYupLW552oABBTbfBr_-yCsDx7jJPCqSyWfgTqZbDpaqOAEAGH,20240306,小田原,1,F2,Ａ級一般,base_color_6_bk,base_color_6,6,,014019,長崎　達也,color_blue,補充,神奈川,A3,A2,両,76.14,0,0,4,1,0
pjpbN8xQZYQT1-bYupLW58Ww-BI8XPr9NzRK54UviXVx8seRsAOJ6pp9QOhdBURi,20240306,小田原,2,F2,Ａ級一般,base_color_1_bk,base_color_1,1,,014654,舘　真成,,,茨　城,A2,A2,両,79.14,2,0,0,1,3
pjpbN8xQZYQT1-bYupLW58Ww-BI8XPr9NzRK54UviXVx8seRsAOJ6pp9QOhdBURi,20240306,小田原,2,F2,Ａ級一般,base_color_2_bk,base_color_2,2,,014821,原岡泰志郎,,,千　葉,A1,A2,両,79.88,0,0,0,0,0
pjpbN8xQZYQT1-bYupLW58Ww-BI8XPr9NzRK54UviXVx8seRsAOJ6pp9QOhdBURi,20240306,小田原,2,F2,Ａ級一般,base_color_3_bk,base_color_3,3,,013285,吉川　悟,,,大　阪,A2,A2,追,81.04,0,0,1,0,0
pjpbN8xQZYQT1-bYupLW58Ww-BI8XPr9NzRK54UviXVx8seRsAOJ6pp9QOhdBURi,20240306,小田原,2,F2,Ａ級一般,base_color_4_bk,base_color_4,4,,014476,乾　庄平,,,滋　賀,A2,A2,追,82.79,0,0,3,1,0
pjpbN8xQZYQT1-bYupLW58Ww-BI8XPr9NzRK54UviXVx8seRsAOJ6pp9QOhdBURi,20240306,小田原,2,F2,Ａ級一般,base_color_5_bk,base_color_5,5,,012882,鈴木　愼二,,,神奈川,A2,A2,追,82.33,0,0,0,0,0
pjpbN8xQZYQT1-bYupLW58Ww-BI8XPr9NzRK54UviXVx8seRsAOJ6pp9QOhdBURi,20240306,小田原,2,F2,Ａ級一般,base_color_6_bk,base_color_6,6,,014866,櫻井　利之,color_blue,補充,神奈川,A3,A2,両,77.04,5,0,0,0,8
pjpbN8xQZYQT1-bYupLW5wd9KNMRjl7TOwt1gd_tKn3vb0cfIiZD_T2Mo7YDGP6E,20240306,小田原,3,F2,Ａ級一般,base_color_1_bk,base_color_1,1,,014166,倉野隆太郎,color_blue,追加,三　重,A2,A1,両,84.20,0,0,3,2,0
pjpbN8xQZYQT1-bYupLW5wd9KNMRjl7TOwt1gd_tKn3vb0cfIiZD_T2Mo7YDGP6E,20240306,小田原,3,F2,Ａ級一般,base_color_2_bk,base_color_2,2,,014464,中西　司,,,神奈川,A2,A1,追,84.87,0,0,4,2,0
pjpbN8xQZYQT1-bYupLW5wd9KNMRjl7TOwt1gd_tKn3vb0cfIiZD_T2Mo7YDGP6E,20240306,小田原,3,F2,Ａ級一般,base_color_3_bk,base_color_3,3,,013311,根本　雄紀,,,茨　城,A2,A2,追,82.00,0,0,1,0,0
pjpbN8xQZYQT1-bYupLW5wd9KNMRjl7TOwt1gd_tKn3vb0cfIiZD_T2Mo7YDGP6E,20240306,小田原,3,F2,Ａ級一般,base_color_4_bk,base_color_4,4,,014303,小川　達也,,,静　岡,A2,A2,逃,82.51,2,1,1,0,10
pjpbN8xQZYQT1-bYupLW5wd9KNMRjl7TOwt1gd_tKn3vb0cfIiZD_T2Mo7YDGP6E,20240306,小田原,3,F2,Ａ級一般,base_color_5_bk,base_color_5,5,,013638,村上　卓茂,,,愛　知,A1,A2,追,86.08,0,0,2,3,0
pjpbN8xQZYQT1-bYupLW5wd9KNMRjl7TOwt1gd_tKn3vb0cfIiZD_T2Mo7YDGP6E,20240306,小田原,3,F2,Ａ級一般,base_color_6_bk,base_color_6,6,,012597,塚本　貴雄,,,岐　阜,A2,A2,追,79.57,0,0,1,0,0
pjpbN8xQZYQT1-bYupLW539z9V-FYW5KgX0kj5BYhoU83U0hTGYen6BmQt00fxGN,20240306,小田原,4,F2,Ａ級特選,base_color_1_bk,base_color_1,1,,012708,野木　義規,,,北海道,A1,A2,追,85.39,0,0,7,0,0
pjpbN8xQZYQT1-bYupLW539z9V-FYW5KgX0kj5BYhoU83U0hTGYen6BmQt00fxGN,20240306,小田原,4,F2,Ａ級特選,base_color_2_bk,base_color_2,2,,014578,大越　啓介,,,栃　木,A2,A2,両,84.17,0,1,2,2,1
pjpbN8xQZYQT1-bYupLW539z9V-FYW5KgX0kj5BYhoU83U0hTGYen6BmQt00fxGN,20240306,小田原,4,F2,Ａ級特選,base_color_3_bk,base_color_3,3,,014390,愛敬　博之,,,愛　知,S2,A1,追,90.80,0,0,1,4,0
pjpbN8xQZYQT1-bYupLW539z9V-FYW5KgX0kj5BYhoU83U0hTGYen6BmQt00fxGN,20240306,小田原,4,F2,Ａ級特選,base_color_4_bk,base_color_4,4,,013951,永井　清史,,,岐　阜,A1,A2,両,83.94,1,0,2,1,1
pjpbN8xQZYQT1-bYupLW539z9V-FYW5KgX0kj5BYhoU83U0hTGYen6BmQt00fxGN,20240306,小田原,4,F2,Ａ級特選,base_color_5_bk,base_color_5,5,,015159,坂本　拓也,,,福　島,A1,A1,両,86.55,4,2,2,0,9
pjpbN8xQZYQT1-bYupLW539z9V-FYW5KgX0kj5BYhoU83U0hTGYen6BmQt00fxGN,20240306,小田原,4,F2,Ａ級特選,base_color_6_bk,base_color_6,6,,012717,伊藤　一貴,,,栃　木,A2,A2,追,80.33,0,0,1,2,0
pjpbN8xQZYQT1-bYupLW539z9V-FYW5KgX0kj5BYhoU83U0hTGYen6BmQt00fxGN,20240306,小田原,4,F2,Ａ級特選,base_color_7_bk,base_color_7,7,,014347,外崎　一成,,,北海道,A2,A2,追,82.04,0,0,3,0,1
pjpbN8xQZYQT1-bYupLW5wQDLpoR1iNbEx7xODie384aNvw09_JhkjS9v_tzIOxZ,20240306,小田原,5,F2,Ａ級決勝,base_color_1_bk,base_color_1,1,,014818,田口　裕一,,,千　葉,A2,A1,追,86.33,0,0,3,0,0
pjpbN8xQZYQT1-bYupLW5wQDLpoR1iNbEx7xODie384aNvw09_JhkjS9v_tzIOxZ,20240306,小田原,5,F2,Ａ級決勝,base_color_2_bk,base_color_2,2,,015428,藤田　周磨,,,埼　玉,S2,A1,逃,95.00,6,6,1,0,11
pjpbN8xQZYQT1-bYupLW5wQDLpoR1iNbEx7xODie384aNvw09_JhkjS9v_tzIOxZ,20240306,小田原,5,F2,Ａ級決勝,base_color_3_bk,base_color_3,3,,015115,堀　僚介,,,大　阪,A1,A1,逃,92.61,1,8,3,2,6
pjpbN8xQZYQT1-bYupLW5wQDLpoR1iNbEx7xODie384aNvw09_JhkjS9v_tzIOxZ,20240306,小田原,5,F2,Ａ級決勝,base_color_4_bk,base_color_4,4,,013879,伊豆田浩人,,,神奈川,S2,A1,追,92.56,0,0,1,5,0
pjpbN8xQZYQT1-bYupLW5wQDLpoR1iNbEx7xODie384aNvw09_JhkjS9v_tzIOxZ,20240306,小田原,5,F2,Ａ級決勝,base_color_5_bk,base_color_5,5,,015331,宇佐見優介,,,福　島,A1,A1,追,88.50,0,0,3,4,0
pjpbN8xQZYQT1-bYupLW5wQDLpoR1iNbEx7xODie384aNvw09_JhkjS9v_tzIOxZ,20240306,小田原,5,F2,Ａ級決勝,base_color_6_bk,base_color_6,6,,014153,伊藤　太一,,,山　梨,A2,A2,追,84.69,2,0,3,1,3
pjpbN8xQZYQT1-bYupLW5wQDLpoR1iNbEx7xODie384aNvw09_JhkjS9v_tzIOxZ,20240306,小田原,5,F2,Ａ級決勝,base_color_7_bk,base_color_7,7,,014591,本多　哲也,,,千　葉,S2,A1,逃,91.40,2,3,0,0,8
pjpbN8xQZYQT1-bYupLW5y6wxsy3jm__IzywVzyKSoHfcOVzV2ohafMh_L09PVAe,20240306,小田原,6,F2,Ａ級特選,base_color_1_bk,base_color_1,1,,013571,小林　信晴,,,愛　知,A1,A1,追,87.58,0,0,3,3,1
pjpbN8xQZYQT1-bYupLW5y6wxsy3jm__IzywVzyKSoHfcOVzV2ohafMh_L09PVAe,20240306,小田原,6,F2,Ａ級特選,base_color_2_bk,base_color_2,2,,014586,近藤　寛央,,,東　京,A2,A1,追,88.77,0,0,3,3,0
pjpbN8xQZYQT1-bYupLW5y6wxsy3jm__IzywVzyKSoHfcOVzV2ohafMh_L09PVAe,20240306,小田原,6,F2,Ａ級特選,base_color_3_bk,base_color_3,3,,014530,栗田　雄矢,,,静　岡,A1,A2,追,87.66,0,1,6,1,0
pjpbN8xQZYQT1-bYupLW5y6wxsy3jm__IzywVzyKSoHfcOVzV2ohafMh_L09PVAe,20240306,小田原,6,F2,Ａ級特選,base_color_4_bk,base_color_4,4,,015332,鈴木　涼介,,,福　島,A1,A1,逃,86.74,11,1,1,0,21
pjpbN8xQZYQT1-bYupLW5y6wxsy3jm__IzywVzyKSoHfcOVzV2ohafMh_L09PVAe,20240306,小田原,6,F2,Ａ級特選,base_color_5_bk,base_color_5,5,,012590,山崎　敦雄,color_blue,追加,静　岡,A1,A1,追,83.21,0,0,1,0,0
pjpbN8xQZYQT1-bYupLW5y6wxsy3jm__IzywVzyKSoHfcOVzV2ohafMh_L09PVAe,20240306,小田原,6,F2,Ａ級特選,base_color_6_bk,base_color_6,6,,015054,谷本　奨輝,,,富　山,A2,A1,両,83.08,2,0,2,1,10
pjpbN8xQZYQT1-bYupLW5y6wxsy3jm__IzywVzyKSoHfcOVzV2ohafMh_L09PVAe,20240306,小田原,6,F2,Ａ級特選,base_color_7_bk,base_color_7,7,,012417,須藤　直道,,,群　馬,A1,A1,追,89.40,0,0,9,4,0
pjpbN8xQZYQT1-bYupLW5zbeEHHz4D2AfBwEv-NloAY9jCJuwjBXR3XOEXi8T095,20240306,小田原,7,F2,Ａ級特選,base_color_1_bk,base_color_1,1,,014520,伊藤　彰規,,,神奈川,A1,A2,両,87.20,0,0,6,0,0
pjpbN8xQZYQT1-bYupLW5zbeEHHz4D2AfBwEv-NloAY9jCJuwjBXR3XOEXi8T095,20240306,小田原,7,F2,Ａ級特選,base_color_2_bk,base_color_2,2,,013641,竹内　一暢,,,滋　賀,A1,A1,追,86.56,0,0,5,2,0
pjpbN8xQZYQT1-bYupLW5zbeEHHz4D2AfBwEv-NloAY9jCJuwjBXR3XOEXi8T095,20240306,小田原,7,F2,Ａ級特選,base_color_3_bk,base_color_3,3,,013763,川上真二郎,,,新　潟,A2,A2,追,82.45,0,0,0,1,0
pjpbN8xQZYQT1-bYupLW5zbeEHHz4D2AfBwEv-NloAY9jCJuwjBXR3XOEXi8T095,20240306,小田原,7,F2,Ａ級特選,base_color_4_bk,base_color_4,4,,013834,平石　浩之,,,茨　城,A2,A1,追,84.15,0,0,2,3,0
pjpbN8xQZYQT1-bYupLW5zbeEHHz4D2AfBwEv-NloAY9jCJuwjBXR3XOEXi8T095,20240306,小田原,7,F2,Ａ級特選,base_color_5_bk,base_color_5,5,,015360,勝谷　勝治,,,三　重,A2,A1,逃,81.09,1,1,0,1,9
pjpbN8xQZYQT1-bYupLW5zbeEHHz4D2AfBwEv-NloAY9jCJuwjBXR3XOEXi8T095,20240306,小田原,7,F2,Ａ級特選,base_color_6_bk,base_color_6,6,,011993,深井　高志,,,東　京,A2,A2,追,80.42,0,0,2,0,0
pjpbN8xQZYQT1-bYupLW5zbeEHHz4D2AfBwEv-NloAY9jCJuwjBXR3XOEXi8T095,20240306,小田原,7,F2,Ａ級特選,base_color_7_bk,base_color_7,7,,015045,大関　祐也,,,千　葉,A2,A2,逃,81.44,3,2,0,0,11
r7c8N-lTlOenJOhe9NDy6N0wtvh_S78SwNUpkKgdTbEYzrDyAYQhpNtlYtCp5xi1,20240306,松阪,1,F2,Ａ級チャレンジ一般,base_color_1_bk,base_color_1,1,,014595,瀧本　匡平,,,愛　知,A2,A3,逃,73.43,1,2,2,0,5
r7c8N-lTlOenJOhe9NDy6N0wtvh_S78SwNUpkKgdTbEYzrDyAYQhpNtlYtCp5xi1,20240306,松阪,1,F2,Ａ級チャレンジ一般,base_color_2_bk,base_color_2,2,,014713,鈴木　裕斗,,,宮　城,A2,A3,両,70.28,0,2,3,0,3
r7c8N-lTlOenJOhe9NDy6N0wtvh_S78SwNUpkKgdTbEYzrDyAYQhpNtlYtCp5xi1,20240306,松阪,1,F2,Ａ級チャレンジ一般,base_color_3_bk,base_color_3,3,,013269,田島　高志,color_blue,追加,三　重,A3,A3,追,69.30,0,0,0,1,0
r7c8N-lTlOenJOhe9NDy6N0wtvh_S78SwNUpkKgdTbEYzrDyAYQhpNtlYtCp5xi1,20240306,松阪,1,F2,Ａ級チャレンジ一般,base_color_4_bk,base_color_4,4,,014932,浦野　慈生,,,神奈川,A3,A3,逃,69.20,0,1,0,2,5
r7c8N-lTlOenJOhe9NDy6N0wtvh_S78SwNUpkKgdTbEYzrDyAYQhpNtlYtCp5xi1,20240306,松阪,1,F2,Ａ級チャレンジ一般,base_color_5_bk,base_color_5,5,,013753,阿部　晃,color_blue,追加,宮　城,A3,A3,追,68.88,0,1,2,3,0
r7c8N-lTlOenJOhe9NDy6N0wtvh_S78SwNUpkKgdTbEYzrDyAYQhpNtlYtCp5xi1,20240306,松阪,1,F2,Ａ級チャレンジ一般,base_color_6_bk,base_color_6,6,,011372,黒瀬　浩一,,,静　岡,A3,A3,追,66.66,0,0,0,0,0
r7c8N-lTlOenJOhe9NDy6N0wtvh_S78SwNUpkKgdTbEYzrDyAYQhpNtlYtCp5xi1,20240306,松阪,1,F2,Ａ級チャレンジ一般,base_color_7_bk,base_color_7,7,,011802,岡崎　泰士,,,静　岡,A3,A3,追,65.77,0,0,1,0,0
r7c8N-lTlOenJOhe9NDy6FqrX9GUCzqcVKXXuuYXGmsAhUMlTkkE6yCB-SAmGl7U,20240306,松阪,2,F2,Ａ級チャレンジ一般,base_color_1_bk,base_color_1,1,,015709,神尾　敬冬,,,静　岡,A3,A3,逃,76.90,7,9,0,0,9
r7c8N-lTlOenJOhe9NDy6FqrX9GUCzqcVKXXuuYXGmsAhUMlTkkE6yCB-SAmGl7U,20240306,松阪,2,F2,Ａ級チャレンジ一般,base_color_2_bk,base_color_2,2,,013905,藤原　義晴,,,岩　手,A2,A3,追,72.53,0,0,4,0,1
r7c8N-lTlOenJOhe9NDy6FqrX9GUCzqcVKXXuuYXGmsAhUMlTkkE6yCB-SAmGl7U,20240306,松阪,2,F2,Ａ級チャレンジ一般,base_color_3_bk,base_color_3,3,,012015,西田　潤,,,富　山,A3,A3,追,68.86,0,0,3,0,0
r7c8N-lTlOenJOhe9NDy6FqrX9GUCzqcVKXXuuYXGmsAhUMlTkkE6yCB-SAmGl7U,20240306,松阪,2,F2,Ａ級チャレンジ一般,base_color_4_bk,base_color_4,4,,012725,浦山　一栄,,,東　京,A3,A3,両,68.62,2,0,2,1,7
r7c8N-lTlOenJOhe9NDy6FqrX9GUCzqcVKXXuuYXGmsAhUMlTkkE6yCB-SAmGl7U,20240306,松阪,2,F2,Ａ級チャレンジ一般,base_color_5_bk,base_color_5,5,,013795,井上　将志,,,大　阪,A3,A3,追,68.29,0,0,0,0,0
r7c8N-lTlOenJOhe9NDy6FqrX9GUCzqcVKXXuuYXGmsAhUMlTkkE6yCB-SAmGl7U,20240306,松阪,2,F2,Ａ級チャレンジ一般,base_color_6_bk,base_color_6,6,,013547,土屋　宏,,,群　馬,A3,A3,追,67.50,0,0,0,0,0
r7c8N-lTlOenJOhe9NDy6FqrX9GUCzqcVKXXuuYXGmsAhUMlTkkE6yCB-SAmGl7U,20240306,松阪,2,F2,Ａ級チャレンジ一般,base_color_7_bk,base_color_7,7,,012795,黒田　充,,,栃　木,A3,A3,追,67.25,0,0,0,0,0
r7c8N-lTlOenJOhe9NDy6LAesU3VAg9ye-QC1Ktrsa-FkhtmN-l8yeFcTy4XLwuV,20240306,松阪,3,F2,Ａ級チャレンジ準決勝,base_color_1_bk,base_color_1,1,,015716,尾方　祐仁,color_blue,追加,岐　阜,A3,A3,逃,78.17,10,7,1,1,15
r7c8N-lTlOenJOhe9NDy6LAesU3VAg9ye-QC1Ktrsa-FkhtmN-l8yeFcTy4XLwuV,20240306,松阪,3,F2,Ａ級チャレンジ準決勝,base_color_2_bk,base_color_2,2,,015724,村上　翔馬,color_blue,追加,兵　庫,A3,A3,逃,76.96,18,1,1,0,19
r7c8N-lTlOenJOhe9NDy6LAesU3VAg9ye-QC1Ktrsa-FkhtmN-l8yeFcTy4XLwuV,20240306,松阪,3,F2,Ａ級チャレンジ準決勝,base_color_3_bk,base_color_3,3,,014382,伊藤　翼,color_blue,追加,神奈川,A2,A3,両,74.72,1,7,4,1,5
r7c8N-lTlOenJOhe9NDy6LAesU3VAg9ye-QC1Ktrsa-FkhtmN-l8yeFcTy4XLwuV,20240306,松阪,3,F2,Ａ級チャレンジ準決勝,base_color_4_bk,base_color_4,4,,011622,杉山　正和,,,三　重,A2,A3,追,74.57,0,0,0,5,0
r7c8N-lTlOenJOhe9NDy6LAesU3VAg9ye-QC1Ktrsa-FkhtmN-l8yeFcTy4XLwuV,20240306,松阪,3,F2,Ａ級チャレンジ準決勝,base_color_5_bk,base_color_5,5,,012005,藤田　和彦,,,神奈川,A2,A3,追,74.50,0,0,5,1,0
r7c8N-lTlOenJOhe9NDy6LAesU3VAg9ye-QC1Ktrsa-FkhtmN-l8yeFcTy4XLwuV,20240306,松阪,3,F2,Ａ級チャレンジ準決勝,base_color_6_bk,base_color_6,6,,013023,吉田　英二,color_blue,追加,東　京,A3,A3,追,69.89,0,0,3,0,0
r7c8N-lTlOenJOhe9NDy6LAesU3VAg9ye-QC1Ktrsa-FkhtmN-l8yeFcTy4XLwuV,20240306,松阪,3,F2,Ａ級チャレンジ準決勝,base_color_7_bk,base_color_7,7,,015105,大崎龍一郎,,,滋　賀,A3,A3,両,67.09,0,0,1,1,0
r7c8N-lTlOenJOhe9NDy6Jdg82RjLOkzWNIrU4wWTdEDGnNaGo3VATZKiBE8YzGM,20240306,松阪,4,F2,Ａ級チャレンジ準決勝,base_color_1_bk,base_color_1,1,,015696,荒川　達郎,,,埼　玉,A3,A3,逃,78.90,5,5,0,0,7
r7c8N-lTlOenJOhe9NDy6Jdg82RjLOkzWNIrU4wWTdEDGnNaGo3VATZKiBE8YzGM,20240306,松阪,4,F2,Ａ級チャレンジ準決勝,base_color_2_bk,base_color_2,2,,014807,福田　拓也,,,栃　木,A2,A3,追,78.15,0,0,1,4,0
r7c8N-lTlOenJOhe9NDy6Jdg82RjLOkzWNIrU4wWTdEDGnNaGo3VATZKiBE8YzGM,20240306,松阪,4,F2,Ａ級チャレンジ準決勝,base_color_3_bk,base_color_3,3,,015717,児玉虎之介,,,岐　阜,A3,A3,逃,75.71,12,2,0,0,17
r7c8N-lTlOenJOhe9NDy6Jdg82RjLOkzWNIrU4wWTdEDGnNaGo3VATZKiBE8YzGM,20240306,松阪,4,F2,Ａ級チャレンジ準決勝,base_color_4_bk,base_color_4,4,,014429,千澤　大輔,,,青　森,A2,A3,追,74.74,0,0,6,3,0
r7c8N-lTlOenJOhe9NDy6Jdg82RjLOkzWNIrU4wWTdEDGnNaGo3VATZKiBE8YzGM,20240306,松阪,4,F2,Ａ級チャレンジ準決勝,base_color_5_bk,base_color_5,5,,013080,阿部　利光,,,宮　城,A3,A3,追,71.81,0,0,6,4,0
r7c8N-lTlOenJOhe9NDy6Jdg82RjLOkzWNIrU4wWTdEDGnNaGo3VATZKiBE8YzGM,20240306,松阪,4,F2,Ａ級チャレンジ準決勝,base_color_6_bk,base_color_6,6,,014447,三木　翔太,,,群　馬,A3,A3,両,71.06,0,0,1,3,0
r7c8N-lTlOenJOhe9NDy6Jdg82RjLOkzWNIrU4wWTdEDGnNaGo3VATZKiBE8YzGM,20240306,松阪,4,F2,Ａ級チャレンジ準決勝,base_color_7_bk,base_color_7,7,,013796,陶器　一馬,,,大　阪,A3,A3,追,69.47,0,1,1,0,0
r7c8N-lTlOenJOhe9NDy6NkZH9BOhWttkb_XPa7Jsl0mZewQw68VGhbZuCeJ06Q4,20240306,松阪,5,F2,Ａ級特一般,base_color_1_bk,base_color_1,1,,014988,伊早坂駿一,,,茨　城,A1,A2,逃,84.15,3,1,2,0,5
r7c8N-lTlOenJOhe9NDy6NkZH9BOhWttkb_XPa7Jsl0mZewQw68VGhbZuCeJ06Q4,20240306,松阪,5,F2,Ａ級特一般,base_color_2_bk,base_color_2,2,,013384,金子　兼久,color_blue,追加,宮　城,A1,A1,追,84.04,0,0,1,2,0
r7c8N-lTlOenJOhe9NDy6NkZH9BOhWttkb_XPa7Jsl0mZewQw68VGhbZuCeJ06Q4,20240306,松阪,5,F2,Ａ級特一般,base_color_3_bk,base_color_3,3,,013426,本村　隆文,,,岐　阜,A2,A1,追,83.94,0,0,4,2,0
r7c8N-lTlOenJOhe9NDy6NkZH9BOhWttkb_XPa7Jsl0mZewQw68VGhbZuCeJ06Q4,20240306,松阪,5,F2,Ａ級特一般,base_color_4_bk,base_color_4,4,,014094,有馬　雄二,,,奈　良,A2,A2,追,83.16,0,0,1,3,0
r7c8N-lTlOenJOhe9NDy6NkZH9BOhWttkb_XPa7Jsl0mZewQw68VGhbZuCeJ06Q4,20240306,松阪,5,F2,Ａ級特一般,base_color_5_bk,base_color_5,5,,014753,山田　純也,,,岐　阜,A2,A2,両,79.33,3,0,0,0,7
r7c8N-lTlOenJOhe9NDy6NkZH9BOhWttkb_XPa7Jsl0mZewQw68VGhbZuCeJ06Q4,20240306,松阪,5,F2,Ａ級特一般,base_color_6_bk,base_color_6,6,,012530,池上　孝之,,,兵　庫,A3,A2,追,76.54,0,0,2,0,0
r7c8N-lTlOenJOhe9NDy6NkZH9BOhWttkb_XPa7Jsl0mZewQw68VGhbZuCeJ06Q4,20240306,松阪,5,F2,Ａ級特一般,base_color_7_bk,base_color_7,7,,012934,煤賀　隆幸,,,秋　田,A3,A2,追,76.09,0,0,2,1,0
r7c8N-lTlOenJOhe9NDy6AnNJoOna8NKqI5UNo1yC_-GD5dnVGl45_D5mnzgFzZF,20240306,松阪,6,F2,Ａ級特一般,base_color_1_bk,base_color_1,1,,015255,樋口　開土,,,東　京,A1,A1,逃,84.33,7,1,1,0,10
r7c8N-lTlOenJOhe9NDy6AnNJoOna8NKqI5UNo1yC_-GD5dnVGl45_D5mnzgFzZF,20240306,松阪,6,F2,Ａ級特一般,base_color_2_bk,base_color_2,2,,014676,柳原　司,,,大　阪,A2,A2,両,83.66,0,0,3,3,0
r7c8N-lTlOenJOhe9NDy6AnNJoOna8NKqI5UNo1yC_-GD5dnVGl45_D5mnzgFzZF,20240306,松阪,6,F2,Ａ級特一般,base_color_3_bk,base_color_3,3,,014069,渡邊　政幸,,,埼　玉,A2,A2,追,83.50,0,0,0,2,0
r7c8N-lTlOenJOhe9NDy6AnNJoOna8NKqI5UNo1yC_-GD5dnVGl45_D5mnzgFzZF,20240306,松阪,6,F2,Ａ級特一般,base_color_4_bk,base_color_4,4,,015538,村瀬　大和,,,岐　阜,A3,A2,逃,80.95,7,1,0,1,10
r7c8N-lTlOenJOhe9NDy6AnNJoOna8NKqI5UNo1yC_-GD5dnVGl45_D5mnzgFzZF,20240306,松阪,6,F2,Ａ級特一般,base_color_5_bk,base_color_5,5,,014840,石貞　有基,color_blue,追加,兵　庫,A3,A1,両,80.77,0,0,1,3,0
r7c8N-lTlOenJOhe9NDy6AnNJoOna8NKqI5UNo1yC_-GD5dnVGl45_D5mnzgFzZF,20240306,松阪,6,F2,Ａ級特一般,base_color_6_bk,base_color_6,6,,011364,遠澤　健二,,,神奈川,A3,A2,追,78.75,0,0,0,0,0
r7c8N-lTlOenJOhe9NDy6AnNJoOna8NKqI5UNo1yC_-GD5dnVGl45_D5mnzgFzZF,20240306,松阪,6,F2,Ａ級特一般,base_color_7_bk,base_color_7,7,,012940,小室　貴広,,,茨　城,A3,A2,追,78.66,0,0,1,1,0
r7c8N-lTlOenJOhe9NDy6LTojDhS89ZMDjzzvu1Li2oTIvqGTJzfA7wbI59nI1iB,20240306,松阪,7,F2,Ａ級準決勝,base_color_1_bk,base_color_1,1,,012829,西浦　仙哉,,,三　重,A1,A1,両,90.50,0,2,0,0,0
r7c8N-lTlOenJOhe9NDy6LTojDhS89ZMDjzzvu1Li2oTIvqGTJzfA7wbI59nI1iB,20240306,松阪,7,F2,Ａ級準決勝,base_color_2_bk,base_color_2,2,,014867,巴　直也,,,神奈川,A1,A1,追,90.00,0,0,3,1,0
r7c8N-lTlOenJOhe9NDy6LTojDhS89ZMDjzzvu1Li2oTIvqGTJzfA7wbI59nI1iB,20240306,松阪,7,F2,Ａ級準決勝,base_color_3_bk,base_color_3,3,,012283,富永　益生,,,愛　知,A1,A1,追,89.06,0,0,5,4,0
r7c8N-lTlOenJOhe9NDy6LTojDhS89ZMDjzzvu1Li2oTIvqGTJzfA7wbI59nI1iB,20240306,松阪,7,F2,Ａ級準決勝,base_color_4_bk,base_color_4,4,,014479,金子　浩貴,,,京　都,A1,A1,追,88.84,0,0,4,4,0
r7c8N-lTlOenJOhe9NDy6LTojDhS89ZMDjzzvu1Li2oTIvqGTJzfA7wbI59nI1iB,20240306,松阪,7,F2,Ａ級準決勝,base_color_5_bk,base_color_5,5,,014941,江端　隆司,,,福　井,A2,A2,逃,86.58,2,2,0,0,4
r7c8N-lTlOenJOhe9NDy6LTojDhS89ZMDjzzvu1Li2oTIvqGTJzfA7wbI59nI1iB,20240306,松阪,7,F2,Ａ級準決勝,base_color_6_bk,base_color_6,6,,014813,新井僚太郎,,,山　梨,A2,A2,両,84.74,2,1,5,3,3
r7c8N-lTlOenJOhe9NDy6LTojDhS89ZMDjzzvu1Li2oTIvqGTJzfA7wbI59nI1iB,20240306,松阪,7,F2,Ａ級準決勝,base_color_7_bk,base_color_7,7,,013273,西　徹,,,石　川,A2,A2,追,82.92,0,0,3,0,0
r7c8N-lTlOenJOhe9NDy6G-ytKCLXE5lzg0FfAWqyABlScy7oTLzqgcW93l_HPKI,20240306,松阪,8,F2,Ａ級準決勝,base_color_1_bk,base_color_1,1,,013748,佐々木省司,,,青　森,S2,A1,追,92.35,0,0,5,1,0
r7c8N-lTlOenJOhe9NDy6G-ytKCLXE5lzg0FfAWqyABlScy7oTLzqgcW93l_HPKI,20240306,松阪,8,F2,Ａ級準決勝,base_color_2_bk,base_color_2,2,,015344,荒木　貴大,,,埼　玉,A1,A1,逃,92.27,0,7,1,1,7
r7c8N-lTlOenJOhe9NDy6G-ytKCLXE5lzg0FfAWqyABlScy7oTLzqgcW93l_HPKI,20240306,松阪,8,F2,Ａ級準決勝,base_color_3_bk,base_color_3,3,,013119,松尾　淳,,,岐　阜,S2,A1,追,90.42,0,0,0,1,0
r7c8N-lTlOenJOhe9NDy6G-ytKCLXE5lzg0FfAWqyABlScy7oTLzqgcW93l_HPKI,20240306,松阪,8,F2,Ａ級準決勝,base_color_4_bk,base_color_4,4,,015534,牛田樹希斗,color_blue,追加,愛　知,A2,A2,逃,85.00,5,3,0,0,10
r7c8N-lTlOenJOhe9NDy6G-ytKCLXE5lzg0FfAWqyABlScy7oTLzqgcW93l_HPKI,20240306,松阪,8,F2,Ａ級準決勝,base_color_5_bk,base_color_5,5,,013723,高谷進太郎,color_blue,追加,三　重,A2,A2,両,83.55,0,2,3,2,0
r7c8N-lTlOenJOhe9NDy6G-ytKCLXE5lzg0FfAWqyABlScy7oTLzqgcW93l_HPKI,20240306,松阪,8,F2,Ａ級準決勝,base_color_6_bk,base_color_6,6,,014979,黒川　渉,,,奈　良,A2,A2,逃,81.43,0,0,1,3,0
r7c8N-lTlOenJOhe9NDy6G-ytKCLXE5lzg0FfAWqyABlScy7oTLzqgcW93l_HPKI,20240306,松阪,8,F2,Ａ級準決勝,base_color_7_bk,base_color_7,7,,015190,大中　拓磨,,,兵　庫,A2,A2,逃,79.88,2,1,1,0,17
r7c8N-lTlOenJOhe9NDy6KyYKuqoXLZvU2bDtwMnY3DMSC5bBmJyqxbPCvS6i-GY,20240306,松阪,9,F2,Ａ級準決勝,base_color_1_bk,base_color_1,1,,015104,中川　勝貴,,,福　井,S2,A1,追,97.00,0,0,2,3,0
r7c8N-lTlOenJOhe9NDy6KyYKuqoXLZvU2bDtwMnY3DMSC5bBmJyqxbPCvS6i-GY,20240306,松阪,9,F2,Ａ級準決勝,base_color_2_bk,base_color_2,2,,015174,菊池竣太朗,,,静　岡,A1,A1,両,94.16,2,2,1,1,4
r7c8N-lTlOenJOhe9NDy6KyYKuqoXLZvU2bDtwMnY3DMSC5bBmJyqxbPCvS6i-GY,20240306,松阪,9,F2,Ａ級準決勝,base_color_3_bk,base_color_3,3,,013899,山田　和巧,,,神奈川,S2,A2,追,90.83,0,0,3,1,0
r7c8N-lTlOenJOhe9NDy6KyYKuqoXLZvU2bDtwMnY3DMSC5bBmJyqxbPCvS6i-GY,20240306,松阪,9,F2,Ａ級準決勝,base_color_4_bk,base_color_4,4,,014314,中川　繁樹,,,京　都,A1,A1,逃,87.65,7,2,1,1,10
r7c8N-lTlOenJOhe9NDy6KyYKuqoXLZvU2bDtwMnY3DMSC5bBmJyqxbPCvS6i-GY,20240306,松阪,9,F2,Ａ級準決勝,base_color_5_bk,base_color_5,5,,012861,小坂　敏之,,,栃　木,A1,A1,追,85.50,0,0,1,3,0
r7c8N-lTlOenJOhe9NDy6KyYKuqoXLZvU2bDtwMnY3DMSC5bBmJyqxbPCvS6i-GY,20240306,松阪,9,F2,Ａ級準決勝,base_color_6_bk,base_color_6,6,,013705,佐藤　有輝,color_blue,追加,神奈川,A2,A2,追,84.43,0,0,3,2,0
r7c8N-lTlOenJOhe9NDy6KyYKuqoXLZvU2bDtwMnY3DMSC5bBmJyqxbPCvS6i-GY,20240306,松阪,9,F2,Ａ級準決勝,base_color_7_bk,base_color_7,7,,013560,小佐野文秀,,,山　梨,A2,A1,追,84.06,0,0,0,3,1
YKTV-bUcoDkDA1ygFMkyJijZzj95UvBaALDwOApPnMSZsJuMFZZpmnbsqQeK0uiv,20240306,福井,1,F2,Ａ級チャレンジ一般,base_color_1_bk,base_color_1,1,,012650,笹川　竜治,,,新　潟,A3,A3,追,65.36,0,0,0,1,0
YKTV-bUcoDkDA1ygFMkyJijZzj95UvBaALDwOApPnMSZsJuMFZZpmnbsqQeK0uiv,20240306,福井,1,F2,Ａ級チャレンジ一般,base_color_2_bk,base_color_2,2,,014751,川西　貴之,,,岐　阜,A3,A3,両,67.71,0,0,4,1,1
YKTV-bUcoDkDA1ygFMkyJijZzj95UvBaALDwOApPnMSZsJuMFZZpmnbsqQeK0uiv,20240306,福井,1,F2,Ａ級チャレンジ一般,base_color_3_bk,base_color_3,3,,011766,齋藤　明,,,北海道,A3,A3,追,67.82,0,0,2,3,0
YKTV-bUcoDkDA1ygFMkyJijZzj95UvBaALDwOApPnMSZsJuMFZZpmnbsqQeK0uiv,20240306,福井,1,F2,Ａ級チャレンジ一般,base_color_4_bk,base_color_4,4,,014124,石田　宏樹,color_blue,追加,青　森,A2,A3,両,73.27,1,1,4,0,2
YKTV-bUcoDkDA1ygFMkyJijZzj95UvBaALDwOApPnMSZsJuMFZZpmnbsqQeK0uiv,20240306,福井,1,F2,Ａ級チャレンジ一般,base_color_5_bk,base_color_5,5,,014355,小酒　大司,color_blue,追加,福　島,A3,A3,両,64.33,0,0,1,1,0
YKTV-bUcoDkDA1ygFMkyJijZzj95UvBaALDwOApPnMSZsJuMFZZpmnbsqQeK0uiv,20240306,福井,1,F2,Ａ級チャレンジ一般,base_color_6_bk,base_color_6,6,,013266,伊藤　嘉浩,,,岐　阜,A3,A3,両,62.33,0,0,0,0,2
YKTV-bUcoDkDA1ygFMkyJlPaaBrx3GWJ-km44x_dw6GtW1OcV0Qcr403aHdyfjXS,20240306,福井,2,F2,Ａ級チャレンジ一般,base_color_1_bk,base_color_1,1,,012976,中井　修,color_blue,追加,滋　賀,A3,A3,両,70.77,0,2,2,4,0
YKTV-bUcoDkDA1ygFMkyJlPaaBrx3GWJ-km44x_dw6GtW1OcV0Qcr403aHdyfjXS,20240306,福井,2,F2,Ａ級チャレンジ一般,base_color_2_bk,base_color_2,2,,013380,木村　元信,,,青　森,A3,A3,追,64.59,0,0,0,1,0
YKTV-bUcoDkDA1ygFMkyJlPaaBrx3GWJ-km44x_dw6GtW1OcV0Qcr403aHdyfjXS,20240306,福井,2,F2,Ａ級チャレンジ一般,base_color_3_bk,base_color_3,3,,012659,北村　匡章,,,静　岡,A3,A3,追,66.89,0,0,1,3,1
YKTV-bUcoDkDA1ygFMkyJlPaaBrx3GWJ-km44x_dw6GtW1OcV0Qcr403aHdyfjXS,20240306,福井,2,F2,Ａ級チャレンジ一般,base_color_4_bk,base_color_4,4,,013575,渡会　啓介,,,愛　知,A2,A3,追,74.76,0,1,3,4,0
YKTV-bUcoDkDA1ygFMkyJlPaaBrx3GWJ-km44x_dw6GtW1OcV0Qcr403aHdyfjXS,20240306,福井,2,F2,Ａ級チャレンジ一般,base_color_5_bk,base_color_5,5,,015367,南　蓮,,,和歌山,A3,A3,逃,65.43,0,0,1,0,2
YKTV-bUcoDkDA1ygFMkyJlPaaBrx3GWJ-km44x_dw6GtW1OcV0Qcr403aHdyfjXS,20240306,福井,2,F2,Ａ級チャレンジ一般,base_color_6_bk,base_color_6,6,,013032,福間　力,,,神奈川,A3,A3,追,64.55,0,0,0,0,0
YKTV-bUcoDkDA1ygFMkyJivsMsCgd5edBeuen3c9ypFUlxKrCouzIrzelgE6IoIg,20240306,福井,3,F2,Ａ級チャレンジ選抜,base_color_1_bk,base_color_1,1,,013470,畠山　裕行,,,神奈川,A2,A3,追,79.04,0,0,4,3,0
YKTV-bUcoDkDA1ygFMkyJivsMsCgd5edBeuen3c9ypFUlxKrCouzIrzelgE6IoIg,20240306,福井,3,F2,Ａ級チャレンジ選抜,base_color_2_bk,base_color_2,2,,013104,晴山　裕之,,,東　京,A3,A3,追,66.87,0,0,0,2,0
YKTV-bUcoDkDA1ygFMkyJivsMsCgd5edBeuen3c9ypFUlxKrCouzIrzelgE6IoIg,20240306,福井,3,F2,Ａ級チャレンジ選抜,base_color_3_bk,base_color_3,3,,015160,牧田　賢也,,,福　島,A2,A3,逃,72.72,3,2,0,0,5
YKTV-bUcoDkDA1ygFMkyJivsMsCgd5edBeuen3c9ypFUlxKrCouzIrzelgE6IoIg,20240306,福井,3,F2,Ａ級チャレンジ選抜,base_color_4_bk,base_color_4,4,,013770,宮下　潤,,,神奈川,A3,A3,追,67.72,0,1,1,0,0
YKTV-bUcoDkDA1ygFMkyJivsMsCgd5edBeuen3c9ypFUlxKrCouzIrzelgE6IoIg,20240306,福井,3,F2,Ａ級チャレンジ選抜,base_color_5_bk,base_color_5,5,,013303,須々田大昇,,,青　森,A3,A3,追,70.90,0,0,2,1,0
YKTV-bUcoDkDA1ygFMkyJivsMsCgd5edBeuen3c9ypFUlxKrCouzIrzelgE6IoIg,20240306,福井,3,F2,Ａ級チャレンジ選抜,base_color_6_bk,base_color_6,6,,013029,藤田　晃英,,,千　葉,A3,A3,追,66.29,0,0,0,3,0
YKTV-bUcoDkDA1ygFMkyJivsMsCgd5edBeuen3c9ypFUlxKrCouzIrzelgE6IoIg,20240306,福井,3,F2,Ａ級チャレンジ選抜,base_color_7_bk,base_color_7,7,,012180,乙川　高徳,,,東　京,A3,A3,追,67.94,0,0,0,3,0
YKTV-bUcoDkDA1ygFMkyJh-S1YRVsuvf-o4BwRg0O4P47SODZkUQd1kODDPeaiA0,20240306,福井,4,F2,Ａ級チャレンジ選抜,base_color_1_bk,base_color_1,1,,012293,辻本　兼市,,,兵　庫,A3,A3,追,68.65,0,0,5,2,0
YKTV-bUcoDkDA1ygFMkyJh-S1YRVsuvf-o4BwRg0O4P47SODZkUQd1kODDPeaiA0,20240306,福井,4,F2,Ａ級チャレンジ選抜,base_color_2_bk,base_color_2,2,,013543,内海　雅夫,,,群　馬,A3,A3,追,72.52,0,0,9,0,0
YKTV-bUcoDkDA1ygFMkyJh-S1YRVsuvf-o4BwRg0O4P47SODZkUQd1kODDPeaiA0,20240306,福井,4,F2,Ａ級チャレンジ選抜,base_color_3_bk,base_color_3,3,,014209,加美山隆行,,,宮　城,A3,A3,両,69.84,0,0,4,0,0
YKTV-bUcoDkDA1ygFMkyJh-S1YRVsuvf-o4BwRg0O4P47SODZkUQd1kODDPeaiA0,20240306,福井,4,F2,Ａ級チャレンジ選抜,base_color_4_bk,base_color_4,4,,015368,井坂　泰誓,color_blue,追加,大　阪,A1,A3,逃,71.33,0,4,0,0,2
YKTV-bUcoDkDA1ygFMkyJh-S1YRVsuvf-o4BwRg0O4P47SODZkUQd1kODDPeaiA0,20240306,福井,4,F2,Ａ級チャレンジ選抜,base_color_5_bk,base_color_5,5,,013998,桂馬　将人,,,福　島,A3,A3,両,69.05,1,1,0,0,1
YKTV-bUcoDkDA1ygFMkyJh-S1YRVsuvf-o4BwRg0O4P47SODZkUQd1kODDPeaiA0,20240306,福井,4,F2,Ａ級チャレンジ選抜,base_color_6_bk,base_color_6,6,,012905,長澤　和光,color_blue,追加,福　井,A3,A3,追,67.35,0,0,1,1,0
YKTV-bUcoDkDA1ygFMkyJh-S1YRVsuvf-o4BwRg0O4P47SODZkUQd1kODDPeaiA0,20240306,福井,4,F2,Ａ級チャレンジ選抜,base_color_7_bk,base_color_7,7,,014011,細沼　健治,,,埼　玉,A3,A3,両,73.80,5,0,5,0,6
YKTV-bUcoDkDA1ygFMkyJhOCiuGjogPvKAoOexoyTMqRec7fIG37i0qsccNvwgNm,20240306,福井,5,F2,Ａ級特一般,base_color_1_bk,base_color_1,1,,012878,安藤　宜明,,,神奈川,A3,A2,追,83.33,0,0,2,0,0
YKTV-bUcoDkDA1ygFMkyJhOCiuGjogPvKAoOexoyTMqRec7fIG37i0qsccNvwgNm,20240306,福井,5,F2,Ａ級特一般,base_color_2_bk,base_color_2,2,,014099,坂本　佳憲,color_blue,追加,大　阪,A3,A2,追,76.60,0,0,0,1,0
YKTV-bUcoDkDA1ygFMkyJhOCiuGjogPvKAoOexoyTMqRec7fIG37i0qsccNvwgNm,20240306,福井,5,F2,Ａ級特一般,base_color_3_bk,base_color_3,3,,015452,倉田　紘希,,,三　重,A1,A2,逃,77.16,0,0,0,0,2
YKTV-bUcoDkDA1ygFMkyJhOCiuGjogPvKAoOexoyTMqRec7fIG37i0qsccNvwgNm,20240306,福井,5,F2,Ａ級特一般,base_color_4_bk,base_color_4,4,,013916,白石　大輔,color_blue,追加,福　島,A3,A2,追,81.10,0,2,8,2,0
YKTV-bUcoDkDA1ygFMkyJhOCiuGjogPvKAoOexoyTMqRec7fIG37i0qsccNvwgNm,20240306,福井,5,F2,Ａ級特一般,base_color_5_bk,base_color_5,5,,013253,柴田功一郎,,,神奈川,A1,A1,追,85.52,0,0,2,1,0
YKTV-bUcoDkDA1ygFMkyJhOCiuGjogPvKAoOexoyTMqRec7fIG37i0qsccNvwgNm,20240306,福井,5,F2,Ａ級特一般,base_color_6_bk,base_color_6,6,,014254,武田　和也,,,奈　良,A3,A2,両,74.16,0,0,0,0,5
YKTV-bUcoDkDA1ygFMkyJhOCiuGjogPvKAoOexoyTMqRec7fIG37i0qsccNvwgNm,20240306,福井,5,F2,Ａ級特一般,base_color_7_bk,base_color_7,7,,013117,鳥越　靖弘,,,愛　知,A2,A1,追,88.45,0,0,7,3,0
YKTV-bUcoDkDA1ygFMkyJmTZP-nGyTuD0qTddULsnJgijp1Mk5H91oWmOv7qa-NR,20240306,福井,6,F2,Ａ級特一般,base_color_1_bk,base_color_1,1,,013521,中野　良,,,北海道,A3,A2,追,77.03,0,2,2,1,0
YKTV-bUcoDkDA1ygFMkyJmTZP-nGyTuD0qTddULsnJgijp1Mk5H91oWmOv7qa-NR,20240306,福井,6,F2,Ａ級特一般,base_color_2_bk,base_color_2,2,,014032,藤田　真,,,兵　庫,A2,A2,両,85.57,3,1,0,1,6
YKTV-bUcoDkDA1ygFMkyJmTZP-nGyTuD0qTddULsnJgijp1Mk5H91oWmOv7qa-NR,20240306,福井,6,F2,Ａ級特一般,base_color_3_bk,base_color_3,3,,012097,斯波　雅貴,,,静　岡,A2,A2,追,80.90,0,0,3,0,0
YKTV-bUcoDkDA1ygFMkyJmTZP-nGyTuD0qTddULsnJgijp1Mk5H91oWmOv7qa-NR,20240306,福井,6,F2,Ａ級特一般,base_color_4_bk,base_color_4,4,,014581,佐山　俊樹,,,埼　玉,A2,A1,追,86.20,0,0,1,3,0
YKTV-bUcoDkDA1ygFMkyJmTZP-nGyTuD0qTddULsnJgijp1Mk5H91oWmOv7qa-NR,20240306,福井,6,F2,Ａ級特一般,base_color_5_bk,base_color_5,5,,014432,相澤　恵一,,,宮　城,A3,A2,追,76.33,0,0,2,3,0
YKTV-bUcoDkDA1ygFMkyJmTZP-nGyTuD0qTddULsnJgijp1Mk5H91oWmOv7qa-NR,20240306,福井,6,F2,Ａ級特一般,base_color_6_bk,base_color_6,6,,012498,赤石　聡,,,群　馬,A3,A2,追,74.65,1,0,0,1,2
YKTV-bUcoDkDA1ygFMkyJmTZP-nGyTuD0qTddULsnJgijp1Mk5H91oWmOv7qa-NR,20240306,福井,6,F2,Ａ級特一般,base_color_7_bk,base_color_7,7,,011712,金田健一郎,,,大　阪,A1,A1,追,86.55,0,0,3,2,0
YKTV-bUcoDkDA1ygFMkyJsqm5T2l8fRm2HVd2UccX1rQp6XIzGm8AT4Chjq9UL1R,20240306,福井,7,F2,Ａ級特選,base_color_1_bk,base_color_1,1,,014292,丸山　直樹,,,埼　玉,A1,A1,両,90.54,0,0,8,1,0
YKTV-bUcoDkDA1ygFMkyJsqm5T2l8fRm2HVd2UccX1rQp6XIzGm8AT4Chjq9UL1R,20240306,福井,7,F2,Ａ級特選,base_color_2_bk,base_color_2,2,,015364,吉堂　将規,,,奈　良,A1,A1,逃,89.66,1,6,0,0,5
YKTV-bUcoDkDA1ygFMkyJsqm5T2l8fRm2HVd2UccX1rQp6XIzGm8AT4Chjq9UL1R,20240306,福井,7,F2,Ａ級特選,base_color_3_bk,base_color_3,3,,014435,伊藤　勝太,,,愛　知,S2,A1,両,92.38,0,0,5,0,0
YKTV-bUcoDkDA1ygFMkyJsqm5T2l8fRm2HVd2UccX1rQp6XIzGm8AT4Chjq9UL1R,20240306,福井,7,F2,Ａ級特選,base_color_4_bk,base_color_4,4,,013172,金子周一郎,,,埼　玉,A1,A2,追,86.57,0,0,4,2,0
YKTV-bUcoDkDA1ygFMkyJsqm5T2l8fRm2HVd2UccX1rQp6XIzGm8AT4Chjq9UL1R,20240306,福井,7,F2,Ａ級特選,base_color_5_bk,base_color_5,5,,014102,篠塚　光一,,,兵　庫,A2,A2,追,87.79,0,2,9,1,0
YKTV-bUcoDkDA1ygFMkyJsqm5T2l8fRm2HVd2UccX1rQp6XIzGm8AT4Chjq9UL1R,20240306,福井,7,F2,Ａ級特選,base_color_6_bk,base_color_6,6,,013629,福森慎太郎,,,千　葉,A2,A2,逃,80.31,1,2,0,0,5
YKTV-bUcoDkDA1ygFMkyJsqm5T2l8fRm2HVd2UccX1rQp6XIzGm8AT4Chjq9UL1R,20240306,福井,7,F2,Ａ級特選,base_color_7_bk,base_color_7,7,,014828,川口　聖翔,,,三　重,A2,A2,追,83.16,0,0,2,5,0
YKTV-bUcoDkDA1ygFMkyJjoko_VvPOBTAwcYi8M0GLkVr1bOaOh04BNUcCgB1ZZn,20240306,福井,8,F2,Ａ級特選,base_color_1_bk,base_color_1,1,,015454,小松原正登,,,福　井,S2,A1,逃,94.26,1,3,1,0,7
YKTV-bUcoDkDA1ygFMkyJjoko_VvPOBTAwcYi8M0GLkVr1bOaOh04BNUcCgB1ZZn,20240306,福井,8,F2,Ａ級特選,base_color_2_bk,base_color_2,2,,014301,齋藤　輝彦,,,神奈川,A2,A2,追,86.84,0,0,1,1,0
YKTV-bUcoDkDA1ygFMkyJjoko_VvPOBTAwcYi8M0GLkVr1bOaOh04BNUcCgB1ZZn,20240306,福井,8,F2,Ａ級特選,base_color_3_bk,base_color_3,3,,015240,前川　大輔,,,福　島,S2,A1,両,91.58,0,5,2,0,2
YKTV-bUcoDkDA1ygFMkyJjoko_VvPOBTAwcYi8M0GLkVr1bOaOh04BNUcCgB1ZZn,20240306,福井,8,F2,Ａ級特選,base_color_4_bk,base_color_4,4,,014703,一ノ瀬貴将,,,大　阪,A2,A1,両,88.81,0,0,6,5,0
YKTV-bUcoDkDA1ygFMkyJjoko_VvPOBTAwcYi8M0GLkVr1bOaOh04BNUcCgB1ZZn,20240306,福井,8,F2,Ａ級特選,base_color_5_bk,base_color_5,5,,013047,田中　俊充,,,福　井,A1,A1,追,83.85,0,1,1,1,0
YKTV-bUcoDkDA1ygFMkyJjoko_VvPOBTAwcYi8M0GLkVr1bOaOh04BNUcCgB1ZZn,20240306,福井,8,F2,Ａ級特選,base_color_6_bk,base_color_6,6,,015505,荻原　寿嗣,,,北海道,A1,A2,逃,80.17,4,0,0,0,14
YKTV-bUcoDkDA1ygFMkyJjoko_VvPOBTAwcYi8M0GLkVr1bOaOh04BNUcCgB1ZZn,20240306,福井,8,F2,Ａ級特選,base_color_7_bk,base_color_7,7,,014354,大島　将人,,,福　島,A1,A1,追,87.10,0,0,2,2,0
YKTV-bUcoDkDA1ygFMkyJkYG60cKO0aWihw-QOzenyTW4c3J4rWdHIK8N7e1RYOH,20240306,福井,9,F2,Ｌ級ガールズ一般,base_color_1_bk,base_color_1,1,,015314,向井　円,,,大　阪,L1,L1,両,46.16,0,0,0,0,0
YKTV-bUcoDkDA1ygFMkyJkYG60cKO0aWihw-QOzenyTW4c3J4rWdHIK8N7e1RYOH,20240306,福井,9,F2,Ｌ級ガールズ一般,base_color_2_bk,base_color_2,2,,015676,鈴木　咲香,,,愛　知,L1,L1,両,45.73,0,0,0,0,1
YKTV-bUcoDkDA1ygFMkyJkYG60cKO0aWihw-QOzenyTW4c3J4rWdHIK8N7e1RYOH,20240306,福井,9,F2,Ｌ級ガールズ一般,base_color_3_bk,base_color_3,3,,015076,元砂七夕美,color_blue,追加,奈　良,L1,L1,両,51.40,0,0,0,3,0
YKTV-bUcoDkDA1ygFMkyJkYG60cKO0aWihw-QOzenyTW4c3J4rWdHIK8N7e1RYOH,20240306,福井,9,F2,Ｌ級ガールズ一般,base_color_4_bk,base_color_4,4,,015677,浜地　晴帆,,,三　重,L1,L1,両,45.80,1,0,0,0,2
YKTV-bUcoDkDA1ygFMkyJkYG60cKO0aWihw-QOzenyTW4c3J4rWdHIK8N7e1RYOH,20240306,福井,9,F2,Ｌ級ガールズ一般,base_color_5_bk,base_color_5,5,,015684,安東　莉奈,,,大　分,L1,L1,両,50.72,0,2,0,5,1
YKTV-bUcoDkDA1ygFMkyJkYG60cKO0aWihw-QOzenyTW4c3J4rWdHIK8N7e1RYOH,20240306,福井,9,F2,Ｌ級ガールズ一般,base_color_6_bk,base_color_6,6,,014972,猪頭香緒里,,,岡　山,L1,L1,両,47.63,0,0,0,1,0
YKTV-bUcoDkDA1ygFMkyJkYG60cKO0aWihw-QOzenyTW4c3J4rWdHIK8N7e1RYOH,20240306,福井,9,F2,Ｌ級ガールズ一般,base_color_7_bk,base_color_7,7,,015310,川嶋　百香,color_blue,補充,三　重,L1,L1,両,49.20,0,1,2,1,1
YKTV-bUcoDkDA1ygFMkyJifGlN6Ibm_jCHj9m9W0tiB6ZgKmy6CGFgEAuBRM1qUt,20240306,福井,10,F2,Ａ級チャレンジ決勝,base_color_1_bk,base_color_1,1,,015723,稲毛　知也,,,和歌山,A3,A3,逃,78.66,20,1,0,0,21
YKTV-bUcoDkDA1ygFMkyJifGlN6Ibm_jCHj9m9W0tiB6ZgKmy6CGFgEAuBRM1qUt,20240306,福井,10,F2,Ａ級チャレンジ決勝,base_color_2_bk,base_color_2,2,,015693,松田　昂己,,,茨　城,A3,A3,逃,77.09,11,5,0,0,13
YKTV-bUcoDkDA1ygFMkyJifGlN6Ibm_jCHj9m9W0tiB6ZgKmy6CGFgEAuBRM1qUt,20240306,福井,10,F2,Ａ級チャレンジ決勝,base_color_3_bk,base_color_3,3,,015706,山田　駿斗,,,千　葉,A3,A3,逃,77.95,7,8,1,1,11
YKTV-bUcoDkDA1ygFMkyJifGlN6Ibm_jCHj9m9W0tiB6ZgKmy6CGFgEAuBRM1qUt,20240306,福井,10,F2,Ａ級チャレンジ決勝,base_color_4_bk,base_color_4,4,,015689,菊地　圭,,,宮　城,A3,A3,逃,77.00,7,1,3,0,9
YKTV-bUcoDkDA1ygFMkyJifGlN6Ibm_jCHj9m9W0tiB6ZgKmy6CGFgEAuBRM1qUt,20240306,福井,10,F2,Ａ級チャレンジ決勝,base_color_5_bk,base_color_5,5,,013259,望月　紀男,,,静　岡,A2,A3,追,78.08,0,0,9,3,0
YKTV-bUcoDkDA1ygFMkyJifGlN6Ibm_jCHj9m9W0tiB6ZgKmy6CGFgEAuBRM1qUt,20240306,福井,10,F2,Ａ級チャレンジ決勝,base_color_6_bk,base_color_6,6,,013680,木村　健司,,,埼　玉,A3,A3,追,75.00,0,0,0,5,0
YKTV-bUcoDkDA1ygFMkyJifGlN6Ibm_jCHj9m9W0tiB6ZgKmy6CGFgEAuBRM1qUt,20240306,福井,10,F2,Ａ級チャレンジ決勝,base_color_7_bk,base_color_7,7,,013210,川本　恵二,,,兵　庫,A2,A3,追,76.66,0,0,6,3,0
YKTV-bUcoDkDA1ygFMkyJjjuXfg8w6tOGo4JrmEOiL3EAYAzlZkYWwHMGf8TSXDa,20240306,福井,11,F2,Ｌ級ガールズ決勝,base_color_1_bk,base_color_1,1,,015311,柳原　真緒,,,福　井,L1,L1,両,56.76,5,9,5,0,6
YKTV-bUcoDkDA1ygFMkyJjjuXfg8w6tOGo4JrmEOiL3EAYAzlZkYWwHMGf8TSXDa,20240306,福井,11,F2,Ｌ級ガールズ決勝,base_color_2_bk,base_color_2,2,,015312,日野　未来,,,奈　良,L1,L1,両,56.11,11,3,2,0,14
YKTV-bUcoDkDA1ygFMkyJjjuXfg8w6tOGo4JrmEOiL3EAYAzlZkYWwHMGf8TSXDa,20240306,福井,11,F2,Ｌ級ガールズ決勝,base_color_3_bk,base_color_3,3,,015224,太田　美穂,color_blue,追加,三　重,L1,L1,両,54.74,9,8,0,0,16
YKTV-bUcoDkDA1ygFMkyJjjuXfg8w6tOGo4JrmEOiL3EAYAzlZkYWwHMGf8TSXDa,20240306,福井,11,F2,Ｌ級ガールズ決勝,base_color_4_bk,base_color_4,4,,015408,高尾貴美歌,,,長　崎,L1,L1,両,53.19,0,0,4,5,0
YKTV-bUcoDkDA1ygFMkyJjjuXfg8w6tOGo4JrmEOiL3EAYAzlZkYWwHMGf8TSXDa,20240306,福井,11,F2,Ｌ級ガールズ決勝,base_color_5_bk,base_color_5,5,,015492,永禮　美瑠,,,愛　知,L1,L1,両,52.00,0,5,1,1,1
YKTV-bUcoDkDA1ygFMkyJjjuXfg8w6tOGo4JrmEOiL3EAYAzlZkYWwHMGf8TSXDa,20240306,福井,11,F2,Ｌ級ガールズ決勝,base_color_6_bk,base_color_6,6,,015584,西脇美唯奈,,,愛　知,L1,L1,両,52.10,0,2,0,3,2
YKTV-bUcoDkDA1ygFMkyJjjuXfg8w6tOGo4JrmEOiL3EAYAzlZkYWwHMGf8TSXDa,20240306,福井,11,F2,Ｌ級ガールズ決勝,base_color_7_bk,base_color_7,7,,015494,近澤　諒香,color_blue,追加,三　重,L1,L1,両,48.50,0,0,1,2,0
YKTV-bUcoDkDA1ygFMkyJkH3zDx0BXT8UCp_qk1zrZQIivT2JX7__R4IyLpizbrP,20240306,福井,12,F2,Ａ級決勝,base_color_1_bk,base_color_1,1,,015616,齋藤　雄行,,,神奈川,A2,A1,逃,94.52,10,3,0,0,15
YKTV-bUcoDkDA1ygFMkyJkH3zDx0BXT8UCp_qk1zrZQIivT2JX7__R4IyLpizbrP,20240306,福井,12,F2,Ａ級決勝,base_color_2_bk,base_color_2,2,,013196,竹田　和幸,,,岐　阜,S2,A1,追,94.04,0,0,10,2,0
YKTV-bUcoDkDA1ygFMkyJkH3zDx0BXT8UCp_qk1zrZQIivT2JX7__R4IyLpizbrP,20240306,福井,12,F2,Ａ級決勝,base_color_3_bk,base_color_3,3,,015462,溝口　葵,,,三　重,A1,A1,逃,91.50,11,1,1,0,17
YKTV-bUcoDkDA1ygFMkyJkH3zDx0BXT8UCp_qk1zrZQIivT2JX7__R4IyLpizbrP,20240306,福井,12,F2,Ａ級決勝,base_color_4_bk,base_color_4,4,,014933,奥原　亨,,,神奈川,S2,A1,両,91.08,0,0,0,5,0
YKTV-bUcoDkDA1ygFMkyJkH3zDx0BXT8UCp_qk1zrZQIivT2JX7__R4IyLpizbrP,20240306,福井,12,F2,Ａ級決勝,base_color_5_bk,base_color_5,5,,015447,小浦　凪,,,岐　阜,A2,A2,逃,87.95,1,7,4,1,10
YKTV-bUcoDkDA1ygFMkyJkH3zDx0BXT8UCp_qk1zrZQIivT2JX7__R4IyLpizbrP,20240306,福井,12,F2,Ａ級決勝,base_color_6_bk,base_color_6,6,,013201,北川　紋部,,,福　井,A1,A2,追,87.47,0,0,3,1,0
YKTV-bUcoDkDA1ygFMkyJkH3zDx0BXT8UCp_qk1zrZQIivT2JX7__R4IyLpizbrP,20240306,福井,12,F2,Ａ級決勝,base_color_7_bk,base_color_7,7,,014305,大谷　靖茂,,,愛　知,A1,A1,逃,87.76,7,2,3,0,15
Qa46FBqdpnJl3JcAORj6Sd73uFeQ0Hi0vNHS6eEoyxDwMgNaElMpO12k3dqVMkcu,20240306,高知,1,F2,Ａ級チャレンジ一般,base_color_1_bk,base_color_1,1,,015636,合地　登汰,color_blue,補充,岡　山,A3,A3,逃,68.93,3,4,0,0,10
Qa46FBqdpnJl3JcAORj6Sd73uFeQ0Hi0vNHS6eEoyxDwMgNaElMpO12k3dqVMkcu,20240306,高知,1,F2,Ａ級チャレンジ一般,base_color_2_bk,base_color_2,2,,012925,河添　信也,,,熊　本,A3,A3,追,66.41,0,0,2,1,0
Qa46FBqdpnJl3JcAORj6Sd73uFeQ0Hi0vNHS6eEoyxDwMgNaElMpO12k3dqVMkcu,20240306,高知,1,F2,Ａ級チャレンジ一般,base_color_3_bk,base_color_3,3,,013361,岡　俊行,color_blue,追加,高　知,A3,A3,追,65.73,0,0,1,0,0
Qa46FBqdpnJl3JcAORj6Sd73uFeQ0Hi0vNHS6eEoyxDwMgNaElMpO12k3dqVMkcu,20240306,高知,1,F2,Ａ級チャレンジ一般,base_color_4_bk,base_color_4,4,,014855,東　隆之,color_blue,追加,宮　崎,A3,A3,両,70.00,0,2,1,2,0
Qa46FBqdpnJl3JcAORj6Sd73uFeQ0Hi0vNHS6eEoyxDwMgNaElMpO12k3dqVMkcu,20240306,高知,1,F2,Ａ級チャレンジ一般,base_color_5_bk,base_color_5,5,,012542,森下　忠夫,color_blue,追加,高　知,A3,A3,追,68.93,0,0,0,3,1
Qa46FBqdpnJl3JcAORj6Sd73uFeQ0Hi0vNHS6eEoyxDwMgNaElMpO12k3dqVMkcu,20240306,高知,1,F2,Ａ級チャレンジ一般,base_color_6_bk,base_color_6,6,,012696,組橋　一高,,,香　川,A3,A3,両,65.38,0,0,0,1,0
Qa46FBqdpnJl3JcAORj6Sd73uFeQ0Hi0vNHS6eEoyxDwMgNaElMpO12k3dqVMkcu,20240306,高知,1,F2,Ａ級チャレンジ一般,base_color_7_bk,base_color_7,7,,011328,川添　輝彦,,,沖　縄,A3,A3,追,69.70,0,0,3,3,0
Qa46FBqdpnJl3JcAORj6SaOyyr34pGQkq2LMd3YphkFpjJTp8kRqo22cpEcxfV6a,20240306,高知,2,F2,Ａ級チャレンジ一般,base_color_1_bk,base_color_1,1,,014652,原　清孝,,,沖　縄,A3,A3,両,68.57,0,0,1,4,3
Qa46FBqdpnJl3JcAORj6SaOyyr34pGQkq2LMd3YphkFpjJTp8kRqo22cpEcxfV6a,20240306,高知,2,F2,Ａ級チャレンジ一般,base_color_2_bk,base_color_2,2,,013347,川本　隆史,,,岡　山,A3,A3,追,67.68,0,0,3,2,1
Qa46FBqdpnJl3JcAORj6SaOyyr34pGQkq2LMd3YphkFpjJTp8kRqo22cpEcxfV6a,20240306,高知,2,F2,Ａ級チャレンジ一般,base_color_3_bk,base_color_3,3,,015548,白井優太朗,,,広　島,A1,A3,逃,74.69,1,0,1,0,4
Qa46FBqdpnJl3JcAORj6SaOyyr34pGQkq2LMd3YphkFpjJTp8kRqo22cpEcxfV6a,20240306,高知,2,F2,Ａ級チャレンジ一般,base_color_4_bk,base_color_4,4,,014618,兵動　秀治,,,広　島,A3,A3,追,67.14,0,0,3,2,0
Qa46FBqdpnJl3JcAORj6SaOyyr34pGQkq2LMd3YphkFpjJTp8kRqo22cpEcxfV6a,20240306,高知,2,F2,Ａ級チャレンジ一般,base_color_5_bk,base_color_5,5,,012402,時松　正,,,熊　本,A3,A3,追,69.00,0,0,1,1,0
Qa46FBqdpnJl3JcAORj6SaOyyr34pGQkq2LMd3YphkFpjJTp8kRqo22cpEcxfV6a,20240306,高知,2,F2,Ａ級チャレンジ一般,base_color_6_bk,base_color_6,6,,012998,江口　晃正,,,長　崎,A3,A3,追,66.66,0,0,0,0,0
Qa46FBqdpnJl3JcAORj6SaOyyr34pGQkq2LMd3YphkFpjJTp8kRqo22cpEcxfV6a,20240306,高知,2,F2,Ａ級チャレンジ一般,base_color_7_bk,base_color_7,7,,013887,沖本　尚織,,,広　島,A2,A3,追,71.90,0,0,0,4,0
Qa46FBqdpnJl3JcAORj6SVkTCsMGt5MXmH8EBP7tKOI_LD_l-AFRXbCklkPlQ1Qf,20240306,高知,3,F2,Ａ級チャレンジ選抜,base_color_1_bk,base_color_1,1,,015467,倉松　涼,,,高　知,A2,A3,両,74.00,2,0,1,0,3
Qa46FBqdpnJl3JcAORj6SVkTCsMGt5MXmH8EBP7tKOI_LD_l-AFRXbCklkPlQ1Qf,20240306,高知,3,F2,Ａ級チャレンジ選抜,base_color_2_bk,base_color_2,2,,012847,古閑　良介,,,福　岡,A1,A3,追,73.09,0,0,0,3,0
Qa46FBqdpnJl3JcAORj6SVkTCsMGt5MXmH8EBP7tKOI_LD_l-AFRXbCklkPlQ1Qf,20240306,高知,3,F2,Ａ級チャレンジ選抜,base_color_3_bk,base_color_3,3,,014765,樫村　伸平,,,兵　庫,A3,A3,追,68.00,0,1,0,1,0
Qa46FBqdpnJl3JcAORj6SVkTCsMGt5MXmH8EBP7tKOI_LD_l-AFRXbCklkPlQ1Qf,20240306,高知,3,F2,Ａ級チャレンジ選抜,base_color_4_bk,base_color_4,4,,012986,近藤　直幹,,,徳　島,A3,A3,追,73.38,0,1,7,2,0
Qa46FBqdpnJl3JcAORj6SVkTCsMGt5MXmH8EBP7tKOI_LD_l-AFRXbCklkPlQ1Qf,20240306,高知,3,F2,Ａ級チャレンジ選抜,base_color_5_bk,base_color_5,5,,013375,五反田豊和,,,宮　崎,A3,A3,両,68.22,2,1,1,0,3
Qa46FBqdpnJl3JcAORj6SVkTCsMGt5MXmH8EBP7tKOI_LD_l-AFRXbCklkPlQ1Qf,20240306,高知,3,F2,Ａ級チャレンジ選抜,base_color_6_bk,base_color_6,6,,013062,藤原　義浩,,,徳　島,A3,A3,追,68.00,0,0,1,1,0
Qa46FBqdpnJl3JcAORj6SVkTCsMGt5MXmH8EBP7tKOI_LD_l-AFRXbCklkPlQ1Qf,20240306,高知,3,F2,Ａ級チャレンジ選抜,base_color_7_bk,base_color_7,7,,015062,中尾　翔,,,岡　山,A2,A3,逃,72.26,2,1,2,1,8
Qa46FBqdpnJl3JcAORj6SbwLTJR_K2H5-s1hlOgPL5l_JxbcX-liKloyom9jDUog,20240306,高知,4,F2,Ａ級チャレンジ選抜,base_color_1_bk,base_color_1,1,,013797,平川　公一,,,大　阪,A3,A3,両,70.36,0,0,6,0,0
Qa46FBqdpnJl3JcAORj6SbwLTJR_K2H5-s1hlOgPL5l_JxbcX-liKloyom9jDUog,20240306,高知,4,F2,Ａ級チャレンジ選抜,base_color_2_bk,base_color_2,2,,013358,行成　大祐,,,香　川,A3,A3,追,74.33,0,0,3,4,0
Qa46FBqdpnJl3JcAORj6SbwLTJR_K2H5-s1hlOgPL5l_JxbcX-liKloyom9jDUog,20240306,高知,4,F2,Ａ級チャレンジ選抜,base_color_3_bk,base_color_3,3,,013651,井山　和裕,,,山　口,A2,A3,追,73.88,0,0,2,3,0
Qa46FBqdpnJl3JcAORj6SbwLTJR_K2H5-s1hlOgPL5l_JxbcX-liKloyom9jDUog,20240306,高知,4,F2,Ａ級チャレンジ選抜,base_color_4_bk,base_color_4,4,,012241,松木　竜也,,,愛　媛,A3,A3,追,69.95,0,0,1,1,0
Qa46FBqdpnJl3JcAORj6SbwLTJR_K2H5-s1hlOgPL5l_JxbcX-liKloyom9jDUog,20240306,高知,4,F2,Ａ級チャレンジ選抜,base_color_5_bk,base_color_5,5,,015283,安本　昇平,,,山　口,A2,A3,逃,77.66,1,3,2,1,1
Qa46FBqdpnJl3JcAORj6SbwLTJR_K2H5-s1hlOgPL5l_JxbcX-liKloyom9jDUog,20240306,高知,4,F2,Ａ級チャレンジ選抜,base_color_6_bk,base_color_6,6,,015286,土居　佑次,color_blue,追加,高　知,A3,A3,逃,67.92,2,2,0,0,9
Qa46FBqdpnJl3JcAORj6SbwLTJR_K2H5-s1hlOgPL5l_JxbcX-liKloyom9jDUog,20240306,高知,4,F2,Ａ級チャレンジ選抜,base_color_7_bk,base_color_7,7,,013802,大林　亮介,color_blue,追加,香　川,A3,A3,追,71.45,0,0,7,2,2
Qa46FBqdpnJl3JcAORj6SfvGsEF642CLjmMCMU-ITILLQNRfmOllAL-S-vh4knwN,20240306,高知,5,F2,Ｌ級ガールズ一般,base_color_1_bk,base_color_1,1,,015140,鈴木　彩夏,,,東　京,L1,L1,両,45.44,0,0,0,2,0
Qa46FBqdpnJl3JcAORj6SfvGsEF642CLjmMCMU-ITILLQNRfmOllAL-S-vh4knwN,20240306,高知,5,F2,Ｌ級ガールズ一般,base_color_2_bk,base_color_2,2,,015777,谷元　音羽,,,鹿児島,L1,L1,両,48.38,0,0,1,1,0
Qa46FBqdpnJl3JcAORj6SfvGsEF642CLjmMCMU-ITILLQNRfmOllAL-S-vh4knwN,20240306,高知,5,F2,Ｌ級ガールズ一般,base_color_3_bk,base_color_3,3,,015079,日野　友葵,,,愛　媛,L1,L1,両,45.20,0,0,0,0,0
Qa46FBqdpnJl3JcAORj6SfvGsEF642CLjmMCMU-ITILLQNRfmOllAL-S-vh4knwN,20240306,高知,5,F2,Ｌ級ガールズ一般,base_color_4_bk,base_color_4,4,,015317,佐伯　智恵,color_blue,補充,愛　媛,L1,L1,両,49.33,0,0,1,3,2
Qa46FBqdpnJl3JcAORj6SfvGsEF642CLjmMCMU-ITILLQNRfmOllAL-S-vh4knwN,20240306,高知,5,F2,Ｌ級ガールズ一般,base_color_5_bk,base_color_5,5,,015593,中村　鈴花,,,熊　本,L1,L1,両,48.05,0,0,1,2,0
Qa46FBqdpnJl3JcAORj6SfvGsEF642CLjmMCMU-ITILLQNRfmOllAL-S-vh4knwN,20240306,高知,5,F2,Ｌ級ガールズ一般,base_color_6_bk,base_color_6,6,,015755,神戸暖稀羽,,,北海道,L1,L1,両,47.80,0,1,0,1,2
Qa46FBqdpnJl3JcAORj6SfvGsEF642CLjmMCMU-ITILLQNRfmOllAL-S-vh4knwN,20240306,高知,5,F2,Ｌ級ガールズ一般,base_color_7_bk,base_color_7,7,,015772,横山　愛海,,,高　知,L1,L1,両,44.11,0,0,0,0,0
Qa46FBqdpnJl3JcAORj6SVIdozib6S4UIXdtypB4loc6Mm48weo4sbPUN2Jt1EIs,20240306,高知,6,F2,Ａ級特一般,base_color_1_bk,base_color_1,1,,014639,屋宜　浩二,,,沖　縄,A2,A2,追,78.16,0,0,0,0,0
Qa46FBqdpnJl3JcAORj6SVIdozib6S4UIXdtypB4loc6Mm48weo4sbPUN2Jt1EIs,20240306,高知,6,F2,Ａ級特一般,base_color_2_bk,base_color_2,2,,015640,矢部　駿人,,,岡　山,A2,A2,逃,87.57,8,0,0,1,18
Qa46FBqdpnJl3JcAORj6SVIdozib6S4UIXdtypB4loc6Mm48weo4sbPUN2Jt1EIs,20240306,高知,6,F2,Ａ級特一般,base_color_3_bk,base_color_3,3,,014344,園田　鉄兵,color_blue,追加,熊　本,A2,A2,両,83.62,0,0,5,4,0
Qa46FBqdpnJl3JcAORj6SVIdozib6S4UIXdtypB4loc6Mm48weo4sbPUN2Jt1EIs,20240306,高知,6,F2,Ａ級特一般,base_color_4_bk,base_color_4,4,,015126,高山　雄丞,,,愛　媛,A2,A2,逃,84.26,1,3,2,0,1
Qa46FBqdpnJl3JcAORj6SVIdozib6S4UIXdtypB4loc6Mm48weo4sbPUN2Jt1EIs,20240306,高知,6,F2,Ａ級特一般,base_color_5_bk,base_color_5,5,,015214,境　啓亨,,,熊　本,A2,A1,逃,81.16,0,3,0,0,2
Qa46FBqdpnJl3JcAORj6SVIdozib6S4UIXdtypB4loc6Mm48weo4sbPUN2Jt1EIs,20240306,高知,6,F2,Ａ級特一般,base_color_6_bk,base_color_6,6,,014787,瀬口　匠,,,宮　崎,A3,A2,両,77.22,2,5,1,0,6
Qa46FBqdpnJl3JcAORj6SVIdozib6S4UIXdtypB4loc6Mm48weo4sbPUN2Jt1EIs,20240306,高知,6,F2,Ａ級特一般,base_color_7_bk,base_color_7,7,,012550,荒木　真慈,,,熊　本,A2,A2,追,80.91,0,0,3,1,0
Qa46FBqdpnJl3JcAORj6Sb2-INxYmAfEg6OIoxFEitHBMjMGhn3E7RaK25hb4rB-,20240306,高知,7,F2,Ａ級特一般,base_color_1_bk,base_color_1,1,,014315,西谷　岳文,,,京　都,A1,A1,両,85.85,0,3,6,0,0
Qa46FBqdpnJl3JcAORj6Sb2-INxYmAfEg6OIoxFEitHBMjMGhn3E7RaK25hb4rB-,20240306,高知,7,F2,Ａ級特一般,base_color_2_bk,base_color_2,2,,012507,爲田　学,,,沖　縄,A2,A2,追,80.88,0,0,3,1,0
Qa46FBqdpnJl3JcAORj6Sb2-INxYmAfEg6OIoxFEitHBMjMGhn3E7RaK25hb4rB-,20240306,高知,7,F2,Ａ級特一般,base_color_3_bk,base_color_3,3,,014324,内村　竜也,,,山　口,A3,A2,両,76.61,0,0,2,5,1
Qa46FBqdpnJl3JcAORj6Sb2-INxYmAfEg6OIoxFEitHBMjMGhn3E7RaK25hb4rB-,20240306,高知,7,F2,Ａ級特一般,base_color_4_bk,base_color_4,4,,015472,吉田　勇気,,,福　岡,A3,A2,両,77.03,2,2,1,3,7
Qa46FBqdpnJl3JcAORj6Sb2-INxYmAfEg6OIoxFEitHBMjMGhn3E7RaK25hb4rB-,20240306,高知,7,F2,Ａ級特一般,base_color_5_bk,base_color_5,5,,013345,中村美千隆,,,兵　庫,A2,A2,両,79.00,0,1,2,1,6
Qa46FBqdpnJl3JcAORj6Sb2-INxYmAfEg6OIoxFEitHBMjMGhn3E7RaK25hb4rB-,20240306,高知,7,F2,Ａ級特一般,base_color_6_bk,base_color_6,6,,011733,中村　秀幸,color_blue,補充,高　知,A3,A2,追,72.31,0,0,0,0,2
Qa46FBqdpnJl3JcAORj6Sb2-INxYmAfEg6OIoxFEitHBMjMGhn3E7RaK25hb4rB-,20240306,高知,7,F2,Ａ級特一般,base_color_7_bk,base_color_7,7,,014788,上吹越俊一,,,鹿児島,A1,A1,両,90.26,0,9,2,4,2
Qa46FBqdpnJl3JcAORj6Sb44zWz8X76XaYtfS9cG_yUXBrYyNjwB5-XMoaKAItsA,20240306,高知,8,F2,Ａ級特選,base_color_1_bk,base_color_1,1,,013968,越智　展孝,,,愛　媛,A1,A1,追,86.66,0,2,4,1,1
Qa46FBqdpnJl3JcAORj6Sb44zWz8X76XaYtfS9cG_yUXBrYyNjwB5-XMoaKAItsA,20240306,高知,8,F2,Ａ級特選,base_color_2_bk,base_color_2,2,,014671,山田　裕哉,,,岐　阜,S2,A1,両,92.71,0,0,2,2,0
Qa46FBqdpnJl3JcAORj6Sb44zWz8X76XaYtfS9cG_yUXBrYyNjwB5-XMoaKAItsA,20240306,高知,8,F2,Ａ級特選,base_color_3_bk,base_color_3,3,,013652,隅　直幸,,,山　口,A2,A2,追,82.96,0,0,3,1,0
Qa46FBqdpnJl3JcAORj6Sb44zWz8X76XaYtfS9cG_yUXBrYyNjwB5-XMoaKAItsA,20240306,高知,8,F2,Ａ級特選,base_color_4_bk,base_color_4,4,,014265,松永　真太,,,福　岡,A2,A2,追,83.84,0,0,2,2,0
Qa46FBqdpnJl3JcAORj6Sb44zWz8X76XaYtfS9cG_yUXBrYyNjwB5-XMoaKAItsA,20240306,高知,8,F2,Ａ級特選,base_color_5_bk,base_color_5,5,,014329,阿部　功,,,高　知,A2,A2,追,80.73,0,1,0,0,0
Qa46FBqdpnJl3JcAORj6Sb44zWz8X76XaYtfS9cG_yUXBrYyNjwB5-XMoaKAItsA,20240306,高知,8,F2,Ａ級特選,base_color_6_bk,base_color_6,6,,014042,徳吉　正治,color_blue,追加,福　岡,A3,A2,両,78.16,1,1,2,4,2
Qa46FBqdpnJl3JcAORj6Sb44zWz8X76XaYtfS9cG_yUXBrYyNjwB5-XMoaKAItsA,20240306,高知,8,F2,Ａ級特選,base_color_7_bk,base_color_7,7,,013058,富　弥昭,,,山　口,A1,A1,追,91.88,0,0,6,2,0
Qa46FBqdpnJl3JcAORj6Sfu8Ovy1dcIWONV_VtAB1zwW1tZRxa-LDyWk8QJtG3RA,20240306,高知,9,F2,Ａ級特選,base_color_1_bk,base_color_1,1,,014030,藤木　裕,,,京　都,S2,A1,両,91.16,0,0,0,0,1
Qa46FBqdpnJl3JcAORj6Sfu8Ovy1dcIWONV_VtAB1zwW1tZRxa-LDyWk8QJtG3RA,20240306,高知,9,F2,Ａ級特選,base_color_2_bk,base_color_2,2,,014779,名川　豊,,,福　岡,S2,A1,追,92.45,0,1,1,6,1
Qa46FBqdpnJl3JcAORj6Sfu8Ovy1dcIWONV_VtAB1zwW1tZRxa-LDyWk8QJtG3RA,20240306,高知,9,F2,Ａ級特選,base_color_3_bk,base_color_3,3,,014342,南部　亮太,,,長　崎,A2,A2,両,82.33,0,0,0,1,0
Qa46FBqdpnJl3JcAORj6Sfu8Ovy1dcIWONV_VtAB1zwW1tZRxa-LDyWk8QJtG3RA,20240306,高知,9,F2,Ａ級特選,base_color_4_bk,base_color_4,4,,013971,内山　拓,,,福　岡,A1,A1,両,90.16,0,0,0,9,0
Qa46FBqdpnJl3JcAORj6Sfu8Ovy1dcIWONV_VtAB1zwW1tZRxa-LDyWk8QJtG3RA,20240306,高知,9,F2,Ａ級特選,base_color_5_bk,base_color_5,5,,013799,真田　晃,,,兵　庫,A1,A1,追,88.17,0,0,1,3,0
Qa46FBqdpnJl3JcAORj6Sfu8Ovy1dcIWONV_VtAB1zwW1tZRxa-LDyWk8QJtG3RA,20240306,高知,9,F2,Ａ級特選,base_color_6_bk,base_color_6,6,,012618,武智　尚之,,,愛　媛,A2,A2,追,78.11,0,0,0,0,0
Qa46FBqdpnJl3JcAORj6Sfu8Ovy1dcIWONV_VtAB1zwW1tZRxa-LDyWk8QJtG3RA,20240306,高知,9,F2,Ａ級特選,base_color_7_bk,base_color_7,7,,012992,吉良　勝信,,,福　岡,A2,A2,追,82.83,0,0,2,1,0
Qa46FBqdpnJl3JcAORj6SabL4-LKRIrFqCIheaM-X8gHVXuFC9gbUPG4x-OGyDof,20240306,高知,10,F2,Ａ級チャレンジ決勝,base_color_1_bk,base_color_1,1,,015753,枝村　弘樹,color_blue,追加,宮　崎,A3,A3,逃,77.27,4,9,0,1,9
Qa46FBqdpnJl3JcAORj6SabL4-LKRIrFqCIheaM-X8gHVXuFC9gbUPG4x-OGyDof,20240306,高知,10,F2,Ａ級チャレンジ決勝,base_color_2_bk,base_color_2,2,,014320,在本　直樹,,,岡　山,A2,A3,逃,77.94,1,2,6,1,2
Qa46FBqdpnJl3JcAORj6SabL4-LKRIrFqCIheaM-X8gHVXuFC9gbUPG4x-OGyDof,20240306,高知,10,F2,Ａ級チャレンジ決勝,base_color_3_bk,base_color_3,3,,015721,内山　慧大,color_blue,追加,福　井,A3,A3,逃,78.56,6,5,0,0,8
Qa46FBqdpnJl3JcAORj6SabL4-LKRIrFqCIheaM-X8gHVXuFC9gbUPG4x-OGyDof,20240306,高知,10,F2,Ａ級チャレンジ決勝,base_color_4_bk,base_color_4,4,,013061,小磯　知也,color_blue,追加,徳　島,A2,A3,追,73.26,0,0,1,5,0
Qa46FBqdpnJl3JcAORj6SabL4-LKRIrFqCIheaM-X8gHVXuFC9gbUPG4x-OGyDof,20240306,高知,10,F2,Ａ級チャレンジ決勝,base_color_5_bk,base_color_5,5,,014449,片折　勇輝,,,福　岡,A1,A3,両,75.85,4,3,2,2,6
Qa46FBqdpnJl3JcAORj6SabL4-LKRIrFqCIheaM-X8gHVXuFC9gbUPG4x-OGyDof,20240306,高知,10,F2,Ａ級チャレンジ決勝,base_color_6_bk,base_color_6,6,,014533,加藤　正法,,,愛　知,A3,A3,追,72.58,1,1,7,1,1
Qa46FBqdpnJl3JcAORj6SabL4-LKRIrFqCIheaM-X8gHVXuFC9gbUPG4x-OGyDof,20240306,高知,10,F2,Ａ級チャレンジ決勝,base_color_7_bk,base_color_7,7,,015727,中原　航大,,,岡　山,A3,A3,逃,74.53,4,2,2,0,8
Qa46FBqdpnJl3JcAORj6SQ-ceSZmOc_dwwtz97NCXHtaXvrDaTnxhl1ce5tB6T2j,20240306,高知,11,F2,Ｌ級ガールズ決勝,base_color_1_bk,base_color_1,1,,015400,久米　詩,,,静　岡,L1,L1,両,56.50,8,4,1,0,10
Qa46FBqdpnJl3JcAORj6SQ-ceSZmOc_dwwtz97NCXHtaXvrDaTnxhl1ce5tB6T2j,20240306,高知,11,F2,Ｌ級ガールズ決勝,base_color_2_bk,base_color_2,2,,015773,枝光　美奈,,,福　岡,L1,L1,両,49.05,0,1,1,0,1
Qa46FBqdpnJl3JcAORj6SQ-ceSZmOc_dwwtz97NCXHtaXvrDaTnxhl1ce5tB6T2j,20240306,高知,11,F2,Ｌ級ガールズ決勝,base_color_3_bk,base_color_3,3,,014961,梶田　舞,,,埼　玉,L1,L1,両,51.08,1,0,0,3,1
Qa46FBqdpnJl3JcAORj6SQ-ceSZmOc_dwwtz97NCXHtaXvrDaTnxhl1ce5tB6T2j,20240306,高知,11,F2,Ｌ級ガールズ決勝,base_color_4_bk,base_color_4,4,,015392,加藤　舞,,,沖　縄,L1,L1,両,49.29,1,1,1,2,4
Qa46FBqdpnJl3JcAORj6SQ-ceSZmOc_dwwtz97NCXHtaXvrDaTnxhl1ce5tB6T2j,20240306,高知,11,F2,Ｌ級ガールズ決勝,base_color_5_bk,base_color_5,5,,015406,吉岡　詩織,,,広　島,L1,L1,両,53.53,1,5,0,0,7
Qa46FBqdpnJl3JcAORj6SQ-ceSZmOc_dwwtz97NCXHtaXvrDaTnxhl1ce5tB6T2j,20240306,高知,11,F2,Ｌ級ガールズ決勝,base_color_6_bk,base_color_6,6,,015671,小泉　夢菜,,,埼　玉,L1,L1,両,51.83,1,0,0,3,1
Qa46FBqdpnJl3JcAORj6SQ-ceSZmOc_dwwtz97NCXHtaXvrDaTnxhl1ce5tB6T2j,20240306,高知,11,F2,Ｌ級ガールズ決勝,base_color_7_bk,base_color_7,7,,015504,西島　叶子,color_blue,追加,熊　本,L1,L1,両,50.36,1,0,1,1,4
Qa46FBqdpnJl3JcAORj6SfxxZ5LqH2Qms-PRst2ywGlpYnqd62jtLS8GnksAxTXK,20240306,高知,12,F2,Ａ級決勝,base_color_1_bk,base_color_1,1,,015198,今村麟太郎,,,高　知,A1,A1,逃,91.55,4,5,1,0,9
Qa46FBqdpnJl3JcAORj6SfxxZ5LqH2Qms-PRst2ywGlpYnqd62jtLS8GnksAxTXK,20240306,高知,12,F2,Ａ級決勝,base_color_2_bk,base_color_2,2,,012742,山田　雅之,,,岐　阜,A1,A1,追,86.20,0,0,6,1,0
Qa46FBqdpnJl3JcAORj6SfxxZ5LqH2Qms-PRst2ywGlpYnqd62jtLS8GnksAxTXK,20240306,高知,12,F2,Ａ級決勝,base_color_3_bk,base_color_3,3,,015562,山本　浩成,,,福　岡,A1,A1,逃,94.87,1,9,5,0,5
Qa46FBqdpnJl3JcAORj6SfxxZ5LqH2Qms-PRst2ywGlpYnqd62jtLS8GnksAxTXK,20240306,高知,12,F2,Ａ級決勝,base_color_4_bk,base_color_4,4,,014255,西本　直大,,,大　阪,A1,A1,両,88.38,2,6,3,0,9
Qa46FBqdpnJl3JcAORj6SfxxZ5LqH2Qms-PRst2ywGlpYnqd62jtLS8GnksAxTXK,20240306,高知,12,F2,Ａ級決勝,base_color_5_bk,base_color_5,5,,015201,門田　凌,,,愛　媛,S1,A1,両,92.38,3,1,3,2,3
Qa46FBqdpnJl3JcAORj6SfxxZ5LqH2Qms-PRst2ywGlpYnqd62jtLS8GnksAxTXK,20240306,高知,12,F2,Ａ級決勝,base_color_6_bk,base_color_6,6,,015738,梶原　海斗,color_blue,追加,福　岡,A3,A2,逃,81.36,11,9,0,0,15
Qa46FBqdpnJl3JcAORj6SfxxZ5LqH2Qms-PRst2ywGlpYnqd62jtLS8GnksAxTXK,20240306,高知,12,F2,Ａ級決勝,base_color_7_bk,base_color_7,7,,015193,今岡　徹二,,,広　島,A1,A1,両,91.25,1,0,9,4,1
L-h0DRY0KFM8zxiuG3qDbLFIeLmWcCXKX9pmsOOl6G6Qhoj34ANeanPOkmUwptPY,20240307,松山,1,G3,Ｓ級一次予選,base_color_1_bk,base_color_1,1,1,015647,真鍋　智寛,color_red,欠場,愛　媛,A1,S2,逃,97.05,5,2,0,0,12
L-h0DRY0KFM8zxiuG3qDbLFIeLmWcCXKX9pmsOOl6G6Qhoj34ANeanPOkmUwptPY,20240307,松山,1,G3,Ｓ級一次予選,base_color_2_bk,base_color_2,2,2,015046,山本　紳貴,,,千　葉,S2,S2,追,100.57,0,1,2,1,0
L-h0DRY0KFM8zxiuG3qDbLFIeLmWcCXKX9pmsOOl6G6Qhoj34ANeanPOkmUwptPY,20240307,松山,1,G3,Ｓ級一次予選,base_color_3_bk,base_color_3,3,3,015093,末木　浩二,,,山　梨,S1,S1,逃,105.41,4,6,1,0,7
L-h0DRY0KFM8zxiuG3qDbLFIeLmWcCXKX9pmsOOl6G6Qhoj34ANeanPOkmUwptPY,20240307,松山,1,G3,Ｓ級一次予選,base_color_4_bk,base_color_4,4,4,014672,吉田　茂生,,,岐　阜,S2,S2,両,94.78,0,0,1,0,3
L-h0DRY0KFM8zxiuG3qDbLFIeLmWcCXKX9pmsOOl6G6Qhoj34ANeanPOkmUwptPY,20240307,松山,1,G3,Ｓ級一次予選,base_color_5_bk,base_color_5,5,4,015199,田尾　駿介,,,高　知,S1,S2,追,104.38,0,0,2,2,0
L-h0DRY0KFM8zxiuG3qDbLFIeLmWcCXKX9pmsOOl6G6Qhoj34ANeanPOkmUwptPY,20240307,松山,1,G3,Ｓ級一次予選,base_color_6_bk,base_color_6,6,5,013883,高津　晃治,,,岡　山,A1,S2,追,92.96,0,0,2,1,0
L-h0DRY0KFM8zxiuG3qDbLFIeLmWcCXKX9pmsOOl6G6Qhoj34ANeanPOkmUwptPY,20240307,松山,1,G3,Ｓ級一次予選,base_color_7_bk,base_color_7,7,5,015037,鈴木　竜士,,,東　京,S1,S2,両,108.35,0,2,5,2,0
L-h0DRY0KFM8zxiuG3qDbLFIeLmWcCXKX9pmsOOl6G6Qhoj34ANeanPOkmUwptPY,20240307,松山,1,G3,Ｓ級一次予選,base_color_8_bk,base_color_8,8,6,014461,山中　秀将,,,千　葉,S2,S2,逃,93.23,0,1,0,0,0
L-h0DRY0KFM8zxiuG3qDbLFIeLmWcCXKX9pmsOOl6G6Qhoj34ANeanPOkmUwptPY,20240307,松山,1,G3,Ｓ級一次予選,base_color_9_bk,base_color_9,9,6,013330,舘　泰守,,,愛　知,S2,S2,追,95.40,0,1,0,3,0
L-h0DRY0KFM8zxiuG3qDbNyi935LjnIku2SXfYkqW9foacQ38CqDcCPbkpkloMp_,20240307,松山,2,G3,Ｓ級一次予選,base_color_1_bk,base_color_1,1,1,014210,和田　圭,,,宮　城,S1,S1,追,108.07,0,0,11,0,0
L-h0DRY0KFM8zxiuG3qDbNyi935LjnIku2SXfYkqW9foacQ38CqDcCPbkpkloMp_,20240307,松山,2,G3,Ｓ級一次予選,base_color_2_bk,base_color_2,2,2,014484,河端　朋之,,,岡　山,S1,S1,逃,106.44,0,9,1,0,11
L-h0DRY0KFM8zxiuG3qDbNyi935LjnIku2SXfYkqW9foacQ38CqDcCPbkpkloMp_,20240307,松山,2,G3,Ｓ級一次予選,base_color_3_bk,base_color_3,3,3,012834,松田　治之,,,大　阪,S2,S2,両,101.55,0,0,5,1,0
L-h0DRY0KFM8zxiuG3qDbNyi935LjnIku2SXfYkqW9foacQ38CqDcCPbkpkloMp_,20240307,松山,2,G3,Ｓ級一次予選,base_color_4_bk,base_color_4,4,4,015288,薦田　将伍,color_blue,追加,愛　媛,S2,S2,逃,96.50,0,1,0,1,0
L-h0DRY0KFM8zxiuG3qDbNyi935LjnIku2SXfYkqW9foacQ38CqDcCPbkpkloMp_,20240307,松山,2,G3,Ｓ級一次予選,base_color_5_bk,base_color_5,5,4,014852,徳永　哲人,,,熊　本,A1,S2,両,100.03,0,3,5,3,0
L-h0DRY0KFM8zxiuG3qDbNyi935LjnIku2SXfYkqW9foacQ38CqDcCPbkpkloMp_,20240307,松山,2,G3,Ｓ級一次予選,base_color_6_bk,base_color_6,6,5,014691,東矢　昇太,,,熊　本,S2,S2,両,92.50,0,0,0,0,0
L-h0DRY0KFM8zxiuG3qDbNyi935LjnIku2SXfYkqW9foacQ38CqDcCPbkpkloMp_,20240307,松山,2,G3,Ｓ級一次予選,base_color_7_bk,base_color_7,7,5,015322,磯島　成介,,,青　森,S2,S2,逃,102.13,4,4,0,0,10
L-h0DRY0KFM8zxiuG3qDbNyi935LjnIku2SXfYkqW9foacQ38CqDcCPbkpkloMp_,20240307,松山,2,G3,Ｓ級一次予選,base_color_8_bk,base_color_8,8,6,014178,伊原　克彦,,,福　井,A1,S2,両,95.82,0,5,4,0,4
L-h0DRY0KFM8zxiuG3qDbNyi935LjnIku2SXfYkqW9foacQ38CqDcCPbkpkloMp_,20240307,松山,2,G3,Ｓ級一次予選,base_color_9_bk,base_color_9,9,6,014551,山下　一輝,,,山　口,S1,S1,追,102.21,0,2,4,1,0
L-h0DRY0KFM8zxiuG3qDbNKuGMiczlTn8j_6o_iKfQD2JvPSv1bIBcWlCntJcKaa,20240307,松山,3,G3,Ｓ級一次予選,base_color_1_bk,base_color_1,1,1,014545,岡崎　智哉,,,大　阪,S1,S1,両,104.33,0,0,1,1,1
L-h0DRY0KFM8zxiuG3qDbNKuGMiczlTn8j_6o_iKfQD2JvPSv1bIBcWlCntJcKaa,20240307,松山,3,G3,Ｓ級一次予選,base_color_2_bk,base_color_2,2,2,013921,渡邉　一成,,,福　島,S1,S1,逃,105.76,4,4,2,0,8
L-h0DRY0KFM8zxiuG3qDbNKuGMiczlTn8j_6o_iKfQD2JvPSv1bIBcWlCntJcKaa,20240307,松山,3,G3,Ｓ級一次予選,base_color_3_bk,base_color_3,3,3,013762,吉田　勇人,color_blue,追加,埼　玉,S2,S2,追,100.30,0,0,3,1,0
L-h0DRY0KFM8zxiuG3qDbNKuGMiczlTn8j_6o_iKfQD2JvPSv1bIBcWlCntJcKaa,20240307,松山,3,G3,Ｓ級一次予選,base_color_4_bk,base_color_4,4,4,015554,近藤　翔馬,,,愛　媛,S2,S2,逃,94.92,0,1,0,0,1
L-h0DRY0KFM8zxiuG3qDbNKuGMiczlTn8j_6o_iKfQD2JvPSv1bIBcWlCntJcKaa,20240307,松山,3,G3,Ｓ級一次予選,base_color_5_bk,base_color_5,5,4,014946,元砂　勇雪,,,奈　良,S2,S2,両,101.89,0,1,2,5,0
L-h0DRY0KFM8zxiuG3qDbNKuGMiczlTn8j_6o_iKfQD2JvPSv1bIBcWlCntJcKaa,20240307,松山,3,G3,Ｓ級一次予選,base_color_6_bk,base_color_6,6,5,015519,小池　千啓,,,栃　木,A1,S2,逃,92.86,5,1,0,0,14
L-h0DRY0KFM8zxiuG3qDbNKuGMiczlTn8j_6o_iKfQD2JvPSv1bIBcWlCntJcKaa,20240307,松山,3,G3,Ｓ級一次予選,base_color_7_bk,base_color_7,7,5,013673,大槻　寛徳,,,宮　城,S1,S2,追,108.03,0,1,12,2,0
L-h0DRY0KFM8zxiuG3qDbNKuGMiczlTn8j_6o_iKfQD2JvPSv1bIBcWlCntJcKaa,20240307,松山,3,G3,Ｓ級一次予選,base_color_8_bk,base_color_8,8,6,015060,滝本　泰行,,,岡　山,A1,S2,逃,94.87,1,1,4,0,7
L-h0DRY0KFM8zxiuG3qDbNKuGMiczlTn8j_6o_iKfQD2JvPSv1bIBcWlCntJcKaa,20240307,松山,3,G3,Ｓ級一次予選,base_color_9_bk,base_color_9,9,6,014313,小谷　実,,,京　都,A1,S2,両,95.50,0,0,2,1,0
L-h0DRY0KFM8zxiuG3qDbG2bQ5OYE3laAiHZVy0_uSizv-SOysxvIEDrNgLdSkj4,20240307,松山,4,G3,Ｓ級一次予選,base_color_1_bk,base_color_1,1,1,013894,園田　匠,,,福　岡,S1,S1,追,109.80,0,0,4,5,0
L-h0DRY0KFM8zxiuG3qDbG2bQ5OYE3laAiHZVy0_uSizv-SOysxvIEDrNgLdSkj4,20240307,松山,4,G3,Ｓ級一次予選,base_color_2_bk,base_color_2,2,2,015380,外田　心斗,,,愛　媛,S2,S2,逃,99.80,2,1,2,0,6
L-h0DRY0KFM8zxiuG3qDbG2bQ5OYE3laAiHZVy0_uSizv-SOysxvIEDrNgLdSkj4,20240307,松山,4,G3,Ｓ級一次予選,base_color_3_bk,base_color_3,3,3,014714,橋本　智昭,,,宮　城,S2,S2,逃,100.45,1,3,2,2,5
L-h0DRY0KFM8zxiuG3qDbG2bQ5OYE3laAiHZVy0_uSizv-SOysxvIEDrNgLdSkj4,20240307,松山,4,G3,Ｓ級一次予選,base_color_4_bk,base_color_4,4,4,015204,吉田　智哉,,,愛　媛,S2,S2,逃,97.90,2,1,3,0,5
L-h0DRY0KFM8zxiuG3qDbG2bQ5OYE3laAiHZVy0_uSizv-SOysxvIEDrNgLdSkj4,20240307,松山,4,G3,Ｓ級一次予選,base_color_5_bk,base_color_5,5,4,013745,中川誠一郎,,,熊　本,S1,S1,両,105.78,1,3,3,0,2
L-h0DRY0KFM8zxiuG3qDbG2bQ5OYE3laAiHZVy0_uSizv-SOysxvIEDrNgLdSkj4,20240307,松山,4,G3,Ｓ級一次予選,base_color_6_bk,base_color_6,6,5,015420,梁島　邦友,,,茨　城,S2,S2,逃,94.68,3,0,1,0,10
L-h0DRY0KFM8zxiuG3qDbG2bQ5OYE3laAiHZVy0_uSizv-SOysxvIEDrNgLdSkj4,20240307,松山,4,G3,Ｓ級一次予選,base_color_7_bk,base_color_7,7,5,012939,伏見　俊昭,,,福　島,S1,S2,追,104.36,0,0,8,0,0
L-h0DRY0KFM8zxiuG3qDbG2bQ5OYE3laAiHZVy0_uSizv-SOysxvIEDrNgLdSkj4,20240307,松山,4,G3,Ｓ級一次予選,base_color_8_bk,base_color_8,8,6,013593,大野　悟郎,,,大　分,S2,S2,追,97.21,0,0,1,0,0
L-h0DRY0KFM8zxiuG3qDbG2bQ5OYE3laAiHZVy0_uSizv-SOysxvIEDrNgLdSkj4,20240307,松山,4,G3,Ｓ級一次予選,base_color_9_bk,base_color_9,9,6,014806,岡田　泰地,,,栃　木,S1,S1,追,100.53,0,1,6,1,0
L-h0DRY0KFM8zxiuG3qDbNsQ4QqlopBRGWmq3o8Z8BCn6jmKdYvQToUc3ZKNSBr0,20240307,松山,5,G3,Ｓ級一次予選,base_color_1_bk,base_color_1,1,1,015426,太田　龍希,,,埼　玉,S2,S2,逃,101.93,1,4,0,0,6
L-h0DRY0KFM8zxiuG3qDbNsQ4QqlopBRGWmq3o8Z8BCn6jmKdYvQToUc3ZKNSBr0,20240307,松山,5,G3,Ｓ級一次予選,base_color_2_bk,base_color_2,2,2,015466,久田　裕也,color_blue,追加,徳　島,S2,S2,逃,103.62,5,7,1,0,10
L-h0DRY0KFM8zxiuG3qDbNsQ4QqlopBRGWmq3o8Z8BCn6jmKdYvQToUc3ZKNSBr0,20240307,松山,5,G3,Ｓ級一次予選,base_color_3_bk,base_color_3,3,3,014398,藤田　勝也,,,和歌山,S2,S2,追,106.78,0,0,7,1,0
L-h0DRY0KFM8zxiuG3qDbNsQ4QqlopBRGWmq3o8Z8BCn6jmKdYvQToUc3ZKNSBr0,20240307,松山,5,G3,Ｓ級一次予選,base_color_4_bk,base_color_4,4,4,014108,山中　貴雄,,,高　知,S1,S1,追,98.13,0,0,0,3,0
L-h0DRY0KFM8zxiuG3qDbNsQ4QqlopBRGWmq3o8Z8BCn6jmKdYvQToUc3ZKNSBr0,20240307,松山,5,G3,Ｓ級一次予選,base_color_5_bk,base_color_5,5,4,013679,真崎新太郎,,,栃　木,S2,S2,追,98.20,0,0,4,1,0
L-h0DRY0KFM8zxiuG3qDbNsQ4QqlopBRGWmq3o8Z8BCn6jmKdYvQToUc3ZKNSBr0,20240307,松山,5,G3,Ｓ級一次予選,base_color_6_bk,base_color_6,6,5,014784,萱島　大介,,,大　分,S2,S2,追,93.00,0,0,0,0,0
L-h0DRY0KFM8zxiuG3qDbNsQ4QqlopBRGWmq3o8Z8BCn6jmKdYvQToUc3ZKNSBr0,20240307,松山,5,G3,Ｓ級一次予選,base_color_7_bk,base_color_7,7,5,014835,窓場千加頼,,,京　都,S1,S1,両,107.25,0,3,0,1,6
L-h0DRY0KFM8zxiuG3qDbNsQ4QqlopBRGWmq3o8Z8BCn6jmKdYvQToUc3ZKNSBr0,20240307,松山,5,G3,Ｓ級一次予選,base_color_8_bk,base_color_8,8,6,013642,西岡　正一,,,和歌山,A1,S2,追,95.24,0,0,3,4,0
L-h0DRY0KFM8zxiuG3qDbNsQ4QqlopBRGWmq3o8Z8BCn6jmKdYvQToUc3ZKNSBr0,20240307,松山,5,G3,Ｓ級一次予選,base_color_9_bk,base_color_9,9,6,015092,小林　令,,,山　梨,S2,S2,両,100.95,0,0,2,5,1
L-h0DRY0KFM8zxiuG3qDbDt4sRSiGyDlQE87etQevhXWBO64T83RA2PziZgTBIG-,20240307,松山,6,G3,Ｓ級一次予選,base_color_1_bk,base_color_1,1,1,015203,松本　貴治,,,愛　媛,S1,S1,逃,109.17,0,2,4,0,1
L-h0DRY0KFM8zxiuG3qDbDt4sRSiGyDlQE87etQevhXWBO64T83RA2PziZgTBIG-,20240307,松山,6,G3,Ｓ級一次予選,base_color_2_bk,base_color_2,2,2,014017,大塚　玲,,,神奈川,S1,S2,追,101.00,0,0,4,3,0
L-h0DRY0KFM8zxiuG3qDbDt4sRSiGyDlQE87etQevhXWBO64T83RA2PziZgTBIG-,20240307,松山,6,G3,Ｓ級一次予選,base_color_3_bk,base_color_3,3,3,015297,上野　優太,color_blue,追加,熊　本,S2,S2,追,99.70,0,0,5,1,0
L-h0DRY0KFM8zxiuG3qDbDt4sRSiGyDlQE87etQevhXWBO64T83RA2PziZgTBIG-,20240307,松山,6,G3,Ｓ級一次予選,base_color_4_bk,base_color_4,4,4,012965,成田　健児,,,神奈川,S2,S2,追,97.66,0,0,2,1,0
L-h0DRY0KFM8zxiuG3qDbDt4sRSiGyDlQE87etQevhXWBO64T83RA2PziZgTBIG-,20240307,松山,6,G3,Ｓ級一次予選,base_color_5_bk,base_color_5,5,4,013656,渡部　哲男,,,愛　媛,S1,S1,追,106.03,0,0,5,2,0
L-h0DRY0KFM8zxiuG3qDbDt4sRSiGyDlQE87etQevhXWBO64T83RA2PziZgTBIG-,20240307,松山,6,G3,Ｓ級一次予選,base_color_6_bk,base_color_6,6,5,013353,吉永　好宏,,,広　島,A1,S2,追,94.20,0,0,2,3,0
L-h0DRY0KFM8zxiuG3qDbDt4sRSiGyDlQE87etQevhXWBO64T83RA2PziZgTBIG-,20240307,松山,6,G3,Ｓ級一次予選,base_color_7_bk,base_color_7,7,5,015569,谷口　力也,,,熊　本,A2,S2,逃,97.72,6,2,0,0,10
L-h0DRY0KFM8zxiuG3qDbDt4sRSiGyDlQE87etQevhXWBO64T83RA2PziZgTBIG-,20240307,松山,6,G3,Ｓ級一次予選,base_color_8_bk,base_color_8,8,6,011854,紫原　政文,,,福　岡,A1,S2,追,95.18,0,0,5,2,0
L-h0DRY0KFM8zxiuG3qDbDt4sRSiGyDlQE87etQevhXWBO64T83RA2PziZgTBIG-,20240307,松山,6,G3,Ｓ級一次予選,base_color_9_bk,base_color_9,9,6,014982,坂本　周作,,,青　森,S1,S2,逃,101.00,1,5,2,0,11
L-h0DRY0KFM8zxiuG3qDbB-qEvR3hPz-_1iZ0QvLAsY0_suGAQh8r0zBQn0a6gfi,20240307,松山,7,G3,Ｓ級一次予選,base_color_1_bk,base_color_1,1,1,015179,皿屋　豊,,,三　重,S1,S1,逃,110.90,1,6,3,1,3
L-h0DRY0KFM8zxiuG3qDbB-qEvR3hPz-_1iZ0QvLAsY0_suGAQh8r0zBQn0a6gfi,20240307,松山,7,G3,Ｓ級一次予選,base_color_2_bk,base_color_2,2,2,014055,芦澤　大輔,,,茨　城,S2,S1,追,105.23,0,0,5,3,0
L-h0DRY0KFM8zxiuG3qDbB-qEvR3hPz-_1iZ0QvLAsY0_suGAQh8r0zBQn0a6gfi,20240307,松山,7,G3,Ｓ級一次予選,base_color_3_bk,base_color_3,3,3,014041,田中　誠,color_blue,追加,福　岡,S2,S1,追,102.48,0,0,6,2,1
L-h0DRY0KFM8zxiuG3qDbB-qEvR3hPz-_1iZ0QvLAsY0_suGAQh8r0zBQn0a6gfi,20240307,松山,7,G3,Ｓ級一次予選,base_color_4_bk,base_color_4,4,4,015296,上田　尭弥,,,熊　本,S1,S2,逃,97.85,3,1,0,0,13
L-h0DRY0KFM8zxiuG3qDbB-qEvR3hPz-_1iZ0QvLAsY0_suGAQh8r0zBQn0a6gfi,20240307,松山,7,G3,Ｓ級一次予選,base_color_5_bk,base_color_5,5,4,014574,佐伯　翔,color_blue,追加,福　島,S2,S2,追,99.17,0,0,2,4,0
L-h0DRY0KFM8zxiuG3qDbB-qEvR3hPz-_1iZ0QvLAsY0_suGAQh8r0zBQn0a6gfi,20240307,松山,7,G3,Ｓ級一次予選,base_color_6_bk,base_color_6,6,5,014194,桑原　亮,,,福　岡,S2,S2,追,95.36,0,0,2,0,0
L-h0DRY0KFM8zxiuG3qDbB-qEvR3hPz-_1iZ0QvLAsY0_suGAQh8r0zBQn0a6gfi,20240307,松山,7,G3,Ｓ級一次予選,base_color_7_bk,base_color_7,7,5,014472,坂口　晃輔,,,三　重,S1,S1,追,105.30,0,0,3,2,0
L-h0DRY0KFM8zxiuG3qDbB-qEvR3hPz-_1iZ0QvLAsY0_suGAQh8r0zBQn0a6gfi,20240307,松山,7,G3,Ｓ級一次予選,base_color_8_bk,base_color_8,8,6,015325,後藤　悠,,,岩　手,S2,S2,逃,96.26,2,1,1,1,4
L-h0DRY0KFM8zxiuG3qDbB-qEvR3hPz-_1iZ0QvLAsY0_suGAQh8r0zBQn0a6gfi,20240307,松山,7,G3,Ｓ級一次予選,base_color_9_bk,base_color_9,9,6,015608,山口　多聞,,,埼　玉,A2,S2,逃,101.12,12,1,1,1,18
L-h0DRY0KFM8zxiuG3qDbHPHc2GjdgnWxS-t7MwCMABKZBgkLZ3A9VWv5DzYh8CZ,20240307,松山,8,G3,Ｓ級一次予選,base_color_1_bk,base_color_1,1,1,015132,瓜生　崇智,,,熊　本,S1,S1,両,105.60,0,2,7,3,1
L-h0DRY0KFM8zxiuG3qDbHPHc2GjdgnWxS-t7MwCMABKZBgkLZ3A9VWv5DzYh8CZ,20240307,松山,8,G3,Ｓ級一次予選,base_color_2_bk,base_color_2,2,2,015341,坂井　洋,,,栃　木,S1,S1,逃,111.42,1,10,4,0,9
L-h0DRY0KFM8zxiuG3qDbHPHc2GjdgnWxS-t7MwCMABKZBgkLZ3A9VWv5DzYh8CZ,20240307,松山,8,G3,Ｓ級一次予選,base_color_3_bk,base_color_3,3,3,014754,横関　裕樹,,,岐　阜,S2,S2,両,101.23,1,3,2,0,2
L-h0DRY0KFM8zxiuG3qDbHPHc2GjdgnWxS-t7MwCMABKZBgkLZ3A9VWv5DzYh8CZ,20240307,松山,8,G3,Ｓ級一次予選,base_color_4_bk,base_color_4,4,4,015453,下井　竜,color_blue,追加,三　重,S2,S2,逃,96.29,2,0,1,0,8
L-h0DRY0KFM8zxiuG3qDbHPHc2GjdgnWxS-t7MwCMABKZBgkLZ3A9VWv5DzYh8CZ,20240307,松山,8,G3,Ｓ級一次予選,base_color_5_bk,base_color_5,5,4,015014,西田　将士,,,長　崎,S2,S2,追,98.52,0,0,2,2,0
L-h0DRY0KFM8zxiuG3qDbHPHc2GjdgnWxS-t7MwCMABKZBgkLZ3A9VWv5DzYh8CZ,20240307,松山,8,G3,Ｓ級一次予選,base_color_6_bk,base_color_6,6,5,015042,高橋　泰裕,,,埼　玉,S2,S2,両,94.10,0,0,1,1,0
L-h0DRY0KFM8zxiuG3qDbHPHc2GjdgnWxS-t7MwCMABKZBgkLZ3A9VWv5DzYh8CZ,20240307,松山,8,G3,Ｓ級一次予選,base_color_7_bk,base_color_7,7,5,015477,兼本　将太,,,熊　本,S2,S2,逃,102.70,2,3,3,0,5
L-h0DRY0KFM8zxiuG3qDbHPHc2GjdgnWxS-t7MwCMABKZBgkLZ3A9VWv5DzYh8CZ,20240307,松山,8,G3,Ｓ級一次予選,base_color_8_bk,base_color_8,8,6,013950,松山　桂輔,,,愛　知,A1,S2,追,95.39,0,0,5,2,0
L-h0DRY0KFM8zxiuG3qDbHPHc2GjdgnWxS-t7MwCMABKZBgkLZ3A9VWv5DzYh8CZ,20240307,松山,8,G3,Ｓ級一次予選,base_color_9_bk,base_color_9,9,6,014659,武藤　龍生,,,埼　玉,S1,S1,追,111.92,0,0,10,2,0
L-h0DRY0KFM8zxiuG3qDbCEtv9oWt-EP2mD8WGxlv3SuGbXiX2iKGPTvUiNzvUC-,20240307,松山,9,G3,Ｓ級一次予選,base_color_1_bk,base_color_1,1,1,014462,小原　太樹,,,神奈川,S1,S1,追,108.00,0,1,0,0,0
L-h0DRY0KFM8zxiuG3qDbCEtv9oWt-EP2mD8WGxlv3SuGbXiX2iKGPTvUiNzvUC-,20240307,松山,9,G3,Ｓ級一次予選,base_color_2_bk,base_color_2,2,2,013959,鷲田　佳史,color_blue,追加,福　井,S1,S2,追,101.68,0,0,5,2,0
L-h0DRY0KFM8zxiuG3qDbCEtv9oWt-EP2mD8WGxlv3SuGbXiX2iKGPTvUiNzvUC-,20240307,松山,9,G3,Ｓ級一次予選,base_color_3_bk,base_color_3,3,3,015551,渡口　勝成,,,山　口,S2,S2,逃,99.91,1,3,1,0,10
L-h0DRY0KFM8zxiuG3qDbCEtv9oWt-EP2mD8WGxlv3SuGbXiX2iKGPTvUiNzvUC-,20240307,松山,9,G3,Ｓ級一次予選,base_color_4_bk,base_color_4,4,4,014679,小玉　拓真,,,岡　山,S2,S2,逃,95.72,1,1,1,1,5
L-h0DRY0KFM8zxiuG3qDbCEtv9oWt-EP2mD8WGxlv3SuGbXiX2iKGPTvUiNzvUC-,20240307,松山,9,G3,Ｓ級一次予選,base_color_5_bk,base_color_5,5,4,014606,稲毛　健太,,,和歌山,S1,S1,逃,99.95,4,3,1,0,10
L-h0DRY0KFM8zxiuG3qDbCEtv9oWt-EP2mD8WGxlv3SuGbXiX2iKGPTvUiNzvUC-,20240307,松山,9,G3,Ｓ級一次予選,base_color_6_bk,base_color_6,6,5,014527,飯田　憲司,,,静　岡,S2,S2,逃,94.60,0,1,0,1,1
L-h0DRY0KFM8zxiuG3qDbCEtv9oWt-EP2mD8WGxlv3SuGbXiX2iKGPTvUiNzvUC-,20240307,松山,9,G3,Ｓ級一次予選,base_color_7_bk,base_color_7,7,5,014878,伊代野貴照,,,奈　良,S2,S2,追,101.43,0,1,4,1,0
L-h0DRY0KFM8zxiuG3qDbCEtv9oWt-EP2mD8WGxlv3SuGbXiX2iKGPTvUiNzvUC-,20240307,松山,9,G3,Ｓ級一次予選,base_color_8_bk,base_color_8,8,6,015118,木村　幸希,,,広　島,S2,S2,逃,94.92,0,0,1,0,0
L-h0DRY0KFM8zxiuG3qDbCEtv9oWt-EP2mD8WGxlv3SuGbXiX2iKGPTvUiNzvUC-,20240307,松山,9,G3,Ｓ級一次予選,base_color_9_bk,base_color_9,9,6,014744,和田真久留,,,神奈川,S1,S1,両,112.17,1,4,3,0,2
L-h0DRY0KFM8zxiuG3qDbLlqkZNO_lipyFAHpNA9RH2rtzEQlcsPe8EP5d72X97_,20240307,松山,10,G3,Ｓ級一次予選,base_color_1_bk,base_color_1,1,1,015125,佐々木　豪,,,愛　媛,S1,S1,逃,110.22,1,3,3,0,5
L-h0DRY0KFM8zxiuG3qDbLlqkZNO_lipyFAHpNA9RH2rtzEQlcsPe8EP5d72X97_,20240307,松山,10,G3,Ｓ級一次予選,base_color_2_bk,base_color_2,2,2,013628,石毛　克幸,,,千　葉,S2,S2,追,102.81,0,0,5,1,0
L-h0DRY0KFM8zxiuG3qDbLlqkZNO_lipyFAHpNA9RH2rtzEQlcsPe8EP5d72X97_,20240307,松山,10,G3,Ｓ級一次予選,base_color_3_bk,base_color_3,3,3,015516,木村　皆斗,,,茨　城,S2,S2,逃,99.29,2,1,1,1,8
L-h0DRY0KFM8zxiuG3qDbLlqkZNO_lipyFAHpNA9RH2rtzEQlcsPe8EP5d72X97_,20240307,松山,10,G3,Ｓ級一次予選,base_color_4_bk,base_color_4,4,4,014452,長井　優斗,,,東　京,A1,S2,追,94.52,0,0,2,1,0
L-h0DRY0KFM8zxiuG3qDbLlqkZNO_lipyFAHpNA9RH2rtzEQlcsPe8EP5d72X97_,20240307,松山,10,G3,Ｓ級一次予選,base_color_5_bk,base_color_5,5,4,013442,濱田　浩司,,,愛　媛,S2,S1,追,100.96,0,0,1,6,0
L-h0DRY0KFM8zxiuG3qDbLlqkZNO_lipyFAHpNA9RH2rtzEQlcsPe8EP5d72X97_,20240307,松山,10,G3,Ｓ級一次予選,base_color_6_bk,base_color_6,6,5,013589,佐竹　和也,,,徳　島,A1,S2,追,92.04,0,0,2,1,0
L-h0DRY0KFM8zxiuG3qDbLlqkZNO_lipyFAHpNA9RH2rtzEQlcsPe8EP5d72X97_,20240307,松山,10,G3,Ｓ級一次予選,base_color_7_bk,base_color_7,7,5,012728,飯田　辰哉,,,千　葉,S2,S2,追,97.03,0,0,3,1,0
L-h0DRY0KFM8zxiuG3qDbLlqkZNO_lipyFAHpNA9RH2rtzEQlcsPe8EP5d72X97_,20240307,松山,10,G3,Ｓ級一次予選,base_color_8_bk,base_color_8,8,6,015176,望月　一成,,,静　岡,A1,S2,逃,94.21,4,1,2,0,9
L-h0DRY0KFM8zxiuG3qDbLlqkZNO_lipyFAHpNA9RH2rtzEQlcsPe8EP5d72X97_,20240307,松山,10,G3,Ｓ級一次予選,base_color_9_bk,base_color_9,9,6,014066,池田　勇人,,,埼　玉,S1,S2,追,100.55,0,0,3,3,0
L-h0DRY0KFM8zxiuG3qDbLr9xFx2YBw_HOpC6jlIWx9BIjDhk5HEffKitaTryxd5,20240307,松山,11,G3,Ｓ級一次予選,base_color_1_bk,base_color_1,1,1,015553,犬伏　湧也,,,徳　島,S1,S1,逃,113.00,7,2,0,0,12
L-h0DRY0KFM8zxiuG3qDbLr9xFx2YBw_HOpC6jlIWx9BIjDhk5HEffKitaTryxd5,20240307,松山,11,G3,Ｓ級一次予選,base_color_2_bk,base_color_2,2,2,013783,上田　裕和,,,三　重,A1,S2,追,100.52,0,0,1,2,0
L-h0DRY0KFM8zxiuG3qDbLr9xFx2YBw_HOpC6jlIWx9BIjDhk5HEffKitaTryxd5,20240307,松山,11,G3,Ｓ級一次予選,base_color_3_bk,base_color_3,3,3,014796,保科　千春,,,宮　城,S2,S2,追,102.56,0,0,4,2,0
L-h0DRY0KFM8zxiuG3qDbLr9xFx2YBw_HOpC6jlIWx9BIjDhk5HEffKitaTryxd5,20240307,松山,11,G3,Ｓ級一次予選,base_color_4_bk,base_color_4,4,4,015124,山本　拳也,,,高　知,A1,S2,追,96.86,0,0,5,1,0
L-h0DRY0KFM8zxiuG3qDbLr9xFx2YBw_HOpC6jlIWx9BIjDhk5HEffKitaTryxd5,20240307,松山,11,G3,Ｓ級一次予選,base_color_5_bk,base_color_5,5,4,015417,櫻井祐太郎,,,宮　城,S2,S2,逃,99.36,8,1,0,0,10
L-h0DRY0KFM8zxiuG3qDbLr9xFx2YBw_HOpC6jlIWx9BIjDhk5HEffKitaTryxd5,20240307,松山,11,G3,Ｓ級一次予選,base_color_6_bk,base_color_6,6,5,015446,林　敬宏,,,愛　知,A1,S2,逃,95.21,0,2,0,1,6
L-h0DRY0KFM8zxiuG3qDbLr9xFx2YBw_HOpC6jlIWx9BIjDhk5HEffKitaTryxd5,20240307,松山,11,G3,Ｓ級一次予選,base_color_7_bk,base_color_7,7,5,014428,鹿内　翔,,,青　森,S2,S2,追,98.38,0,0,3,0,0
L-h0DRY0KFM8zxiuG3qDbLr9xFx2YBw_HOpC6jlIWx9BIjDhk5HEffKitaTryxd5,20240307,松山,11,G3,Ｓ級一次予選,base_color_8_bk,base_color_8,8,6,014830,大洞　翔平,,,岐　阜,A1,S2,追,95.75,0,0,3,2,1
L-h0DRY0KFM8zxiuG3qDbLr9xFx2YBw_HOpC6jlIWx9BIjDhk5HEffKitaTryxd5,20240307,松山,11,G3,Ｓ級一次予選,base_color_9_bk,base_color_9,9,6,014038,橋本　強,,,愛　媛,S1,S1,追,106.45,0,1,2,2,0
L-h0DRY0KFM8zxiuG3qDbFaUKD_vYqnIxazGdS6P_BrgtME-6C9oV9SFSMM7-asG,20240307,松山,12,G3,Ｓ級初日特選,base_color_1_bk,base_color_1,1,1,014534,深谷　知広,,,静　岡,SS,SS,逃,117.05,1,6,3,0,7
L-h0DRY0KFM8zxiuG3qDbFaUKD_vYqnIxazGdS6P_BrgtME-6C9oV9SFSMM7-asG,20240307,松山,12,G3,Ｓ級初日特選,base_color_2_bk,base_color_2,2,2,014838,古性　優作,,,大　阪,SS,SS,両,118.00,0,6,4,1,4
L-h0DRY0KFM8zxiuG3qDbFaUKD_vYqnIxazGdS6P_BrgtME-6C9oV9SFSMM7-asG,20240307,松山,12,G3,Ｓ級初日特選,base_color_3_bk,base_color_3,3,3,015034,新山　響平,,,青　森,SS,SS,逃,113.69,4,2,0,0,9
L-h0DRY0KFM8zxiuG3qDbFaUKD_vYqnIxazGdS6P_BrgtME-6C9oV9SFSMM7-asG,20240307,松山,12,G3,Ｓ級初日特選,base_color_4_bk,base_color_4,4,4,015527,北井　佑季,,,神奈川,S1,S1,逃,114.28,11,5,2,0,17
L-h0DRY0KFM8zxiuG3qDbFaUKD_vYqnIxazGdS6P_BrgtME-6C9oV9SFSMM7-asG,20240307,松山,12,G3,Ｓ級初日特選,base_color_5_bk,base_color_5,5,4,013516,荒井　崇博,,,長　崎,S1,S1,追,114.84,0,1,10,1,0
L-h0DRY0KFM8zxiuG3qDbFaUKD_vYqnIxazGdS6P_BrgtME-6C9oV9SFSMM7-asG,20240307,松山,12,G3,Ｓ級初日特選,base_color_6_bk,base_color_6,6,5,013851,和田健太郎,,,千　葉,S1,S1,追,113.51,0,0,13,6,0
L-h0DRY0KFM8zxiuG3qDbFaUKD_vYqnIxazGdS6P_BrgtME-6C9oV9SFSMM7-asG,20240307,松山,12,G3,Ｓ級初日特選,base_color_7_bk,base_color_7,7,5,014396,脇本　雄太,,,福　井,SS,SS,逃,114.50,1,5,0,0,4
L-h0DRY0KFM8zxiuG3qDbFaUKD_vYqnIxazGdS6P_BrgtME-6C9oV9SFSMM7-asG,20240307,松山,12,G3,Ｓ級初日特選,base_color_8_bk,base_color_8,8,6,015298,嘉永　泰斗,,,熊　本,S1,S1,逃,114.00,3,7,1,0,5
L-h0DRY0KFM8zxiuG3qDbFaUKD_vYqnIxazGdS6P_BrgtME-6C9oV9SFSMM7-asG,20240307,松山,12,G3,Ｓ級初日特選,base_color_9_bk,base_color_9,9,6,013162,佐藤慎太郎,,,福　島,SS,SS,追,113.60,0,0,4,3,0
TzXNr1IyQYXd8vmMpJjd_58496MdRQiSkzVhZed-Bda1iS5rON9q9Tz2O0tpTwcB,20240307,小倉,1,F1,Ａ級一般,base_color_1_bk,base_color_1,1,,014062,齋藤　昌弘,,,群　馬,A2,A2,追,81.15,0,0,1,1,1
TzXNr1IyQYXd8vmMpJjd_58496MdRQiSkzVhZed-Bda1iS5rON9q9Tz2O0tpTwcB,20240307,小倉,1,F1,Ａ級一般,base_color_2_bk,base_color_2,2,,015379,下野　義城,,,愛　媛,A1,A1,逃,83.07,2,3,0,1,10
TzXNr1IyQYXd8vmMpJjd_58496MdRQiSkzVhZed-Bda1iS5rON9q9Tz2O0tpTwcB,20240307,小倉,1,F1,Ａ級一般,base_color_3_bk,base_color_3,3,,015275,伊藤　歩登,,,兵　庫,A1,A1,逃,85.66,4,0,0,0,6
TzXNr1IyQYXd8vmMpJjd_58496MdRQiSkzVhZed-Bda1iS5rON9q9Tz2O0tpTwcB,20240307,小倉,1,F1,Ａ級一般,base_color_4_bk,base_color_4,4,,012348,飯田　威文,,,埼　玉,A2,A1,追,79.50,0,0,0,1,0
TzXNr1IyQYXd8vmMpJjd_58496MdRQiSkzVhZed-Bda1iS5rON9q9Tz2O0tpTwcB,20240307,小倉,1,F1,Ａ級一般,base_color_5_bk,base_color_5,5,,012891,朝日　勇,,,愛　知,A1,A1,追,87.11,0,0,5,4,0
TzXNr1IyQYXd8vmMpJjd_58496MdRQiSkzVhZed-Bda1iS5rON9q9Tz2O0tpTwcB,20240307,小倉,1,F1,Ａ級一般,base_color_6_bk,base_color_6,6,,012593,山田　圭二,,,愛　知,A3,A2,追,75.50,0,0,2,0,0
TzXNr1IyQYXd8vmMpJjd_58496MdRQiSkzVhZed-Bda1iS5rON9q9Tz2O0tpTwcB,20240307,小倉,1,F1,Ａ級一般,base_color_7_bk,base_color_7,7,,013822,米原　大輔,,,沖　縄,A1,A1,追,81.84,0,0,1,0,0
TzXNr1IyQYXd8vmMpJjd_xzqEvNsx71PpQsa1ks539CzaIAOm8wCpRUR17AlWGzB,20240307,小倉,2,F1,Ａ級一般,base_color_1_bk,base_color_1,1,,015627,南儀　拓海,,,富　山,A2,A2,逃,85.33,9,2,0,0,18
TzXNr1IyQYXd8vmMpJjd_xzqEvNsx71PpQsa1ks539CzaIAOm8wCpRUR17AlWGzB,20240307,小倉,2,F1,Ａ級一般,base_color_2_bk,base_color_2,2,,014430,橋本　祐司,,,青　森,A2,A2,追,76.22,0,0,0,0,0
TzXNr1IyQYXd8vmMpJjd_xzqEvNsx71PpQsa1ks539CzaIAOm8wCpRUR17AlWGzB,20240307,小倉,2,F1,Ａ級一般,base_color_3_bk,base_color_3,3,,014413,松本　充生,,,愛　媛,A2,A2,両,80.83,0,1,1,0,0
TzXNr1IyQYXd8vmMpJjd_xzqEvNsx71PpQsa1ks539CzaIAOm8wCpRUR17AlWGzB,20240307,小倉,2,F1,Ａ級一般,base_color_4_bk,base_color_4,4,,012202,望月裕一郎,,,静　岡,A1,A2,追,83.18,0,0,1,2,0
TzXNr1IyQYXd8vmMpJjd_xzqEvNsx71PpQsa1ks539CzaIAOm8wCpRUR17AlWGzB,20240307,小倉,2,F1,Ａ級一般,base_color_5_bk,base_color_5,5,,014989,鈴木　豪,,,福　島,A2,A2,逃,81.90,0,0,0,1,4
TzXNr1IyQYXd8vmMpJjd_xzqEvNsx71PpQsa1ks539CzaIAOm8wCpRUR17AlWGzB,20240307,小倉,2,F1,Ａ級一般,base_color_6_bk,base_color_6,6,,012997,後田　康成,,,長　崎,A3,A2,追,75.08,0,0,0,2,0
TzXNr1IyQYXd8vmMpJjd_xzqEvNsx71PpQsa1ks539CzaIAOm8wCpRUR17AlWGzB,20240307,小倉,2,F1,Ａ級一般,base_color_7_bk,base_color_7,7,,012981,片山　弘城,,,大　阪,A2,A2,追,81.86,0,0,1,0,0
TzXNr1IyQYXd8vmMpJjd_4xvtM5EpNhSR-vxccPpyxvdAfcdUuuogRXZjRhPNjJJ,20240307,小倉,3,F1,Ａ級準決勝,base_color_1_bk,base_color_1,1,,014715,高橋　幸司,,,山　形,A1,A1,逃,92.37,3,2,0,0,4
TzXNr1IyQYXd8vmMpJjd_4xvtM5EpNhSR-vxccPpyxvdAfcdUuuogRXZjRhPNjJJ,20240307,小倉,3,F1,Ａ級準決勝,base_color_2_bk,base_color_2,2,,012628,阪本　正和,color_blue,追加,長　崎,S2,A1,追,91.66,0,0,3,0,0
TzXNr1IyQYXd8vmMpJjd_4xvtM5EpNhSR-vxccPpyxvdAfcdUuuogRXZjRhPNjJJ,20240307,小倉,3,F1,Ａ級準決勝,base_color_3_bk,base_color_3,3,,015277,高井　流星,,,岡　山,A1,A1,逃,86.60,2,5,0,0,11
TzXNr1IyQYXd8vmMpJjd_4xvtM5EpNhSR-vxccPpyxvdAfcdUuuogRXZjRhPNjJJ,20240307,小倉,3,F1,Ａ級準決勝,base_color_4_bk,base_color_4,4,,014778,宮崎　一彰,,,高　知,A1,A1,両,87.30,0,4,1,0,2
TzXNr1IyQYXd8vmMpJjd_4xvtM5EpNhSR-vxccPpyxvdAfcdUuuogRXZjRhPNjJJ,20240307,小倉,3,F1,Ａ級準決勝,base_color_5_bk,base_color_5,5,,013947,石橋慎太郎,,,静　岡,A1,A1,追,89.50,0,1,4,1,0
TzXNr1IyQYXd8vmMpJjd_4xvtM5EpNhSR-vxccPpyxvdAfcdUuuogRXZjRhPNjJJ,20240307,小倉,3,F1,Ａ級準決勝,base_color_6_bk,base_color_6,6,,015345,浅見　隼,,,福　岡,S2,A1,逃,0.00,0,0,0,0,0
TzXNr1IyQYXd8vmMpJjd_4xvtM5EpNhSR-vxccPpyxvdAfcdUuuogRXZjRhPNjJJ,20240307,小倉,3,F1,Ａ級準決勝,base_color_7_bk,base_color_7,7,,014776,川上　修平,,,高　知,A2,A2,追,80.83,0,0,1,1,0
TzXNr1IyQYXd8vmMpJjd_4dMfGa4a7DWRk0AoZXgO9A5GoXy-ZJ9kj5pjFWXdGjV,20240307,小倉,4,F1,Ａ級準決勝,base_color_1_bk,base_color_1,1,,014883,才迫　開,,,広　島,S1,A1,両,92.40,0,5,1,0,2
TzXNr1IyQYXd8vmMpJjd_4dMfGa4a7DWRk0AoZXgO9A5GoXy-ZJ9kj5pjFWXdGjV,20240307,小倉,4,F1,Ａ級準決勝,base_color_2_bk,base_color_2,2,,013827,佐藤　雅彦,,,宮　城,S2,A1,追,95.04,0,0,2,3,1
TzXNr1IyQYXd8vmMpJjd_4dMfGa4a7DWRk0AoZXgO9A5GoXy-ZJ9kj5pjFWXdGjV,20240307,小倉,4,F1,Ａ級準決勝,base_color_3_bk,base_color_3,3,,015273,中武三四郎,color_blue,追加,大　阪,A1,A2,逃,85.08,7,2,0,0,15
TzXNr1IyQYXd8vmMpJjd_4dMfGa4a7DWRk0AoZXgO9A5GoXy-ZJ9kj5pjFWXdGjV,20240307,小倉,4,F1,Ａ級準決勝,base_color_4_bk,base_color_4,4,,014261,作田　悦章,color_blue,追加,徳　島,A2,A1,両,83.76,0,0,3,3,0
TzXNr1IyQYXd8vmMpJjd_4dMfGa4a7DWRk0AoZXgO9A5GoXy-ZJ9kj5pjFWXdGjV,20240307,小倉,4,F1,Ａ級準決勝,base_color_5_bk,base_color_5,5,,011817,有賀　高士,,,石　川,A3,A1,追,82.40,0,0,3,5,0
TzXNr1IyQYXd8vmMpJjd_4dMfGa4a7DWRk0AoZXgO9A5GoXy-ZJ9kj5pjFWXdGjV,20240307,小倉,4,F1,Ａ級準決勝,base_color_6_bk,base_color_6,6,,015044,平川　雅晃,,,長　野,A2,A2,逃,81.11,5,0,0,0,10
TzXNr1IyQYXd8vmMpJjd_4dMfGa4a7DWRk0AoZXgO9A5GoXy-ZJ9kj5pjFWXdGjV,20240307,小倉,4,F1,Ａ級準決勝,base_color_7_bk,base_color_7,7,,015550,山崎　航,,,山　口,A2,A2,逃,86.79,4,3,0,1,12
TzXNr1IyQYXd8vmMpJjd_-VjZXzSulPjoK2ttit0iuL04pAk5dfQZg8oC_Wz7Ojo,20240307,小倉,5,F1,Ａ級準決勝,base_color_1_bk,base_color_1,1,,015052,渡邉　豪大,,,福　岡,S2,A1,両,97.40,0,5,10,3,1
TzXNr1IyQYXd8vmMpJjd_-VjZXzSulPjoK2ttit0iuL04pAk5dfQZg8oC_Wz7Ojo,20240307,小倉,5,F1,Ａ級準決勝,base_color_2_bk,base_color_2,2,,014510,菅谷　隆司,,,東　京,A1,A1,両,91.50,2,5,2,2,9
TzXNr1IyQYXd8vmMpJjd_-VjZXzSulPjoK2ttit0iuL04pAk5dfQZg8oC_Wz7Ojo,20240307,小倉,5,F1,Ａ級準決勝,base_color_3_bk,base_color_3,3,,012760,櫻井　宏智,color_blue,追加,広　島,A2,A2,追,83.38,0,0,2,2,0
TzXNr1IyQYXd8vmMpJjd_-VjZXzSulPjoK2ttit0iuL04pAk5dfQZg8oC_Wz7Ojo,20240307,小倉,5,F1,Ａ級準決勝,base_color_4_bk,base_color_4,4,,015567,北川　大成,,,熊　本,A2,A2,逃,82.64,2,1,0,0,3
TzXNr1IyQYXd8vmMpJjd_-VjZXzSulPjoK2ttit0iuL04pAk5dfQZg8oC_Wz7Ojo,20240307,小倉,5,F1,Ａ級準決勝,base_color_5_bk,base_color_5,5,,014823,渡辺　聖,,,神奈川,A2,A2,追,84.66,0,0,1,2,0
TzXNr1IyQYXd8vmMpJjd_-VjZXzSulPjoK2ttit0iuL04pAk5dfQZg8oC_Wz7Ojo,20240307,小倉,5,F1,Ａ級準決勝,base_color_6_bk,base_color_6,6,,012850,渡邉　満,,,福　岡,A2,A2,追,80.75,0,0,0,0,0
TzXNr1IyQYXd8vmMpJjd_-VjZXzSulPjoK2ttit0iuL04pAk5dfQZg8oC_Wz7Ojo,20240307,小倉,5,F1,Ａ級準決勝,base_color_7_bk,base_color_7,7,,015544,大槇　大介,,,岡　山,A3,A2,逃,87.83,1,2,2,0,3
TzXNr1IyQYXd8vmMpJjd_0go4M2qoy2Hdb0cfeEFqVExsT_wFDA0GH3OT0XxUK_H,20240307,小倉,6,F1,Ｓ級一般,base_color_1_bk,base_color_1,1,,012972,金子　貴志,,,愛　知,S2,S2,追,92.17,0,0,0,0,0
TzXNr1IyQYXd8vmMpJjd_0go4M2qoy2Hdb0cfeEFqVExsT_wFDA0GH3OT0XxUK_H,20240307,小倉,6,F1,Ｓ級一般,base_color_2_bk,base_color_2,2,,015197,川口　雄太,,,徳　島,S2,S2,逃,99.73,1,5,1,0,2
TzXNr1IyQYXd8vmMpJjd_0go4M2qoy2Hdb0cfeEFqVExsT_wFDA0GH3OT0XxUK_H,20240307,小倉,6,F1,Ｓ級一般,base_color_3_bk,base_color_3,3,,014136,金澤　竜二,,,福　島,S2,S2,逃,93.51,1,3,0,0,8
TzXNr1IyQYXd8vmMpJjd_0go4M2qoy2Hdb0cfeEFqVExsT_wFDA0GH3OT0XxUK_H,20240307,小倉,6,F1,Ｓ級一般,base_color_4_bk,base_color_4,4,,014709,松岡　孝高,,,熊　本,A1,S2,両,94.20,0,2,2,1,1
TzXNr1IyQYXd8vmMpJjd_0go4M2qoy2Hdb0cfeEFqVExsT_wFDA0GH3OT0XxUK_H,20240307,小倉,6,F1,Ｓ級一般,base_color_5_bk,base_color_5,5,,014587,鈴木　謙二,,,東　京,S2,S2,追,95.44,0,0,1,0,1
TzXNr1IyQYXd8vmMpJjd_0go4M2qoy2Hdb0cfeEFqVExsT_wFDA0GH3OT0XxUK_H,20240307,小倉,6,F1,Ｓ級一般,base_color_6_bk,base_color_6,6,,015058,中西　大,,,和歌山,S1,S1,逃,0.00,0,0,0,0,0
TzXNr1IyQYXd8vmMpJjd_0go4M2qoy2Hdb0cfeEFqVExsT_wFDA0GH3OT0XxUK_H,20240307,小倉,6,F1,Ｓ級一般,base_color_7_bk,base_color_7,7,,013533,佐藤愼太郎,,,福　島,S1,S2,追,102.34,0,0,1,2,0
TzXNr1IyQYXd8vmMpJjd_4Z5-M1CF2QkUfXZKdbMB5ni7bo_VmbcBAgl5BYZYmMH,20240307,小倉,7,F1,Ｓ級一般,base_color_1_bk,base_color_1,1,,015211,平尾　一晃,,,長　崎,S2,S2,逃,95.77,3,3,0,0,8
TzXNr1IyQYXd8vmMpJjd_4Z5-M1CF2QkUfXZKdbMB5ni7bo_VmbcBAgl5BYZYmMH,20240307,小倉,7,F1,Ｓ級一般,base_color_2_bk,base_color_2,2,,014302,武田　憲祐,,,神奈川,S2,S2,追,92.94,0,0,0,0,0
TzXNr1IyQYXd8vmMpJjd_4Z5-M1CF2QkUfXZKdbMB5ni7bo_VmbcBAgl5BYZYmMH,20240307,小倉,7,F1,Ｓ級一般,base_color_3_bk,base_color_3,3,,015483,谷元　奎心,,,山　口,A1,S2,逃,92.84,1,3,1,0,2
TzXNr1IyQYXd8vmMpJjd_4Z5-M1CF2QkUfXZKdbMB5ni7bo_VmbcBAgl5BYZYmMH,20240307,小倉,7,F1,Ｓ級一般,base_color_4_bk,base_color_4,4,,013129,原田　隆,,,大　阪,S2,S2,追,92.92,0,0,0,1,0
TzXNr1IyQYXd8vmMpJjd_4Z5-M1CF2QkUfXZKdbMB5ni7bo_VmbcBAgl5BYZYmMH,20240307,小倉,7,F1,Ｓ級一般,base_color_5_bk,base_color_5,5,,015386,阪本　和也,,,長　崎,S2,S2,追,105.47,0,0,6,4,0
TzXNr1IyQYXd8vmMpJjd_4Z5-M1CF2QkUfXZKdbMB5ni7bo_VmbcBAgl5BYZYmMH,20240307,小倉,7,F1,Ｓ級一般,base_color_6_bk,base_color_6,6,,013811,池田　浩士,,,佐　賀,A1,S2,追,90.35,0,0,2,2,0
TzXNr1IyQYXd8vmMpJjd_4Z5-M1CF2QkUfXZKdbMB5ni7bo_VmbcBAgl5BYZYmMH,20240307,小倉,7,F1,Ｓ級一般,base_color_7_bk,base_color_7,7,,014819,太刀川一成,,,千　葉,S2,S2,追,97.96,0,2,2,0,0
TzXNr1IyQYXd8vmMpJjd_zg6LtSEZjBAMF9MrBVVQ1bdEL2d5Nmfj9cisBcEKfD_,20240307,小倉,8,F1,Ｓ級選抜,base_color_1_bk,base_color_1,1,,014076,志村　太賀,,,山　梨,S2,S2,追,101.85,0,0,4,1,0
TzXNr1IyQYXd8vmMpJjd_zg6LtSEZjBAMF9MrBVVQ1bdEL2d5Nmfj9cisBcEKfD_,20240307,小倉,8,F1,Ｓ級選抜,base_color_2_bk,base_color_2,2,,015059,畝木　努,,,岡　山,S2,S2,逃,100.88,1,1,1,0,3
TzXNr1IyQYXd8vmMpJjd_zg6LtSEZjBAMF9MrBVVQ1bdEL2d5Nmfj9cisBcEKfD_,20240307,小倉,8,F1,Ｓ級選抜,base_color_3_bk,base_color_3,3,,015049,菅原　大也,,,神奈川,S2,S2,逃,102.15,4,2,2,0,8
TzXNr1IyQYXd8vmMpJjd_zg6LtSEZjBAMF9MrBVVQ1bdEL2d5Nmfj9cisBcEKfD_,20240307,小倉,8,F1,Ｓ級選抜,base_color_4_bk,base_color_4,4,,012826,渡邉　晴智,,,静　岡,A1,S2,追,96.14,0,0,2,2,0
TzXNr1IyQYXd8vmMpJjd_zg6LtSEZjBAMF9MrBVVQ1bdEL2d5Nmfj9cisBcEKfD_,20240307,小倉,8,F1,Ｓ級選抜,base_color_5_bk,base_color_5,5,,013498,西田　雅志,,,広　島,S2,S1,追,99.25,0,0,3,0,0
TzXNr1IyQYXd8vmMpJjd_zg6LtSEZjBAMF9MrBVVQ1bdEL2d5Nmfj9cisBcEKfD_,20240307,小倉,8,F1,Ｓ級選抜,base_color_6_bk,base_color_6,6,,014044,八尋　英輔,color_blue,追加,福　岡,A1,S2,追,93.06,0,0,3,0,0
TzXNr1IyQYXd8vmMpJjd_zg6LtSEZjBAMF9MrBVVQ1bdEL2d5Nmfj9cisBcEKfD_,20240307,小倉,8,F1,Ｓ級選抜,base_color_7_bk,base_color_7,7,,014582,平原　啓多,,,埼　玉,S2,S2,追,99.18,1,1,5,0,2
TzXNr1IyQYXd8vmMpJjd_zY2c6d9y1c9RL6yqickW4RbOcRSKEAiXhopjews2-gk,20240307,小倉,9,F1,Ｓ級選抜,base_color_1_bk,base_color_1,1,,013445,中村　良二,color_blue,追加,福　岡,S2,S2,追,100.09,0,0,1,1,0
TzXNr1IyQYXd8vmMpJjd_zY2c6d9y1c9RL6yqickW4RbOcRSKEAiXhopjews2-gk,20240307,小倉,9,F1,Ｓ級選抜,base_color_2_bk,base_color_2,2,,015441,鈴木　陸来,,,静　岡,S2,S2,逃,99.00,0,3,2,1,6
TzXNr1IyQYXd8vmMpJjd_zY2c6d9y1c9RL6yqickW4RbOcRSKEAiXhopjews2-gk,20240307,小倉,9,F1,Ｓ級選抜,base_color_3_bk,base_color_3,3,,014182,大川　龍二,,,広　島,S1,S1,両,103.86,0,1,6,1,0
TzXNr1IyQYXd8vmMpJjd_zY2c6d9y1c9RL6yqickW4RbOcRSKEAiXhopjews2-gk,20240307,小倉,9,F1,Ｓ級選抜,base_color_4_bk,base_color_4,4,,014298,蒔田　英彦,,,千　葉,S2,S2,逃,100.25,4,2,1,1,8
TzXNr1IyQYXd8vmMpJjd_zY2c6d9y1c9RL6yqickW4RbOcRSKEAiXhopjews2-gk,20240307,小倉,9,F1,Ｓ級選抜,base_color_5_bk,base_color_5,5,,014196,小林　弘和,,,佐　賀,S2,S2,追,96.28,0,0,0,0,0
TzXNr1IyQYXd8vmMpJjd_zY2c6d9y1c9RL6yqickW4RbOcRSKEAiXhopjews2-gk,20240307,小倉,9,F1,Ｓ級選抜,base_color_6_bk,base_color_6,6,,013994,杉山　悠也,,,秋　田,S2,S2,追,94.92,0,0,0,0,0
TzXNr1IyQYXd8vmMpJjd_zY2c6d9y1c9RL6yqickW4RbOcRSKEAiXhopjews2-gk,20240307,小倉,9,F1,Ｓ級選抜,base_color_7_bk,base_color_7,7,,014613,黒田　淳,,,岡　山,S2,S2,追,101.44,0,1,2,1,0
TzXNr1IyQYXd8vmMpJjd_-2HJ_SRLBqddjNtV1HMWR3JkZVmPKxc1GHbr2Vc_zpi,20240307,小倉,10,F1,Ｓ級準決勝,base_color_1_bk,base_color_1,1,,012596,志智　俊夫,,,岐　阜,S1,S1,追,108.09,0,0,7,2,0
TzXNr1IyQYXd8vmMpJjd_-2HJ_SRLBqddjNtV1HMWR3JkZVmPKxc1GHbr2Vc_zpi,20240307,小倉,10,F1,Ｓ級準決勝,base_color_2_bk,base_color_2,2,,015479,松岡　辰泰,,,熊　本,S1,S1,逃,102.52,1,2,1,1,3
TzXNr1IyQYXd8vmMpJjd_-2HJ_SRLBqddjNtV1HMWR3JkZVmPKxc1GHbr2Vc_zpi,20240307,小倉,10,F1,Ｓ級準決勝,base_color_3_bk,base_color_3,3,,015349,寺沼　拓摩,,,東　京,S2,S2,逃,105.35,2,3,0,0,3
TzXNr1IyQYXd8vmMpJjd_-2HJ_SRLBqddjNtV1HMWR3JkZVmPKxc1GHbr2Vc_zpi,20240307,小倉,10,F1,Ｓ級準決勝,base_color_4_bk,base_color_4,4,,013821,中村　圭志,,,熊　本,S1,S1,追,104.22,0,0,5,3,0
TzXNr1IyQYXd8vmMpJjd_-2HJ_SRLBqddjNtV1HMWR3JkZVmPKxc1GHbr2Vc_zpi,20240307,小倉,10,F1,Ｓ級準決勝,base_color_5_bk,base_color_5,5,,015628,村田　祐樹,,,富　山,A1,S2,逃,100.21,11,2,0,0,13
TzXNr1IyQYXd8vmMpJjd_-2HJ_SRLBqddjNtV1HMWR3JkZVmPKxc1GHbr2Vc_zpi,20240307,小倉,10,F1,Ｓ級準決勝,base_color_6_bk,base_color_6,6,,014944,栗山　俊介,,,奈　良,A1,S2,両,95.44,1,4,4,0,1
TzXNr1IyQYXd8vmMpJjd_-2HJ_SRLBqddjNtV1HMWR3JkZVmPKxc1GHbr2Vc_zpi,20240307,小倉,10,F1,Ｓ級準決勝,base_color_7_bk,base_color_7,7,,013922,河野　通孝,,,茨　城,S2,S1,追,107.26,0,0,9,2,0
TzXNr1IyQYXd8vmMpJjd_yeiAzW6hIZWn_i4TehVPx0SvTOOL6hOqkAtiXysg7N1,20240307,小倉,11,F1,Ｓ級準決勝,base_color_1_bk,base_color_1,1,,014524,松谷　秀幸,,,神奈川,S1,S1,追,113.09,0,1,9,2,0
TzXNr1IyQYXd8vmMpJjd_yeiAzW6hIZWn_i4TehVPx0SvTOOL6hOqkAtiXysg7N1,20240307,小倉,11,F1,Ｓ級準決勝,base_color_2_bk,base_color_2,2,,015123,清水　一幸,,,徳　島,S2,S2,追,104.04,0,1,4,2,0
TzXNr1IyQYXd8vmMpJjd_yeiAzW6hIZWn_i4TehVPx0SvTOOL6hOqkAtiXysg7N1,20240307,小倉,11,F1,Ｓ級準決勝,base_color_3_bk,base_color_3,3,,014945,中井　俊亮,,,奈　良,S2,S1,逃,102.61,0,2,1,2,3
TzXNr1IyQYXd8vmMpJjd_yeiAzW6hIZWn_i4TehVPx0SvTOOL6hOqkAtiXysg7N1,20240307,小倉,11,F1,Ｓ級準決勝,base_color_4_bk,base_color_4,4,,014103,村田　雅一,,,兵　庫,S2,S1,追,104.53,0,0,7,4,0
TzXNr1IyQYXd8vmMpJjd_yeiAzW6hIZWn_i4TehVPx0SvTOOL6hOqkAtiXysg7N1,20240307,小倉,11,F1,Ｓ級準決勝,base_color_5_bk,base_color_5,5,,015343,佐々木悠葵,,,群　馬,S1,S1,両,111.04,3,6,3,0,8
TzXNr1IyQYXd8vmMpJjd_yeiAzW6hIZWn_i4TehVPx0SvTOOL6hOqkAtiXysg7N1,20240307,小倉,11,F1,Ｓ級準決勝,base_color_6_bk,base_color_6,6,,014955,市橋司優人,,,福　岡,S2,S2,両,96.58,0,0,0,0,2
TzXNr1IyQYXd8vmMpJjd_yeiAzW6hIZWn_i4TehVPx0SvTOOL6hOqkAtiXysg7N1,20240307,小倉,11,F1,Ｓ級準決勝,base_color_7_bk,base_color_7,7,,014682,原田研太朗,color_blue,追加,徳　島,S1,S1,逃,104.59,2,10,0,0,3
TzXNr1IyQYXd8vmMpJjd_9bseT0nGudKTr9Cjk0FYTmEEQ9jw_7DeqWwXxQnWvI0,20240307,小倉,12,F1,Ｓ級準決勝,base_color_1_bk,base_color_1,1,,015476,緒方　将樹,color_blue,追加,熊　本,A1,S2,逃,98.26,5,12,1,0,18
TzXNr1IyQYXd8vmMpJjd_9bseT0nGudKTr9Cjk0FYTmEEQ9jw_7DeqWwXxQnWvI0,20240307,小倉,12,F1,Ｓ級準決勝,base_color_2_bk,base_color_2,2,,013619,竹内　智彦,,,宮　城,S1,S1,追,106.41,0,0,5,0,0
TzXNr1IyQYXd8vmMpJjd_9bseT0nGudKTr9Cjk0FYTmEEQ9jw_7DeqWwXxQnWvI0,20240307,小倉,12,F1,Ｓ級準決勝,base_color_3_bk,base_color_3,3,,014327,北村　信明,,,徳　島,S1,S2,追,102.35,0,0,4,0,0
TzXNr1IyQYXd8vmMpJjd_9bseT0nGudKTr9Cjk0FYTmEEQ9jw_7DeqWwXxQnWvI0,20240307,小倉,12,F1,Ｓ級準決勝,base_color_4_bk,base_color_4,4,,015116,池野　健太,,,兵　庫,S2,S2,逃,104.19,3,3,1,0,6
TzXNr1IyQYXd8vmMpJjd_9bseT0nGudKTr9Cjk0FYTmEEQ9jw_7DeqWwXxQnWvI0,20240307,小倉,12,F1,Ｓ級準決勝,base_color_5_bk,base_color_5,5,,014499,佐藤　博紀,,,岩　手,S2,S2,両,101.37,0,3,3,0,4
TzXNr1IyQYXd8vmMpJjd_9bseT0nGudKTr9Cjk0FYTmEEQ9jw_7DeqWwXxQnWvI0,20240307,小倉,12,F1,Ｓ級準決勝,base_color_6_bk,base_color_6,6,,014750,今藤　康裕,,,岐　阜,A1,S2,追,98.20,0,0,3,3,0
TzXNr1IyQYXd8vmMpJjd_9bseT0nGudKTr9Cjk0FYTmEEQ9jw_7DeqWwXxQnWvI0,20240307,小倉,12,F1,Ｓ級準決勝,base_color_7_bk,base_color_7,7,,014112,小川　勇介,,,福　岡,S1,S1,追,108.11,0,0,3,0,0
ZHNqMDrv_PhK_RMqwDdB9tV7xbC1FFinUtnlG4DrV-pJXpDKJREOf2Wp2DkoIIc6,20240307,取手,1,F2,Ａ級一般,base_color_1_bk,base_color_1,1,,012649,山本恵太郎,,,東　京,A2,A2,追,83.89,0,0,5,2,0
ZHNqMDrv_PhK_RMqwDdB9tV7xbC1FFinUtnlG4DrV-pJXpDKJREOf2Wp2DkoIIc6,20240307,取手,1,F2,Ａ級一般,base_color_2_bk,base_color_2,2,,014014,須藤　雄太,,,千　葉,A2,A2,追,79.43,0,0,0,0,0
ZHNqMDrv_PhK_RMqwDdB9tV7xbC1FFinUtnlG4DrV-pJXpDKJREOf2Wp2DkoIIc6,20240307,取手,1,F2,Ａ級一般,base_color_3_bk,base_color_3,3,,013461,市川　健太,color_blue,追加,東　京,A2,A2,両,81.70,2,3,0,0,7
ZHNqMDrv_PhK_RMqwDdB9tV7xbC1FFinUtnlG4DrV-pJXpDKJREOf2Wp2DkoIIc6,20240307,取手,1,F2,Ａ級一般,base_color_4_bk,base_color_4,4,,014365,薮田　貴幸,color_blue,追加,茨　城,A2,A2,追,80.88,0,0,4,0,0
ZHNqMDrv_PhK_RMqwDdB9tV7xbC1FFinUtnlG4DrV-pJXpDKJREOf2Wp2DkoIIc6,20240307,取手,1,F2,Ａ級一般,base_color_5_bk,base_color_5,5,,013979,竹内　優也,,,北海道,A2,A2,両,80.40,3,0,1,1,4
ZHNqMDrv_PhK_RMqwDdB9tV7xbC1FFinUtnlG4DrV-pJXpDKJREOf2Wp2DkoIIc6,20240307,取手,1,F2,Ａ級一般,base_color_6_bk,base_color_6,6,,012586,佐藤　和典,color_blue,追加,神奈川,A2,A2,追,77.41,0,0,0,0,0
ZHNqMDrv_PhK_RMqwDdB9hesEaTxcjHDUqGX2v14btj_wyqvtQX6NW6LpAWEUSVd,20240307,取手,2,F2,Ａ級一般,base_color_1_bk,base_color_1,1,,014242,亀谷　隆一,,,神奈川,A1,A1,追,79.41,0,0,0,2,0
ZHNqMDrv_PhK_RMqwDdB9hesEaTxcjHDUqGX2v14btj_wyqvtQX6NW6LpAWEUSVd,20240307,取手,2,F2,Ａ級一般,base_color_2_bk,base_color_2,2,,013105,松本　一成,,,新　潟,A2,A2,逃,78.95,0,1,0,1,3
ZHNqMDrv_PhK_RMqwDdB9hesEaTxcjHDUqGX2v14btj_wyqvtQX6NW6LpAWEUSVd,20240307,取手,2,F2,Ａ級一般,base_color_3_bk,base_color_3,3,,013413,鶴岡　與之,color_blue,追加,千　葉,A2,A1,追,81.00,0,0,1,4,0
ZHNqMDrv_PhK_RMqwDdB9hesEaTxcjHDUqGX2v14btj_wyqvtQX6NW6LpAWEUSVd,20240307,取手,2,F2,Ａ級一般,base_color_4_bk,base_color_4,4,,015512,大高　彰馬,,,福　島,A1,A1,逃,85.71,7,2,1,0,12
ZHNqMDrv_PhK_RMqwDdB9hesEaTxcjHDUqGX2v14btj_wyqvtQX6NW6LpAWEUSVd,20240307,取手,2,F2,Ａ級一般,base_color_5_bk,base_color_5,5,,014362,岩崎　大和,,,茨　城,A2,A2,追,78.91,0,0,1,1,0
ZHNqMDrv_PhK_RMqwDdB9hesEaTxcjHDUqGX2v14btj_wyqvtQX6NW6LpAWEUSVd,20240307,取手,2,F2,Ａ級一般,base_color_6_bk,base_color_6,6,,014992,楠野　史尭,,,埼　玉,A2,A2,逃,76.66,0,0,0,1,1
ZHNqMDrv_PhK_RMqwDdB9t822ylrpROnptxZ7KrLLTuq5mSw8eDENpU6iKWIkQ9q,20240307,取手,3,F2,Ａ級選抜,base_color_1_bk,base_color_1,1,,013423,増田　利明,,,静　岡,A2,A1,両,85.00,2,2,2,1,5
ZHNqMDrv_PhK_RMqwDdB9t822ylrpROnptxZ7KrLLTuq5mSw8eDENpU6iKWIkQ9q,20240307,取手,3,F2,Ａ級選抜,base_color_2_bk,base_color_2,2,,013175,峠　祐介,,,埼　玉,A1,A2,追,84.60,0,0,2,3,0
ZHNqMDrv_PhK_RMqwDdB9t822ylrpROnptxZ7KrLLTuq5mSw8eDENpU6iKWIkQ9q,20240307,取手,3,F2,Ａ級選抜,base_color_3_bk,base_color_3,3,,013184,相樂　修,,,千　葉,A2,A2,両,80.80,0,0,4,1,0
ZHNqMDrv_PhK_RMqwDdB9t822ylrpROnptxZ7KrLLTuq5mSw8eDENpU6iKWIkQ9q,20240307,取手,3,F2,Ａ級選抜,base_color_4_bk,base_color_4,4,,013416,飯尾　主税,,,静　岡,A1,A1,追,85.73,0,0,8,4,0
ZHNqMDrv_PhK_RMqwDdB9t822ylrpROnptxZ7KrLLTuq5mSw8eDENpU6iKWIkQ9q,20240307,取手,3,F2,Ａ級選抜,base_color_5_bk,base_color_5,5,,012719,篠崎　高志,,,栃　木,A2,A2,追,83.31,0,0,2,3,0
ZHNqMDrv_PhK_RMqwDdB9t822ylrpROnptxZ7KrLLTuq5mSw8eDENpU6iKWIkQ9q,20240307,取手,3,F2,Ａ級選抜,base_color_6_bk,base_color_6,6,,014519,湯浅　大輔,color_blue,追加,千　葉,A2,A2,逃,79.20,0,1,2,0,8
ZHNqMDrv_PhK_RMqwDdB9t822ylrpROnptxZ7KrLLTuq5mSw8eDENpU6iKWIkQ9q,20240307,取手,3,F2,Ａ級選抜,base_color_7_bk,base_color_7,7,,014386,伊藤　拓人,color_blue,追加,静　岡,A2,A2,追,80.57,0,0,2,1,0
ZHNqMDrv_PhK_RMqwDdB9rf4VXOPsGIgXK3t2KLuscyQCVHZZbPJPkZOws5VhgZ0,20240307,取手,4,F2,Ａ級選抜,base_color_1_bk,base_color_1,1,,014075,松根　真,,,東　京,A1,A1,追,86.21,0,0,4,4,0
ZHNqMDrv_PhK_RMqwDdB9rf4VXOPsGIgXK3t2KLuscyQCVHZZbPJPkZOws5VhgZ0,20240307,取手,4,F2,Ａ級選抜,base_color_2_bk,base_color_2,2,,014742,河野　淳吾,,,神奈川,A2,A2,追,81.77,0,0,1,1,1
ZHNqMDrv_PhK_RMqwDdB9rf4VXOPsGIgXK3t2KLuscyQCVHZZbPJPkZOws5VhgZ0,20240307,取手,4,F2,Ａ級選抜,base_color_3_bk,base_color_3,3,,015245,尾崎　悠生,,,埼　玉,A1,A1,逃,87.72,8,2,3,0,13
ZHNqMDrv_PhK_RMqwDdB9rf4VXOPsGIgXK3t2KLuscyQCVHZZbPJPkZOws5VhgZ0,20240307,取手,4,F2,Ａ級選抜,base_color_4_bk,base_color_4,4,,015264,渡邉　直弥,,,静　岡,A3,A2,両,80.74,1,6,3,1,7
ZHNqMDrv_PhK_RMqwDdB9rf4VXOPsGIgXK3t2KLuscyQCVHZZbPJPkZOws5VhgZ0,20240307,取手,4,F2,Ａ級選抜,base_color_5_bk,base_color_5,5,,013615,山口　貴弘,,,栃　木,A1,A1,追,84.52,0,0,7,0,0
ZHNqMDrv_PhK_RMqwDdB9rf4VXOPsGIgXK3t2KLuscyQCVHZZbPJPkZOws5VhgZ0,20240307,取手,4,F2,Ａ級選抜,base_color_6_bk,base_color_6,6,,013988,阿部　英光,,,宮　城,A2,A2,追,80.29,0,0,1,1,0
ZHNqMDrv_PhK_RMqwDdB9rf4VXOPsGIgXK3t2KLuscyQCVHZZbPJPkZOws5VhgZ0,20240307,取手,4,F2,Ａ級選抜,base_color_7_bk,base_color_7,7,,013327,高橋　健太,,,静　岡,A2,A2,追,82.87,0,0,4,1,0
ZHNqMDrv_PhK_RMqwDdB9saXO0nuJM66d1X9vW4EgTYishit_8aLqExdj7WP5vP-,20240307,取手,5,F2,Ａ級準決勝,base_color_1_bk,base_color_1,1,,014459,根藤　浩二,,,千　葉,A2,A2,両,83.70,1,3,5,2,3
ZHNqMDrv_PhK_RMqwDdB9saXO0nuJM66d1X9vW4EgTYishit_8aLqExdj7WP5vP-,20240307,取手,5,F2,Ａ級準決勝,base_color_2_bk,base_color_2,2,,015351,宮下　一歩,,,長　野,A1,A1,逃,90.04,11,1,0,0,21
ZHNqMDrv_PhK_RMqwDdB9saXO0nuJM66d1X9vW4EgTYishit_8aLqExdj7WP5vP-,20240307,取手,5,F2,Ａ級準決勝,base_color_3_bk,base_color_3,3,,014280,井上　公利,,,宮　城,A1,A2,逃,85.18,6,6,3,0,7
ZHNqMDrv_PhK_RMqwDdB9saXO0nuJM66d1X9vW4EgTYishit_8aLqExdj7WP5vP-,20240307,取手,5,F2,Ａ級準決勝,base_color_4_bk,base_color_4,4,,014281,寺林　正秋,,,宮　城,A1,A2,追,87.55,0,0,3,6,0
ZHNqMDrv_PhK_RMqwDdB9saXO0nuJM66d1X9vW4EgTYishit_8aLqExdj7WP5vP-,20240307,取手,5,F2,Ａ級準決勝,base_color_5_bk,base_color_5,5,,014084,小菅　誠,,,神奈川,A1,A1,追,91.16,0,0,0,1,0
ZHNqMDrv_PhK_RMqwDdB9saXO0nuJM66d1X9vW4EgTYishit_8aLqExdj7WP5vP-,20240307,取手,5,F2,Ａ級準決勝,base_color_6_bk,base_color_6,6,,012336,高谷　雅彦,,,青　森,S2,A1,両,83.53,0,2,0,1,0
ZHNqMDrv_PhK_RMqwDdB9saXO0nuJM66d1X9vW4EgTYishit_8aLqExdj7WP5vP-,20240307,取手,5,F2,Ａ級準決勝,base_color_7_bk,base_color_7,7,,014003,須賀　和彦,,,茨　城,A1,A1,追,86.77,0,0,4,1,0
ZHNqMDrv_PhK_RMqwDdB9hSs2c1awWUQfXZ4FtrEfmVtJAMO1H_GM5fIkOJuCGmW,20240307,取手,6,F2,Ａ級準決勝,base_color_1_bk,base_color_1,1,,013555,台　和紀,,,埼　玉,S2,A1,追,91.65,0,0,3,0,0
ZHNqMDrv_PhK_RMqwDdB9hSs2c1awWUQfXZ4FtrEfmVtJAMO1H_GM5fIkOJuCGmW,20240307,取手,6,F2,Ａ級準決勝,base_color_2_bk,base_color_2,2,,015241,山田　祐太,,,福　島,A2,A2,逃,83.44,5,4,0,0,12
ZHNqMDrv_PhK_RMqwDdB9hSs2c1awWUQfXZ4FtrEfmVtJAMO1H_GM5fIkOJuCGmW,20240307,取手,6,F2,Ａ級準決勝,base_color_3_bk,base_color_3,3,,012875,中曽　直彦,,,千　葉,A1,A2,追,87.07,0,1,9,1,1
ZHNqMDrv_PhK_RMqwDdB9hSs2c1awWUQfXZ4FtrEfmVtJAMO1H_GM5fIkOJuCGmW,20240307,取手,6,F2,Ａ級準決勝,base_color_4_bk,base_color_4,4,,014716,猪狩　祐樹,,,福　島,A1,A1,逃,93.40,3,9,2,0,4
ZHNqMDrv_PhK_RMqwDdB9hSs2c1awWUQfXZ4FtrEfmVtJAMO1H_GM5fIkOJuCGmW,20240307,取手,6,F2,Ａ級準決勝,base_color_5_bk,base_color_5,5,,014859,小林　申太,,,茨　城,A2,A1,両,88.62,4,2,1,1,5
ZHNqMDrv_PhK_RMqwDdB9hSs2c1awWUQfXZ4FtrEfmVtJAMO1H_GM5fIkOJuCGmW,20240307,取手,6,F2,Ａ級準決勝,base_color_6_bk,base_color_6,6,,012930,浦崎　貴史,,,北海道,A2,A2,追,81.42,0,0,2,0,0
ZHNqMDrv_PhK_RMqwDdB9hSs2c1awWUQfXZ4FtrEfmVtJAMO1H_GM5fIkOJuCGmW,20240307,取手,6,F2,Ａ級準決勝,base_color_7_bk,base_color_7,7,,013910,高橋　秀吉,color_blue,追加,秋　田,A1,A1,追,86.83,2,0,8,1,2
ZHNqMDrv_PhK_RMqwDdB9gi7mNO-su6IVrOXbUfWdAWCfwgGWho1aheshoiLe5nP,20240307,取手,7,F2,Ａ級準決勝,base_color_1_bk,base_color_1,1,,014985,竹山　慶太,,,宮　城,A2,A1,逃,88.38,4,6,1,0,8
ZHNqMDrv_PhK_RMqwDdB9gi7mNO-su6IVrOXbUfWdAWCfwgGWho1aheshoiLe5nP,20240307,取手,7,F2,Ａ級準決勝,base_color_2_bk,base_color_2,2,,012721,梅山　英樹,,,群　馬,A1,A1,追,86.85,0,0,4,1,0
ZHNqMDrv_PhK_RMqwDdB9gi7mNO-su6IVrOXbUfWdAWCfwgGWho1aheshoiLe5nP,20240307,取手,7,F2,Ａ級準決勝,base_color_3_bk,base_color_3,3,,014009,大澤　雄大,,,埼　玉,S2,A1,追,95.72,0,0,1,5,0
ZHNqMDrv_PhK_RMqwDdB9gi7mNO-su6IVrOXbUfWdAWCfwgGWho1aheshoiLe5nP,20240307,取手,7,F2,Ａ級準決勝,base_color_4_bk,base_color_4,4,,012886,中井　達郎,,,静　岡,S2,A1,追,95.50,0,0,5,2,0
ZHNqMDrv_PhK_RMqwDdB9gi7mNO-su6IVrOXbUfWdAWCfwgGWho1aheshoiLe5nP,20240307,取手,7,F2,Ａ級準決勝,base_color_5_bk,base_color_5,5,,014991,中島　将尊,,,群　馬,A1,A2,両,83.86,1,0,3,0,2
ZHNqMDrv_PhK_RMqwDdB9gi7mNO-su6IVrOXbUfWdAWCfwgGWho1aheshoiLe5nP,20240307,取手,7,F2,Ａ級準決勝,base_color_6_bk,base_color_6,6,,014388,水野　悟志,,,静　岡,A2,A2,追,82.90,0,0,3,2,0
ZHNqMDrv_PhK_RMqwDdB9gi7mNO-su6IVrOXbUfWdAWCfwgGWho1aheshoiLe5nP,20240307,取手,7,F2,Ａ級準決勝,base_color_7_bk,base_color_7,7,,015433,山本　勝利,,,東　京,S2,A1,逃,94.33,4,1,1,0,7
qB0b7MkHtkbTo5CbxWit4979ii7EHczIpSeCVmSIKahI-rtXc33fJ8UrlurO42jz,20240307,川崎,1,F2,Ａ級チャレンジ一般,base_color_1_bk,base_color_1,1,,014739,里見　恒平,color_blue,補充,千　葉,A2,A3,逃,74.08,0,4,2,5,0
qB0b7MkHtkbTo5CbxWit4979ii7EHczIpSeCVmSIKahI-rtXc33fJ8UrlurO42jz,20240307,川崎,1,F2,Ａ級チャレンジ一般,base_color_2_bk,base_color_2,2,,014376,保科　圭太,,,新　潟,A3,A3,追,69.23,0,1,1,0,1
qB0b7MkHtkbTo5CbxWit4979ii7EHczIpSeCVmSIKahI-rtXc33fJ8UrlurO42jz,20240307,川崎,1,F2,Ａ級チャレンジ一般,base_color_3_bk,base_color_3,3,,014215,木田　有隆,,,福　島,A2,A3,追,69.00,0,0,0,0,0
qB0b7MkHtkbTo5CbxWit4979ii7EHczIpSeCVmSIKahI-rtXc33fJ8UrlurO42jz,20240307,川崎,1,F2,Ａ級チャレンジ一般,base_color_4_bk,base_color_4,4,,013531,伊藤　司,,,福　島,A3,A3,逃,68.28,1,2,0,1,2
qB0b7MkHtkbTo5CbxWit4979ii7EHczIpSeCVmSIKahI-rtXc33fJ8UrlurO42jz,20240307,川崎,1,F2,Ａ級チャレンジ一般,base_color_5_bk,base_color_5,5,,011990,茂木　和臣,,,埼　玉,A3,A3,追,68.27,0,0,1,2,0
qB0b7MkHtkbTo5CbxWit4979ii7EHczIpSeCVmSIKahI-rtXc33fJ8UrlurO42jz,20240307,川崎,1,F2,Ａ級チャレンジ一般,base_color_6_bk,base_color_6,6,,012783,平澤　秀信,,,北海道,A3,A3,追,65.93,0,0,0,0,0
qB0b7MkHtkbTo5CbxWit4817MhOXc37jGFjKKMrQM4kzRqxeDDwMvV0FuneuypTF,20240307,川崎,2,F2,Ａ級チャレンジ一般,base_color_1_bk,base_color_1,1,,012638,栗原　稔貴,,,栃　木,A3,A3,追,71.00,0,0,0,0,0
qB0b7MkHtkbTo5CbxWit4817MhOXc37jGFjKKMrQM4kzRqxeDDwMvV0FuneuypTF,20240307,川崎,2,F2,Ａ級チャレンジ一般,base_color_2_bk,base_color_2,2,,014650,佐藤　裕輝,,,福　島,A3,A3,逃,70.94,0,4,3,0,2
qB0b7MkHtkbTo5CbxWit4817MhOXc37jGFjKKMrQM4kzRqxeDDwMvV0FuneuypTF,20240307,川崎,2,F2,Ａ級チャレンジ一般,base_color_3_bk,base_color_3,3,,013456,小林　和彦,,,群　馬,A3,A3,両,70.61,0,1,3,0,1
qB0b7MkHtkbTo5CbxWit4817MhOXc37jGFjKKMrQM4kzRqxeDDwMvV0FuneuypTF,20240307,川崎,2,F2,Ａ級チャレンジ一般,base_color_4_bk,base_color_4,4,,013030,梶山　大輔,,,神奈川,A3,A3,追,69.46,0,0,1,1,0
qB0b7MkHtkbTo5CbxWit4817MhOXc37jGFjKKMrQM4kzRqxeDDwMvV0FuneuypTF,20240307,川崎,2,F2,Ａ級チャレンジ一般,base_color_5_bk,base_color_5,5,,013378,小田桐義継,,,北海道,A3,A3,追,68.43,0,0,4,1,0
qB0b7MkHtkbTo5CbxWit4817MhOXc37jGFjKKMrQM4kzRqxeDDwMvV0FuneuypTF,20240307,川崎,2,F2,Ａ級チャレンジ一般,base_color_6_bk,base_color_6,6,,013937,高田　隼人,,,千　葉,A3,A3,両,66.92,4,1,2,0,8
qB0b7MkHtkbTo5CbxWit42OcJ7TfsL-7EJ9lz_KbnMOAO1OEGf76QO_XzyRbTL26,20240307,川崎,3,F2,Ａ級チャレンジ選抜,base_color_1_bk,base_color_1,1,,013359,吉田　彰久,,,香　川,A2,A3,追,77.78,0,0,2,6,0
qB0b7MkHtkbTo5CbxWit42OcJ7TfsL-7EJ9lz_KbnMOAO1OEGf76QO_XzyRbTL26,20240307,川崎,3,F2,Ａ級チャレンジ選抜,base_color_2_bk,base_color_2,2,,015750,徳永　泰粋,,,熊　本,A3,A3,逃,74.61,4,5,3,0,6
qB0b7MkHtkbTo5CbxWit42OcJ7TfsL-7EJ9lz_KbnMOAO1OEGf76QO_XzyRbTL26,20240307,川崎,3,F2,Ａ級チャレンジ選抜,base_color_3_bk,base_color_3,3,,014407,森　佑樹,,,岡　山,A3,A3,逃,73.66,5,7,2,1,7
qB0b7MkHtkbTo5CbxWit42OcJ7TfsL-7EJ9lz_KbnMOAO1OEGf76QO_XzyRbTL26,20240307,川崎,3,F2,Ａ級チャレンジ選抜,base_color_4_bk,base_color_4,4,,012393,森山　昌昭,,,福　岡,A3,A3,追,68.10,0,0,2,0,0
qB0b7MkHtkbTo5CbxWit42OcJ7TfsL-7EJ9lz_KbnMOAO1OEGf76QO_XzyRbTL26,20240307,川崎,3,F2,Ａ級チャレンジ選抜,base_color_5_bk,base_color_5,5,,012982,上原　直樹,,,岡　山,A3,A3,追,67.27,0,0,3,0,1
qB0b7MkHtkbTo5CbxWit42OcJ7TfsL-7EJ9lz_KbnMOAO1OEGf76QO_XzyRbTL26,20240307,川崎,3,F2,Ａ級チャレンジ選抜,base_color_6_bk,base_color_6,6,,014015,米倉　剛志,,,千　葉,A3,A3,逃,64.95,1,2,1,0,7
qB0b7MkHtkbTo5CbxWit42OcJ7TfsL-7EJ9lz_KbnMOAO1OEGf76QO_XzyRbTL26,20240307,川崎,3,F2,Ａ級チャレンジ選抜,base_color_7_bk,base_color_7,7,,015686,高橋　海月,,,青　森,A3,A3,逃,64.22,1,0,1,0,6
qB0b7MkHtkbTo5CbxWit42144_XrKHUL--ZIyRrZLyogGtq4CoWRjefTyAtJOlBY,20240307,川崎,4,F2,Ａ級特一般,base_color_1_bk,base_color_1,1,,014008,甲斐　康昭,,,群　馬,A1,A1,追,86.44,0,0,3,3,0
qB0b7MkHtkbTo5CbxWit42144_XrKHUL--ZIyRrZLyogGtq4CoWRjefTyAtJOlBY,20240307,川崎,4,F2,Ａ級特一般,base_color_2_bk,base_color_2,2,,013512,長野　和弘,,,福　岡,A2,A2,追,85.47,0,0,4,2,0
qB0b7MkHtkbTo5CbxWit42144_XrKHUL--ZIyRrZLyogGtq4CoWRjefTyAtJOlBY,20240307,川崎,4,F2,Ａ級特一般,base_color_3_bk,base_color_3,3,,015481,山川　奨太,,,熊　本,A2,A2,逃,83.37,2,2,3,0,2
qB0b7MkHtkbTo5CbxWit42144_XrKHUL--ZIyRrZLyogGtq4CoWRjefTyAtJOlBY,20240307,川崎,4,F2,Ａ級特一般,base_color_4_bk,base_color_4,4,,013710,榎本　光男,,,静　岡,A2,A2,両,82.10,1,3,1,1,5
qB0b7MkHtkbTo5CbxWit42144_XrKHUL--ZIyRrZLyogGtq4CoWRjefTyAtJOlBY,20240307,川崎,4,F2,Ａ級特一般,base_color_5_bk,base_color_5,5,,014669,植木　和広,,,神奈川,A1,A2,追,82.09,0,0,4,1,0
qB0b7MkHtkbTo5CbxWit42144_XrKHUL--ZIyRrZLyogGtq4CoWRjefTyAtJOlBY,20240307,川崎,4,F2,Ａ級特一般,base_color_6_bk,base_color_6,6,,011734,濱口　健二,,,高　知,A2,A2,追,81.64,0,0,4,0,0
qB0b7MkHtkbTo5CbxWit42144_XrKHUL--ZIyRrZLyogGtq4CoWRjefTyAtJOlBY,20240307,川崎,4,F2,Ａ級特一般,base_color_7_bk,base_color_7,7,,013919,森田　達也,,,福　島,A2,A2,両,81.33,0,0,0,3,0
qB0b7MkHtkbTo5CbxWit4xm0EylDObeHUHAy6URVb3e9mzr8-LO6K1G4IyjC8GwL,20240307,川崎,5,F2,Ａ級特一般,base_color_1_bk,base_color_1,1,,011417,小川　巧,color_blue,追加,岡　山,A1,A2,追,87.33,0,0,4,1,0
qB0b7MkHtkbTo5CbxWit4xm0EylDObeHUHAy6URVb3e9mzr8-LO6K1G4IyjC8GwL,20240307,川崎,5,F2,Ａ級特一般,base_color_2_bk,base_color_2,2,,015280,藤井　將,,,広　島,A2,A1,両,86.88,0,5,3,1,3
qB0b7MkHtkbTo5CbxWit4xm0EylDObeHUHAy6URVb3e9mzr8-LO6K1G4IyjC8GwL,20240307,川崎,5,F2,Ａ級特一般,base_color_3_bk,base_color_3,3,,013520,高木　竜司,,,熊　本,A1,A1,追,86.66,0,0,5,1,0
qB0b7MkHtkbTo5CbxWit4xm0EylDObeHUHAy6URVb3e9mzr8-LO6K1G4IyjC8GwL,20240307,川崎,5,F2,Ａ級特一般,base_color_4_bk,base_color_4,4,,015557,梶原　大地,,,福　岡,A2,A1,逃,82.00,2,4,0,1,16
qB0b7MkHtkbTo5CbxWit4xm0EylDObeHUHAy6URVb3e9mzr8-LO6K1G4IyjC8GwL,20240307,川崎,5,F2,Ａ級特一般,base_color_5_bk,base_color_5,5,,012345,幸田　光博,,,栃　木,A2,A2,追,81.44,0,0,1,0,0
qB0b7MkHtkbTo5CbxWit4xm0EylDObeHUHAy6URVb3e9mzr8-LO6K1G4IyjC8GwL,20240307,川崎,5,F2,Ａ級特一般,base_color_6_bk,base_color_6,6,,014366,阿久津浩之,,,東　京,A3,A2,逃,80.77,7,0,2,1,12
qB0b7MkHtkbTo5CbxWit4xm0EylDObeHUHAy6URVb3e9mzr8-LO6K1G4IyjC8GwL,20240307,川崎,5,F2,Ａ級特一般,base_color_7_bk,base_color_7,7,,013713,丸山　勝也,,,静　岡,A3,A2,追,75.14,0,0,1,2,0
qB0b7MkHtkbTo5CbxWit4zrGKNmoaaHoAtoXpUFW7bE9DfXsqnviW3v2SG-766xb,20240307,川崎,6,F2,Ａ級特選,base_color_1_bk,base_color_1,1,,012823,遠藤　勝行,,,静　岡,A2,A2,追,86.77,0,0,4,5,0
qB0b7MkHtkbTo5CbxWit4zrGKNmoaaHoAtoXpUFW7bE9DfXsqnviW3v2SG-766xb,20240307,川崎,6,F2,Ａ級特選,base_color_2_bk,base_color_2,2,,015117,野崎　将史,,,岡　山,A2,A1,両,86.66,0,1,6,0,0
qB0b7MkHtkbTo5CbxWit4zrGKNmoaaHoAtoXpUFW7bE9DfXsqnviW3v2SG-766xb,20240307,川崎,6,F2,Ａ級特選,base_color_3_bk,base_color_3,3,,015599,堀　航輝,,,青　森,A2,A2,逃,86.38,4,3,0,0,11
qB0b7MkHtkbTo5CbxWit4zrGKNmoaaHoAtoXpUFW7bE9DfXsqnviW3v2SG-766xb,20240307,川崎,6,F2,Ａ級特選,base_color_4_bk,base_color_4,4,,013352,吉永　和生,,,広　島,A1,A2,追,86.27,0,1,4,1,0
qB0b7MkHtkbTo5CbxWit4zrGKNmoaaHoAtoXpUFW7bE9DfXsqnviW3v2SG-766xb,20240307,川崎,6,F2,Ａ級特選,base_color_5_bk,base_color_5,5,,013659,高比良　豪,color_blue,追加,福　岡,A1,A1,両,85.66,0,2,6,1,0
qB0b7MkHtkbTo5CbxWit4zrGKNmoaaHoAtoXpUFW7bE9DfXsqnviW3v2SG-766xb,20240307,川崎,6,F2,Ａ級特選,base_color_6_bk,base_color_6,6,,015091,樋口　瑛土,,,東　京,A1,A2,追,84.42,0,0,3,2,0
qB0b7MkHtkbTo5CbxWit4zrGKNmoaaHoAtoXpUFW7bE9DfXsqnviW3v2SG-766xb,20240307,川崎,6,F2,Ａ級特選,base_color_7_bk,base_color_7,7,,014125,坂本　昌宏,,,青　森,A2,A2,追,82.83,0,0,2,3,0
qB0b7MkHtkbTo5CbxWit42Gcd0O97N2fzEh6XNSXHhz1N6YBNST6fg3uM0iu7hBw,20240307,川崎,7,F2,Ａ級特選,base_color_1_bk,base_color_1,1,,013556,山信田　学,color_blue,追加,埼　玉,A1,A1,追,89.77,0,0,8,1,0
qB0b7MkHtkbTo5CbxWit42Gcd0O97N2fzEh6XNSXHhz1N6YBNST6fg3uM0iu7hBw,20240307,川崎,7,F2,Ａ級特選,base_color_2_bk,base_color_2,2,,015010,吉川　嘉斗,,,徳　島,A1,A2,追,88.00,0,0,4,2,0
qB0b7MkHtkbTo5CbxWit42Gcd0O97N2fzEh6XNSXHhz1N6YBNST6fg3uM0iu7hBw,20240307,川崎,7,F2,Ａ級特選,base_color_3_bk,base_color_3,3,,014205,日当　泰之,,,青　森,A1,A1,両,87.14,3,4,1,1,12
qB0b7MkHtkbTo5CbxWit42Gcd0O97N2fzEh6XNSXHhz1N6YBNST6fg3uM0iu7hBw,20240307,川崎,7,F2,Ａ級特選,base_color_4_bk,base_color_4,4,,013219,宮本　佳樹,color_blue,追加,香　川,A1,A1,追,86.80,0,1,5,3,0
qB0b7MkHtkbTo5CbxWit42Gcd0O97N2fzEh6XNSXHhz1N6YBNST6fg3uM0iu7hBw,20240307,川崎,7,F2,Ａ級特選,base_color_5_bk,base_color_5,5,,014412,宮崎　康司,,,香　川,A1,A1,両,84.69,4,0,5,1,4
qB0b7MkHtkbTo5CbxWit42Gcd0O97N2fzEh6XNSXHhz1N6YBNST6fg3uM0iu7hBw,20240307,川崎,7,F2,Ａ級特選,base_color_6_bk,base_color_6,6,,012800,豊田　一馬,,,群　馬,A2,A2,追,84.61,0,0,1,2,0
qB0b7MkHtkbTo5CbxWit42Gcd0O97N2fzEh6XNSXHhz1N6YBNST6fg3uM0iu7hBw,20240307,川崎,7,F2,Ａ級特選,base_color_7_bk,base_color_7,7,,013828,引地　正人,,,秋　田,A1,A1,逃,79.85,3,1,0,0,9
qB0b7MkHtkbTo5CbxWit43aJGCS4DghB0MX5dpHQQQw1_9SnrX69Qrtj1eoeaCAI,20240307,川崎,8,F2,Ａ級チャレンジ決勝,base_color_1_bk,base_color_1,1,,015712,松本　京太,,,静　岡,A3,A3,逃,78.44,7,6,0,0,12
qB0b7MkHtkbTo5CbxWit43aJGCS4DghB0MX5dpHQQQw1_9SnrX69Qrtj1eoeaCAI,20240307,川崎,8,F2,Ａ級チャレンジ決勝,base_color_2_bk,base_color_2,2,,015701,石田　典大,,,東　京,A3,A3,逃,78.10,11,2,0,0,14
qB0b7MkHtkbTo5CbxWit43aJGCS4DghB0MX5dpHQQQw1_9SnrX69Qrtj1eoeaCAI,20240307,川崎,8,F2,Ａ級チャレンジ決勝,base_color_3_bk,base_color_3,3,,014120,永田　修一,,,熊　本,A2,A3,追,75.83,0,0,1,5,0
qB0b7MkHtkbTo5CbxWit43aJGCS4DghB0MX5dpHQQQw1_9SnrX69Qrtj1eoeaCAI,20240307,川崎,8,F2,Ａ級チャレンジ決勝,base_color_4_bk,base_color_4,4,,013176,早川　成矢,,,埼　玉,A2,A3,両,75.57,0,2,2,1,0
qB0b7MkHtkbTo5CbxWit43aJGCS4DghB0MX5dpHQQQw1_9SnrX69Qrtj1eoeaCAI,20240307,川崎,8,F2,Ａ級チャレンジ決勝,base_color_5_bk,base_color_5,5,,013421,富澤　洋祐,,,静　岡,A2,A3,追,75.18,0,0,0,2,0
qB0b7MkHtkbTo5CbxWit43aJGCS4DghB0MX5dpHQQQw1_9SnrX69Qrtj1eoeaCAI,20240307,川崎,8,F2,Ａ級チャレンジ決勝,base_color_6_bk,base_color_6,6,,014526,渡辺　馨,,,神奈川,A3,A3,両,71.17,0,1,2,2,1
qB0b7MkHtkbTo5CbxWit43aJGCS4DghB0MX5dpHQQQw1_9SnrX69Qrtj1eoeaCAI,20240307,川崎,8,F2,Ａ級チャレンジ決勝,base_color_7_bk,base_color_7,7,,014777,竹村　達也,,,高　知,A3,A3,両,66.05,0,0,0,2,2
qB0b7MkHtkbTo5CbxWit4zFYUGxgFSNYgEPBHVhJLRmhPDct-BYTbAKcMt5_Oygb,20240307,川崎,9,F2,Ａ級決勝,base_color_1_bk,base_color_1,1,,013803,三ツ石康洋,,,徳　島,S2,A1,両,96.63,2,2,5,3,2
qB0b7MkHtkbTo5CbxWit4zFYUGxgFSNYgEPBHVhJLRmhPDct-BYTbAKcMt5_Oygb,20240307,川崎,9,F2,Ａ級決勝,base_color_2_bk,base_color_2,2,,014077,古屋　琢晶,,,山　梨,S2,A1,両,96.50,1,5,4,0,8
qB0b7MkHtkbTo5CbxWit4zFYUGxgFSNYgEPBHVhJLRmhPDct-BYTbAKcMt5_Oygb,20240307,川崎,9,F2,Ａ級決勝,base_color_3_bk,base_color_3,3,,015353,松坂　侑亮,,,神奈川,S2,A1,逃,96.08,10,2,0,0,15
qB0b7MkHtkbTo5CbxWit4zFYUGxgFSNYgEPBHVhJLRmhPDct-BYTbAKcMt5_Oygb,20240307,川崎,9,F2,Ａ級決勝,base_color_4_bk,base_color_4,4,,014528,落合　達彦,,,静　岡,S2,A1,追,94.68,0,0,6,2,0
qB0b7MkHtkbTo5CbxWit4zFYUGxgFSNYgEPBHVhJLRmhPDct-BYTbAKcMt5_Oygb,20240307,川崎,9,F2,Ａ級決勝,base_color_5_bk,base_color_5,5,,015015,野口　大誠,,,熊　本,A1,A1,両,90.35,0,1,1,2,0
qB0b7MkHtkbTo5CbxWit4zFYUGxgFSNYgEPBHVhJLRmhPDct-BYTbAKcMt5_Oygb,20240307,川崎,9,F2,Ａ級決勝,base_color_6_bk,base_color_6,6,,015047,加藤　健一,,,神奈川,A1,A1,逃,89.00,10,2,1,1,12
qB0b7MkHtkbTo5CbxWit4zFYUGxgFSNYgEPBHVhJLRmhPDct-BYTbAKcMt5_Oygb,20240307,川崎,9,F2,Ａ級決勝,base_color_7_bk,base_color_7,7,,014336,八尋　翔平,,,福　岡,A1,A2,追,86.50,0,0,1,0,0
r7c8N-lTlOenJOhe9NDy6IWTsAywjXIXSddMQ3joXlIoBf8TtJ8UIGz3UsojZ3gC,20240307,松阪,1,F2,Ａ級チャレンジ一般,base_color_1_bk,base_color_1,1,,013905,藤原　義晴,,,岩　手,A2,A3,追,72.53,0,0,4,0,1
r7c8N-lTlOenJOhe9NDy6IWTsAywjXIXSddMQ3joXlIoBf8TtJ8UIGz3UsojZ3gC,20240307,松阪,1,F2,Ａ級チャレンジ一般,base_color_2_bk,base_color_2,2,,014713,鈴木　裕斗,,,宮　城,A2,A3,両,70.28,0,2,3,0,3
r7c8N-lTlOenJOhe9NDy6IWTsAywjXIXSddMQ3joXlIoBf8TtJ8UIGz3UsojZ3gC,20240307,松阪,1,F2,Ａ級チャレンジ一般,base_color_3_bk,base_color_3,3,,013796,陶器　一馬,,,大　阪,A3,A3,追,69.47,0,1,1,0,0
r7c8N-lTlOenJOhe9NDy6IWTsAywjXIXSddMQ3joXlIoBf8TtJ8UIGz3UsojZ3gC,20240307,松阪,1,F2,Ａ級チャレンジ一般,base_color_4_bk,base_color_4,4,,012015,西田　潤,,,富　山,A3,A3,追,68.86,0,0,3,0,0
r7c8N-lTlOenJOhe9NDy6IWTsAywjXIXSddMQ3joXlIoBf8TtJ8UIGz3UsojZ3gC,20240307,松阪,1,F2,Ａ級チャレンジ一般,base_color_5_bk,base_color_5,5,,013795,井上　将志,,,大　阪,A3,A3,追,68.29,0,0,0,0,0
r7c8N-lTlOenJOhe9NDy6IWTsAywjXIXSddMQ3joXlIoBf8TtJ8UIGz3UsojZ3gC,20240307,松阪,1,F2,Ａ級チャレンジ一般,base_color_6_bk,base_color_6,6,,013547,土屋　宏,,,群　馬,A3,A3,追,67.50,0,0,0,0,0
r7c8N-lTlOenJOhe9NDy6IWTsAywjXIXSddMQ3joXlIoBf8TtJ8UIGz3UsojZ3gC,20240307,松阪,1,F2,Ａ級チャレンジ一般,base_color_7_bk,base_color_7,7,,011372,黒瀬　浩一,,,静　岡,A3,A3,追,66.66,0,0,0,0,0
r7c8N-lTlOenJOhe9NDy6O_tG-QSZaTEXC7LD5jjnZNATaxa9Lq-xtbBwMy4rK_J,20240307,松阪,2,F2,Ａ級チャレンジ一般,base_color_1_bk,base_color_1,1,,011622,杉山　正和,,,三　重,A2,A3,追,74.57,0,0,0,5,0
r7c8N-lTlOenJOhe9NDy6O_tG-QSZaTEXC7LD5jjnZNATaxa9Lq-xtbBwMy4rK_J,20240307,松阪,2,F2,Ａ級チャレンジ一般,base_color_2_bk,base_color_2,2,,013269,田島　高志,color_blue,追加,三　重,A3,A3,追,69.30,0,0,0,1,0
r7c8N-lTlOenJOhe9NDy6O_tG-QSZaTEXC7LD5jjnZNATaxa9Lq-xtbBwMy4rK_J,20240307,松阪,2,F2,Ａ級チャレンジ一般,base_color_3_bk,base_color_3,3,,014932,浦野　慈生,,,神奈川,A3,A3,逃,69.20,0,1,0,2,5
r7c8N-lTlOenJOhe9NDy6O_tG-QSZaTEXC7LD5jjnZNATaxa9Lq-xtbBwMy4rK_J,20240307,松阪,2,F2,Ａ級チャレンジ一般,base_color_4_bk,base_color_4,4,,013753,阿部　晃,color_blue,追加,宮　城,A3,A3,追,68.88,0,1,2,3,0
r7c8N-lTlOenJOhe9NDy6O_tG-QSZaTEXC7LD5jjnZNATaxa9Lq-xtbBwMy4rK_J,20240307,松阪,2,F2,Ａ級チャレンジ一般,base_color_5_bk,base_color_5,5,,012725,浦山　一栄,,,東　京,A3,A3,両,68.62,2,0,2,1,7
r7c8N-lTlOenJOhe9NDy6O_tG-QSZaTEXC7LD5jjnZNATaxa9Lq-xtbBwMy4rK_J,20240307,松阪,2,F2,Ａ級チャレンジ一般,base_color_6_bk,base_color_6,6,,012795,黒田　充,,,栃　木,A3,A3,追,67.25,0,0,0,0,0
r7c8N-lTlOenJOhe9NDy6O_tG-QSZaTEXC7LD5jjnZNATaxa9Lq-xtbBwMy4rK_J,20240307,松阪,2,F2,Ａ級チャレンジ一般,base_color_7_bk,base_color_7,7,,011802,岡崎　泰士,,,静　岡,A3,A3,追,65.77,0,0,1,0,0
r7c8N-lTlOenJOhe9NDy6HSEvNTjRTIOHTwgy7OdlRiyXcFupFm9RDAbCDvS6V76,20240307,松阪,3,F2,Ａ級チャレンジ選抜,base_color_1_bk,base_color_1,1,,015709,神尾　敬冬,,,静　岡,A3,A3,逃,76.90,7,9,0,0,9
r7c8N-lTlOenJOhe9NDy6HSEvNTjRTIOHTwgy7OdlRiyXcFupFm9RDAbCDvS6V76,20240307,松阪,3,F2,Ａ級チャレンジ選抜,base_color_2_bk,base_color_2,2,,014429,千澤　大輔,,,青　森,A2,A3,追,74.74,0,0,6,3,0
r7c8N-lTlOenJOhe9NDy6HSEvNTjRTIOHTwgy7OdlRiyXcFupFm9RDAbCDvS6V76,20240307,松阪,3,F2,Ａ級チャレンジ選抜,base_color_3_bk,base_color_3,3,,012005,藤田　和彦,,,神奈川,A2,A3,追,74.50,0,0,5,1,0
r7c8N-lTlOenJOhe9NDy6HSEvNTjRTIOHTwgy7OdlRiyXcFupFm9RDAbCDvS6V76,20240307,松阪,3,F2,Ａ級チャレンジ選抜,base_color_4_bk,base_color_4,4,,014595,瀧本　匡平,,,愛　知,A2,A3,逃,73.43,1,2,2,0,5
r7c8N-lTlOenJOhe9NDy6HSEvNTjRTIOHTwgy7OdlRiyXcFupFm9RDAbCDvS6V76,20240307,松阪,3,F2,Ａ級チャレンジ選抜,base_color_5_bk,base_color_5,5,,013080,阿部　利光,,,宮　城,A3,A3,追,71.81,0,0,6,4,0
r7c8N-lTlOenJOhe9NDy6HSEvNTjRTIOHTwgy7OdlRiyXcFupFm9RDAbCDvS6V76,20240307,松阪,3,F2,Ａ級チャレンジ選抜,base_color_6_bk,base_color_6,6,,013023,吉田　英二,color_blue,追加,東　京,A3,A3,追,69.89,0,0,3,0,0
r7c8N-lTlOenJOhe9NDy6HSEvNTjRTIOHTwgy7OdlRiyXcFupFm9RDAbCDvS6V76,20240307,松阪,3,F2,Ａ級チャレンジ選抜,base_color_7_bk,base_color_7,7,,015105,大崎龍一郎,,,滋　賀,A3,A3,両,67.09,0,0,1,1,0
r7c8N-lTlOenJOhe9NDy6A1DZKJzggsPih_jNm6WVimmhWGn0BkTKa-QJEUDJjvu,20240307,松阪,4,F2,Ａ級特一般,base_color_1_bk,base_color_1,1,,015255,樋口　開土,,,東　京,A1,A1,逃,84.33,7,1,1,0,10
r7c8N-lTlOenJOhe9NDy6A1DZKJzggsPih_jNm6WVimmhWGn0BkTKa-QJEUDJjvu,20240307,松阪,4,F2,Ａ級特一般,base_color_2_bk,base_color_2,2,,014069,渡邊　政幸,,,埼　玉,A2,A2,追,83.50,0,0,0,2,0
r7c8N-lTlOenJOhe9NDy6A1DZKJzggsPih_jNm6WVimmhWGn0BkTKa-QJEUDJjvu,20240307,松阪,4,F2,Ａ級特一般,base_color_3_bk,base_color_3,3,,014840,石貞　有基,color_blue,追加,兵　庫,A3,A1,両,80.77,0,0,1,3,0
r7c8N-lTlOenJOhe9NDy6A1DZKJzggsPih_jNm6WVimmhWGn0BkTKa-QJEUDJjvu,20240307,松阪,4,F2,Ａ級特一般,base_color_4_bk,base_color_4,4,,014596,中村　賢二,color_blue,補充,愛　知,A2,A2,両,80.59,0,0,3,3,0
r7c8N-lTlOenJOhe9NDy6A1DZKJzggsPih_jNm6WVimmhWGn0BkTKa-QJEUDJjvu,20240307,松阪,4,F2,Ａ級特一般,base_color_5_bk,base_color_5,5,,014753,山田　純也,,,岐　阜,A2,A2,両,79.33,3,0,0,0,7
r7c8N-lTlOenJOhe9NDy6A1DZKJzggsPih_jNm6WVimmhWGn0BkTKa-QJEUDJjvu,20240307,松阪,4,F2,Ａ級特一般,base_color_6_bk,base_color_6,6,,011364,遠澤　健二,,,神奈川,A3,A2,追,78.75,0,0,0,0,0
r7c8N-lTlOenJOhe9NDy6A1DZKJzggsPih_jNm6WVimmhWGn0BkTKa-QJEUDJjvu,20240307,松阪,4,F2,Ａ級特一般,base_color_7_bk,base_color_7,7,,012934,煤賀　隆幸,,,秋　田,A3,A2,追,76.09,0,0,2,1,0
r7c8N-lTlOenJOhe9NDy6CNx6CFCGM1l1IOeOwMoCmqoebBz1crQiUgHt1ZBx48-,20240307,松阪,5,F2,Ａ級特一般,base_color_1_bk,base_color_1,1,,014941,江端　隆司,,,福　井,A2,A2,逃,86.58,2,2,0,0,4
r7c8N-lTlOenJOhe9NDy6CNx6CFCGM1l1IOeOwMoCmqoebBz1crQiUgHt1ZBx48-,20240307,松阪,5,F2,Ａ級特一般,base_color_2_bk,base_color_2,2,,014988,伊早坂駿一,,,茨　城,A1,A2,逃,84.15,3,1,2,0,5
r7c8N-lTlOenJOhe9NDy6CNx6CFCGM1l1IOeOwMoCmqoebBz1crQiUgHt1ZBx48-,20240307,松阪,5,F2,Ａ級特一般,base_color_3_bk,base_color_3,3,,013384,金子　兼久,color_blue,追加,宮　城,A1,A1,追,84.04,0,0,1,2,0
r7c8N-lTlOenJOhe9NDy6CNx6CFCGM1l1IOeOwMoCmqoebBz1crQiUgHt1ZBx48-,20240307,松阪,5,F2,Ａ級特一般,base_color_4_bk,base_color_4,4,,014094,有馬　雄二,,,奈　良,A2,A2,追,83.16,0,0,1,3,0
r7c8N-lTlOenJOhe9NDy6CNx6CFCGM1l1IOeOwMoCmqoebBz1crQiUgHt1ZBx48-,20240307,松阪,5,F2,Ａ級特一般,base_color_5_bk,base_color_5,5,,012940,小室　貴広,,,茨　城,A3,A2,追,78.66,0,0,1,1,0
r7c8N-lTlOenJOhe9NDy6CNx6CFCGM1l1IOeOwMoCmqoebBz1crQiUgHt1ZBx48-,20240307,松阪,5,F2,Ａ級特一般,base_color_6_bk,base_color_6,6,,012530,池上　孝之,,,兵　庫,A3,A2,追,76.54,0,0,2,0,0
r7c8N-lTlOenJOhe9NDy6CNx6CFCGM1l1IOeOwMoCmqoebBz1crQiUgHt1ZBx48-,20240307,松阪,5,F2,Ａ級特一般,base_color_7_bk,base_color_7,7,,014027,臼井　昌巨,color_blue,補充,愛　知,A3,A2,両,75.25,4,1,0,1,6
r7c8N-lTlOenJOhe9NDy6D0i9KRLg8IKMjTgaujnR71RpLP4Wbs43kDcxXIAYIGk,20240307,松阪,6,F2,Ａ級特選,base_color_1_bk,base_color_1,1,,014867,巴　直也,,,神奈川,A1,A1,追,90.00,0,0,3,1,0
r7c8N-lTlOenJOhe9NDy6D0i9KRLg8IKMjTgaujnR71RpLP4Wbs43kDcxXIAYIGk,20240307,松阪,6,F2,Ａ級特選,base_color_2_bk,base_color_2,2,,012283,富永　益生,,,愛　知,A1,A1,追,89.06,0,0,5,4,0
r7c8N-lTlOenJOhe9NDy6D0i9KRLg8IKMjTgaujnR71RpLP4Wbs43kDcxXIAYIGk,20240307,松阪,6,F2,Ａ級特選,base_color_3_bk,base_color_3,3,,012861,小坂　敏之,,,栃　木,A1,A1,追,85.50,0,0,1,3,0
r7c8N-lTlOenJOhe9NDy6D0i9KRLg8IKMjTgaujnR71RpLP4Wbs43kDcxXIAYIGk,20240307,松阪,6,F2,Ａ級特選,base_color_4_bk,base_color_4,4,,014676,柳原　司,,,大　阪,A2,A2,両,83.66,0,0,3,3,0
r7c8N-lTlOenJOhe9NDy6D0i9KRLg8IKMjTgaujnR71RpLP4Wbs43kDcxXIAYIGk,20240307,松阪,6,F2,Ａ級特選,base_color_5_bk,base_color_5,5,,013723,高谷進太郎,color_blue,追加,三　重,A2,A2,両,83.55,0,2,3,2,0
r7c8N-lTlOenJOhe9NDy6D0i9KRLg8IKMjTgaujnR71RpLP4Wbs43kDcxXIAYIGk,20240307,松阪,6,F2,Ａ級特選,base_color_6_bk,base_color_6,6,,015538,村瀬　大和,,,岐　阜,A3,A2,逃,80.95,7,1,0,1,10
r7c8N-lTlOenJOhe9NDy6D0i9KRLg8IKMjTgaujnR71RpLP4Wbs43kDcxXIAYIGk,20240307,松阪,6,F2,Ａ級特選,base_color_7_bk,base_color_7,7,,015190,大中　拓磨,,,兵　庫,A2,A2,逃,79.88,2,1,1,0,17
r7c8N-lTlOenJOhe9NDy6PficPLfjHWr4c7fiQyOLAQOfoFcP-Bp4uLG4KkX3C9G,20240307,松阪,7,F2,Ａ級特選,base_color_1_bk,base_color_1,1,,013899,山田　和巧,,,神奈川,S2,A2,追,90.83,0,0,3,1,0
r7c8N-lTlOenJOhe9NDy6PficPLfjHWr4c7fiQyOLAQOfoFcP-Bp4uLG4KkX3C9G,20240307,松阪,7,F2,Ａ級特選,base_color_2_bk,base_color_2,2,,013119,松尾　淳,,,岐　阜,S2,A1,追,90.42,0,0,0,1,0
r7c8N-lTlOenJOhe9NDy6PficPLfjHWr4c7fiQyOLAQOfoFcP-Bp4uLG4KkX3C9G,20240307,松阪,7,F2,Ａ級特選,base_color_3_bk,base_color_3,3,,015534,牛田樹希斗,color_blue,追加,愛　知,A2,A2,逃,85.00,5,3,0,0,10
r7c8N-lTlOenJOhe9NDy6PficPLfjHWr4c7fiQyOLAQOfoFcP-Bp4uLG4KkX3C9G,20240307,松阪,7,F2,Ａ級特選,base_color_4_bk,base_color_4,4,,013560,小佐野文秀,,,山　梨,A2,A1,追,84.06,0,0,0,3,1
r7c8N-lTlOenJOhe9NDy6PficPLfjHWr4c7fiQyOLAQOfoFcP-Bp4uLG4KkX3C9G,20240307,松阪,7,F2,Ａ級特選,base_color_5_bk,base_color_5,5,,013426,本村　隆文,,,岐　阜,A2,A1,追,83.94,0,0,4,2,0
r7c8N-lTlOenJOhe9NDy6PficPLfjHWr4c7fiQyOLAQOfoFcP-Bp4uLG4KkX3C9G,20240307,松阪,7,F2,Ａ級特選,base_color_6_bk,base_color_6,6,,013273,西　徹,,,石　川,A2,A2,追,82.92,0,0,3,0,0
r7c8N-lTlOenJOhe9NDy6PficPLfjHWr4c7fiQyOLAQOfoFcP-Bp4uLG4KkX3C9G,20240307,松阪,7,F2,Ａ級特選,base_color_7_bk,base_color_7,7,,014979,黒川　渉,,,奈　良,A2,A2,逃,81.43,0,0,1,3,0
r7c8N-lTlOenJOhe9NDy6EtmHs394NUo4_rYqLRcmVDQQzy0q6SIHCLjZIyueMfm,20240307,松阪,8,F2,Ａ級チャレンジ決勝,base_color_1_bk,base_color_1,1,,015696,荒川　達郎,,,埼　玉,A3,A3,逃,78.90,5,5,0,0,7
r7c8N-lTlOenJOhe9NDy6EtmHs394NUo4_rYqLRcmVDQQzy0q6SIHCLjZIyueMfm,20240307,松阪,8,F2,Ａ級チャレンジ決勝,base_color_2_bk,base_color_2,2,,015716,尾方　祐仁,color_blue,追加,岐　阜,A3,A3,逃,78.17,10,7,1,1,15
r7c8N-lTlOenJOhe9NDy6EtmHs394NUo4_rYqLRcmVDQQzy0q6SIHCLjZIyueMfm,20240307,松阪,8,F2,Ａ級チャレンジ決勝,base_color_3_bk,base_color_3,3,,014807,福田　拓也,,,栃　木,A2,A3,追,78.15,0,0,1,4,0
r7c8N-lTlOenJOhe9NDy6EtmHs394NUo4_rYqLRcmVDQQzy0q6SIHCLjZIyueMfm,20240307,松阪,8,F2,Ａ級チャレンジ決勝,base_color_4_bk,base_color_4,4,,015724,村上　翔馬,color_blue,追加,兵　庫,A3,A3,逃,76.96,18,1,1,0,19
r7c8N-lTlOenJOhe9NDy6EtmHs394NUo4_rYqLRcmVDQQzy0q6SIHCLjZIyueMfm,20240307,松阪,8,F2,Ａ級チャレンジ決勝,base_color_5_bk,base_color_5,5,,015717,児玉虎之介,,,岐　阜,A3,A3,逃,75.71,12,2,0,0,17
r7c8N-lTlOenJOhe9NDy6EtmHs394NUo4_rYqLRcmVDQQzy0q6SIHCLjZIyueMfm,20240307,松阪,8,F2,Ａ級チャレンジ決勝,base_color_6_bk,base_color_6,6,,014382,伊藤　翼,color_blue,追加,神奈川,A2,A3,両,74.72,1,7,4,1,5
r7c8N-lTlOenJOhe9NDy6EtmHs394NUo4_rYqLRcmVDQQzy0q6SIHCLjZIyueMfm,20240307,松阪,8,F2,Ａ級チャレンジ決勝,base_color_7_bk,base_color_7,7,,014447,三木　翔太,,,群　馬,A3,A3,両,71.06,0,0,1,3,0
r7c8N-lTlOenJOhe9NDy6FKwneDLJrq3SX1LiViwJPqTAXb2MsJ2194_3lCaxIWB,20240307,松阪,9,F2,Ａ級決勝,base_color_1_bk,base_color_1,1,,015104,中川　勝貴,,,福　井,S2,A1,追,97.00,0,0,2,3,0
r7c8N-lTlOenJOhe9NDy6FKwneDLJrq3SX1LiViwJPqTAXb2MsJ2194_3lCaxIWB,20240307,松阪,9,F2,Ａ級決勝,base_color_2_bk,base_color_2,2,,013748,佐々木省司,,,青　森,S2,A1,追,92.35,0,0,5,1,0
r7c8N-lTlOenJOhe9NDy6FKwneDLJrq3SX1LiViwJPqTAXb2MsJ2194_3lCaxIWB,20240307,松阪,9,F2,Ａ級決勝,base_color_3_bk,base_color_3,3,,015344,荒木　貴大,,,埼　玉,A1,A1,逃,92.27,0,7,1,1,7
r7c8N-lTlOenJOhe9NDy6FKwneDLJrq3SX1LiViwJPqTAXb2MsJ2194_3lCaxIWB,20240307,松阪,9,F2,Ａ級決勝,base_color_4_bk,base_color_4,4,,012829,西浦　仙哉,,,三　重,A1,A1,両,90.50,0,2,0,0,0
r7c8N-lTlOenJOhe9NDy6FKwneDLJrq3SX1LiViwJPqTAXb2MsJ2194_3lCaxIWB,20240307,松阪,9,F2,Ａ級決勝,base_color_5_bk,base_color_5,5,,014479,金子　浩貴,,,京　都,A1,A1,追,88.84,0,0,4,4,0
r7c8N-lTlOenJOhe9NDy6FKwneDLJrq3SX1LiViwJPqTAXb2MsJ2194_3lCaxIWB,20240307,松阪,9,F2,Ａ級決勝,base_color_6_bk,base_color_6,6,,014813,新井僚太郎,,,山　梨,A2,A2,両,84.74,2,1,5,3,3
r7c8N-lTlOenJOhe9NDy6FKwneDLJrq3SX1LiViwJPqTAXb2MsJ2194_3lCaxIWB,20240307,松阪,9,F2,Ａ級決勝,base_color_7_bk,base_color_7,7,,013705,佐藤　有輝,color_blue,追加,神奈川,A2,A2,追,84.43,0,0,3,2,0
